([0], [9, 10, 13, 14], [(9, 10), (9, 13), (9, 13), (10, 14), (10, 14), (13, 14)])
([1], [7, 8, 11, 12], [(7, 8), (7, 11), (7, 11), (8, 12), (8, 12), (11, 12)])
([2], [7, 10, 11, 14], [(7, 11), (7, 11), (7, 14), (10, 11), (10, 14), (10, 14)])
([3], [6, 7, 10, 11], [(6, 10), (6, 10), (6, 7), (7, 11), (7, 11), (10, 11)])
([4], [5, 6, 9, 10], [(5, 9), (5, 9), (5, 6), (6, 10), (6, 10), (9, 10)])
([5], [6, 9, 10, 12], [(6, 10), (6, 10), (6, 12), (9, 10), (9, 12), (9, 12)])
([6], [9, 10, 13, 14], [(9, 10), (9, 13), (9, 13), (10, 14), (10, 14), (13, 14)])
([7], [5, 8, 9, 11], [(5, 9), (5, 9), (5, 11), (8, 9), (8, 11), (8, 11)])
([8], [6, 9, 10, 14], [(6, 10), (6, 10), (6, 14), (9, 10), (9, 14), (9, 14)])
([9], [8, 9, 11, 14], [(8, 9), (8, 11), (8, 11), (9, 14), (9, 14), (11, 14)])
([10], [4, 5, 8, 9], [(4, 8), (4, 8), (4, 5), (5, 9), (5, 9), (8, 9)])
([11], [8, 9, 12, 13], [(8, 9), (8, 12), (8, 12), (9, 13), (9, 13), (12, 13)])
([12], [7, 8, 10, 14], [(7, 8), (7, 10), (7, 10), (8, 14), (8, 14), (10, 14)])
([13], [7, 8, 10, 13], [(7, 8), (7, 10), (7, 10), (8, 13), (8, 13), (10, 13)])
([14], [8, 9, 12, 14], [(8, 9), (8, 14), (8, 14), (9, 12), (9, 12), (12, 14)])
([15], [8, 9, 11, 12], [(8, 9), (8, 11), (8, 11), (9, 12), (9, 12), (11, 12)])
([16], [3, 4, 7, 8], [(3, 4), (3, 7), (3, 7), (4, 8), (4, 8), (7, 8)])
([17], [4, 7, 8, 10], [(4, 8), (4, 8), (4, 10), (7, 8), (7, 10), (7, 10)])
([18], [5, 8, 9, 14], [(5, 9), (5, 9), (5, 14), (8, 9), (8, 14), (8, 14)])
([19], [4, 7, 8, 12], [(4, 8), (4, 8), (4, 12), (7, 8), (7, 12), (7, 12)])
([20], [6, 7, 9, 12], [(6, 9), (6, 9), (6, 7), (7, 12), (7, 12), (9, 12)])
([21], [3, 6, 7, 9], [(3, 9), (3, 7), (3, 7), (6, 9), (6, 9), (6, 7)])
([22], [8, 9, 13, 14], [(8, 9), (8, 13), (8, 13), (9, 14), (9, 14), (13, 14)])
([23], [7, 8, 12, 14], [(7, 8), (7, 14), (7, 14), (8, 12), (8, 12), (12, 14)])
([24], [7, 8, 11, 12], [(7, 8), (7, 12), (7, 12), (8, 11), (8, 11), (11, 12)])
([25], [7, 8, 9, 12], [(7, 8), (7, 9), (7, 9), (8, 12), (8, 12), (9, 12)])
([26], [5, 8, 9, 14], [(5, 9), (5, 9), (5, 14), (8, 9), (8, 14), (8, 14)])
([27], [6, 7, 9, 13], [(6, 9), (6, 9), (6, 7), (7, 13), (7, 13), (9, 13)])
([28], [2, 3, 6, 7], [(2, 3), (2, 6), (2, 6), (3, 7), (3, 7), (6, 7)])
([29], [5, 6, 8, 11], [(5, 8), (5, 8), (5, 6), (6, 11), (6, 11), (8, 11)])
([30], [6, 7, 11, 12], [(6, 12), (6, 12), (6, 7), (7, 11), (7, 11), (11, 12)])
([31], [6, 7, 8, 12], [(6, 8), (6, 8), (6, 7), (7, 12), (7, 12), (8, 12)])
([32], [7, 8, 11, 14], [(7, 8), (7, 14), (7, 14), (8, 11), (8, 11), (11, 14)])
([33], [4, 7, 8, 14], [(4, 8), (4, 8), (4, 14), (7, 8), (7, 14), (7, 14)])
([34], [1, 2, 5, 6], [(1, 2), (1, 5), (1, 5), (2, 6), (2, 6), (5, 6)])
([35], [2, 5, 6, 8], [(2, 8), (2, 6), (2, 6), (5, 8), (5, 8), (5, 6)])
([36], [7, 8, 10, 11], [(7, 8), (7, 11), (7, 11), (8, 10), (8, 10), (10, 11)])
([37], [7, 8, 11, 14], [(7, 8), (7, 11), (7, 11), (8, 14), (8, 14), (11, 14)])
([38], [3, 6, 7, 11], [(3, 11), (3, 7), (3, 7), (6, 11), (6, 11), (6, 7)])
([39], [5, 6, 8, 11], [(5, 8), (5, 8), (5, 6), (6, 11), (6, 11), (8, 11)])
([40], [6, 7, 10, 12], [(6, 12), (6, 12), (6, 7), (7, 10), (7, 10), (10, 12)])
([41], [7, 8, 13, 14], [(7, 8), (7, 13), (7, 13), (8, 14), (8, 14), (13, 14)])
([42], [1, 2, 4, 5], [(1, 2), (1, 4), (1, 4), (2, 5), (2, 5), (4, 5)])
([43], [1, 4, 5, 7], [(1, 5), (1, 5), (1, 7), (4, 5), (4, 7), (4, 7)])
([44], [0, 1, 4, 5], [(0, 1), (0, 4), (0, 4), (1, 5), (1, 5), (4, 5)])
([45], [7, 8, 10, 14], [(7, 8), (7, 10), (7, 10), (8, 14), (8, 14), (10, 14)])
([46], [6, 7, 10, 11], [(6, 11), (6, 11), (6, 7), (7, 10), (7, 10), (10, 11)])
([47], [6, 7, 9, 14], [(6, 14), (6, 14), (6, 7), (7, 9), (7, 9), (9, 14)])
([48], [4, 7, 8, 14], [(4, 8), (4, 8), (4, 14), (7, 8), (7, 14), (7, 14)])
([49], [3, 6, 7, 14], [(3, 7), (3, 7), (3, 14), (6, 14), (6, 14), (6, 7)])
([50], [2, 5, 6, 10], [(2, 10), (2, 6), (2, 6), (5, 10), (5, 10), (5, 6)])
([51], [4, 5, 7, 10], [(4, 5), (4, 7), (4, 7), (5, 10), (5, 10), (7, 10)])
([52], [6, 7, 11, 14], [(6, 11), (6, 11), (6, 7), (7, 14), (7, 14), (11, 14)])
([53], [7, 8, 11, 13], [(7, 8), (7, 11), (7, 11), (8, 13), (8, 13), (11, 13)])
([54], [5, 6, 9, 11], [(5, 11), (5, 11), (5, 6), (6, 9), (6, 9), (9, 11)])
([55], [4, 5, 7, 10], [(4, 5), (4, 7), (4, 7), (5, 10), (5, 10), (7, 10)])
([56], [6, 7, 11, 14], [(6, 11), (6, 11), (6, 7), (7, 14), (7, 14), (11, 14)])
([57], [7, 8, 12, 14], [(7, 8), (7, 14), (7, 14), (8, 12), (8, 12), (12, 14)])
([58], [5, 6, 9, 10], [(5, 10), (5, 10), (5, 6), (6, 9), (6, 9), (9, 10)])
([59], [5, 6, 7, 10], [(5, 6), (5, 7), (5, 7), (6, 10), (6, 10), (7, 10)])
([60], [6, 7, 10, 14], [(6, 14), (6, 14), (6, 7), (7, 10), (7, 10), (10, 14)])
([61], [5, 6, 8, 9], [(5, 9), (5, 9), (5, 6), (6, 8), (6, 8), (8, 9)])
([62], [4, 5, 6, 9], [(4, 5), (4, 6), (4, 6), (5, 9), (5, 9), (6, 9)])
([63], [4, 5, 8, 9], [(4, 9), (4, 9), (4, 5), (5, 8), (5, 8), (8, 9)])
([64], [5, 6, 9, 14], [(5, 9), (5, 9), (5, 6), (6, 14), (6, 14), (9, 14)])
([65], [5, 6, 8, 14], [(5, 14), (5, 14), (5, 6), (6, 8), (6, 8), (8, 14)])
([66], [4, 5, 8, 10], [(4, 10), (4, 10), (4, 5), (5, 8), (5, 8), (8, 10)])
([67], [5, 6, 10, 14], [(5, 10), (5, 10), (5, 6), (6, 14), (6, 14), (10, 14)])
([68], [5, 6, 8, 14], [(5, 14), (5, 14), (5, 6), (6, 8), (6, 8), (8, 14)])
([69], [6, 7, 12, 14], [(6, 14), (6, 14), (6, 7), (7, 12), (7, 12), (12, 14)])
([70], [6, 7, 9, 14], [(6, 14), (6, 14), (6, 7), (7, 9), (7, 9), (9, 14)])
([71], [6, 7, 11, 13], [(6, 11), (6, 11), (6, 7), (7, 13), (7, 13), (11, 13)])
([72], [6, 7, 10, 14], [(6, 10), (6, 10), (6, 7), (7, 14), (7, 14), (10, 14)])
([73], [6, 7, 12, 14], [(6, 14), (6, 14), (6, 7), (7, 12), (7, 12), (12, 14)])
([74], [6, 7, 9, 14], [(6, 14), (6, 14), (6, 7), (7, 9), (7, 9), (9, 14)])
([75], [3, 6, 7, 14], [(3, 7), (3, 7), (3, 14), (6, 14), (6, 14), (6, 7)])
([76], [1, 4, 5, 9], [(1, 9), (1, 5), (1, 5), (4, 9), (4, 9), (4, 5)])
([77], [2, 5, 6, 12], [(2, 6), (2, 6), (2, 12), (5, 12), (5, 12), (5, 6)])
([78], [3, 4, 6, 9], [(3, 4), (3, 6), (3, 6), (4, 9), (4, 9), (6, 9)])
([79], [3, 4, 6, 9], [(3, 4), (3, 6), (3, 6), (4, 9), (4, 9), (6, 9)])
([80], [7, 8, 13, 14], [(7, 8), (7, 13), (7, 13), (8, 14), (8, 14), (13, 14)])
([81], [0, 3, 4, 6], [(0, 4), (0, 4), (0, 6), (3, 4), (3, 6), (3, 6)])
([82], [1, 3, 4, 6], [(1, 4), (1, 4), (1, 6), (3, 4), (3, 6), (3, 6)])
([83], [2, 5, 6, 14], [(2, 6), (2, 6), (2, 14), (5, 14), (5, 14), (5, 6)])
([84], [3, 6, 7, 14], [(3, 7), (3, 7), (3, 14), (6, 14), (6, 14), (6, 7)])
([85], [5, 6, 8, 14], [(5, 14), (5, 14), (5, 6), (6, 8), (6, 8), (8, 14)])
([86], [5, 6, 9, 13], [(5, 9), (5, 9), (5, 6), (6, 13), (6, 13), (9, 13)])
([87], [4, 5, 8, 14], [(4, 8), (4, 8), (4, 5), (5, 14), (5, 14), (8, 14)])
([88], [5, 6, 8, 14], [(5, 8), (5, 8), (5, 6), (6, 14), (6, 14), (8, 14)])
([89], [5, 6, 12, 14], [(5, 14), (5, 14), (5, 6), (6, 12), (6, 12), (12, 14)])
([90], [4, 5, 9, 12], [(4, 9), (4, 9), (4, 5), (5, 12), (5, 12), (9, 12)])
([91], [3, 4, 7, 9], [(3, 9), (3, 9), (3, 4), (4, 7), (4, 7), (7, 9)])
([92], [4, 5, 7, 12], [(4, 12), (4, 12), (4, 5), (5, 7), (5, 7), (7, 12)])
([93], [3, 4, 7, 8], [(3, 8), (3, 8), (3, 4), (4, 7), (4, 7), (7, 8)])
([94], [3, 4, 5, 8], [(3, 4), (3, 5), (3, 5), (4, 8), (4, 8), (5, 8)])
([95], [2, 3, 5, 8], [(2, 3), (2, 5), (2, 5), (3, 8), (3, 8), (5, 8)])
([96], [0, 3, 4, 8], [(0, 8), (0, 4), (0, 4), (3, 8), (3, 8), (3, 4)])
([97], [2, 3, 5, 8], [(2, 3), (2, 5), (2, 5), (3, 8), (3, 8), (5, 8)])
([98], [1, 3, 4, 8], [(1, 4), (1, 4), (1, 8), (3, 8), (3, 8), (3, 4)])
([99], [2, 3, 5, 8], [(2, 3), (2, 5), (2, 5), (3, 8), (3, 8), (5, 8)])
([100], [6, 7, 13, 14], [(6, 13), (6, 13), (6, 7), (7, 14), (7, 14), (13, 14)])
([101], [5, 6, 12, 14], [(5, 14), (5, 14), (5, 6), (6, 12), (6, 12), (12, 14)])
([102], [6, 7, 11, 14], [(6, 14), (6, 14), (6, 7), (7, 11), (7, 11), (11, 14)])
([103], [1, 4, 5, 11], [(1, 5), (1, 5), (1, 11), (4, 11), (4, 11), (4, 5)])
([104], [4, 5, 7, 8], [(4, 8), (4, 8), (4, 5), (5, 7), (5, 7), (7, 8)])
([105], [5, 6, 7, 14], [(5, 14), (5, 14), (5, 6), (6, 7), (6, 7), (7, 14)])
([106], [6, 7, 12, 14], [(6, 14), (6, 14), (6, 7), (7, 12), (7, 12), (12, 14)])
([107], [5, 6, 8, 14], [(5, 14), (5, 14), (5, 6), (6, 8), (6, 8), (8, 14)])
([108], [4, 5, 7, 14], [(4, 5), (4, 14), (4, 14), (5, 7), (5, 7), (7, 14)])
([109], [6, 7, 11, 12], [(6, 12), (6, 12), (6, 7), (7, 11), (7, 11), (11, 12)])
([110], [6, 7, 13, 14], [(6, 13), (6, 13), (6, 7), (7, 14), (7, 14), (13, 14)])
([112], [3, 4, 6, 7], [(3, 4), (3, 7), (3, 7), (4, 6), (4, 6), (6, 7)])
([113], [3, 4, 7, 12], [(3, 4), (3, 7), (3, 7), (4, 12), (4, 12), (7, 12)])
([114], [2, 3, 6, 7], [(2, 3), (2, 7), (2, 7), (3, 6), (3, 6), (6, 7)])
([115], [3, 4, 6, 12], [(3, 12), (3, 12), (3, 4), (4, 6), (4, 6), (6, 12)])
([116], [4, 5, 7, 14], [(4, 5), (4, 7), (4, 7), (5, 14), (5, 14), (7, 14)])
([117], [4, 5, 6, 14], [(4, 5), (4, 14), (4, 14), (5, 6), (5, 6), (6, 14)])
([118], [5, 6, 11, 14], [(5, 14), (5, 14), (5, 6), (6, 11), (6, 11), (11, 14)])
([119], [5, 6, 13, 14], [(5, 13), (5, 13), (5, 6), (6, 14), (6, 14), (13, 14)])
([120], [4, 5, 10, 12], [(4, 12), (4, 12), (4, 5), (5, 10), (5, 10), (10, 12)])
([121], [4, 5, 12, 14], [(4, 5), (4, 14), (4, 14), (5, 12), (5, 12), (12, 14)])
([122], [5, 6, 11, 12], [(5, 12), (5, 12), (5, 6), (6, 11), (6, 11), (11, 12)])
([123], [6, 7, 11, 14], [(6, 11), (6, 11), (6, 7), (7, 14), (7, 14), (11, 14)])
([124], [5, 6, 7, 14], [(5, 14), (5, 14), (5, 6), (6, 7), (6, 7), (7, 14)])
([125], [5, 6, 12, 14], [(5, 14), (5, 14), (5, 6), (6, 12), (6, 12), (12, 14)])
([126], [4, 5, 7, 14], [(4, 5), (4, 14), (4, 14), (5, 7), (5, 7), (7, 14)])
([127], [4, 5, 7, 14], [(4, 5), (4, 14), (4, 14), (5, 7), (5, 7), (7, 14)])
([128], [5, 6, 8, 14], [(5, 14), (5, 14), (5, 6), (6, 8), (6, 8), (8, 14)])
([129], [4, 5, 8, 13], [(4, 8), (4, 8), (4, 5), (5, 13), (5, 13), (8, 13)])
([130], [2, 3, 6, 8], [(2, 8), (2, 8), (2, 3), (3, 6), (3, 6), (6, 8)])
([131], [1, 3, 4, 10], [(1, 4), (1, 4), (1, 10), (3, 10), (3, 10), (3, 4)])
([132], [6, 7, 13, 14], [(6, 13), (6, 13), (6, 7), (7, 14), (7, 14), (13, 14)])
([133], [1, 4, 5, 14], [(1, 5), (1, 5), (1, 14), (4, 5), (4, 14), (4, 14)])
([134], [2, 5, 6, 14], [(2, 6), (2, 6), (2, 14), (5, 14), (5, 14), (5, 6)])
([135], [1, 2, 4, 7], [(1, 2), (1, 4), (1, 4), (2, 7), (2, 7), (4, 7)])
([136], [2, 3, 6, 8], [(2, 8), (2, 8), (2, 3), (3, 6), (3, 6), (6, 8)])
([137], [1, 2, 4, 7], [(1, 2), (1, 4), (1, 4), (2, 7), (2, 7), (4, 7)])
([138], [0, 3, 4, 10], [(0, 4), (0, 4), (0, 10), (3, 4), (3, 10), (3, 10)])
([139], [5, 6, 11, 14], [(5, 14), (5, 14), (5, 6), (6, 11), (6, 11), (11, 14)])
([140], [6, 7, 12, 14], [(6, 12), (6, 12), (6, 7), (7, 14), (7, 14), (12, 14)])
([141], [3, 4, 8, 11], [(3, 8), (3, 8), (3, 4), (4, 11), (4, 11), (8, 11)])
([142], [3, 4, 6, 11], [(3, 11), (3, 11), (3, 4), (4, 6), (4, 6), (6, 11)])
([145], [2, 3, 4, 7], [(2, 3), (2, 4), (2, 4), (3, 7), (3, 7), (4, 7)])
([146], [5, 6, 13, 14], [(5, 13), (5, 13), (5, 6), (6, 14), (6, 14), (13, 14)])
([148], [1, 2, 3, 6], [(1, 2), (1, 3), (1, 3), (2, 6), (2, 6), (3, 6)])
([149], [2, 3, 5, 6], [(2, 3), (2, 6), (2, 6), (3, 5), (3, 5), (5, 6)])
([150], [1, 2, 3, 6], [(1, 2), (1, 3), (1, 3), (2, 6), (2, 6), (3, 6)])
([151], [5, 6, 13, 14], [(5, 13), (5, 13), (5, 6), (6, 14), (6, 14), (13, 14)])
([152], [5, 6, 11, 14], [(5, 14), (5, 14), (5, 6), (6, 11), (6, 11), (11, 14)])
([153], [4, 5, 12, 14], [(4, 5), (4, 14), (4, 14), (5, 12), (5, 12), (12, 14)])
([154], [5, 6, 12, 14], [(5, 12), (5, 12), (5, 6), (6, 14), (6, 14), (12, 14)])
([155], [4, 5, 11, 14], [(4, 11), (4, 11), (4, 5), (5, 14), (5, 14), (11, 14)])
([157], [4, 5, 13, 14], [(4, 5), (4, 13), (4, 13), (5, 14), (5, 14), (13, 14)])
([158], [4, 5, 11, 12], [(4, 12), (4, 12), (4, 5), (5, 11), (5, 11), (11, 12)])
([159], [4, 5, 11, 14], [(4, 5), (4, 14), (4, 14), (5, 11), (5, 11), (11, 14)])
([160], [3, 4, 10, 12], [(3, 12), (3, 12), (3, 4), (4, 10), (4, 10), (10, 12)])
([161], [2, 3, 5, 10], [(2, 10), (2, 10), (2, 3), (3, 5), (3, 5), (5, 10)])
([162], [0, 3, 4, 14], [(0, 4), (0, 4), (0, 14), (3, 4), (3, 14), (3, 14)])
([163], [4, 5, 9, 14], [(4, 5), (4, 14), (4, 14), (5, 9), (5, 9), (9, 14)])
([164], [5, 6, 10, 14], [(5, 14), (5, 14), (5, 6), (6, 10), (6, 10), (10, 14)])
([165], [6, 7, 11, 13], [(6, 11), (6, 11), (6, 7), (7, 13), (7, 13), (11, 13)])
([166], [5, 6, 11, 14], [(5, 11), (5, 11), (5, 6), (6, 14), (6, 14), (11, 14)])
([168], [3, 4, 6, 14], [(3, 4), (3, 14), (3, 14), (4, 6), (4, 6), (6, 14)])
([169], [3, 4, 9, 11], [(3, 11), (3, 11), (3, 4), (4, 9), (4, 9), (9, 11)])
([170], [2, 3, 5, 10], [(2, 10), (2, 10), (2, 3), (3, 5), (3, 5), (5, 10)])
([171], [2, 3, 5, 11], [(2, 11), (2, 11), (2, 3), (3, 5), (3, 5), (5, 11)])
([172], [4, 5, 7, 14], [(4, 5), (4, 14), (4, 14), (5, 7), (5, 7), (7, 14)])
([174], [2, 5, 6, 14], [(2, 6), (2, 6), (2, 14), (5, 14), (5, 14), (5, 6)])
([175], [1, 4, 5, 14], [(1, 5), (1, 5), (1, 14), (4, 5), (4, 14), (4, 14)])
([176], [4, 5, 6, 14], [(4, 5), (4, 14), (4, 14), (5, 6), (5, 6), (6, 14)])
([177], [3, 4, 6, 14], [(3, 4), (3, 14), (3, 14), (4, 6), (4, 6), (6, 14)])
([178], [4, 5, 7, 14], [(4, 5), (4, 14), (4, 14), (5, 7), (5, 7), (7, 14)])
([182], [2, 3, 7, 10], [(2, 3), (2, 7), (2, 7), (3, 10), (3, 10), (7, 10)])
([183], [2, 3, 7, 10], [(2, 3), (2, 7), (2, 7), (3, 10), (3, 10), (7, 10)])
([184], [2, 3, 6, 11], [(2, 3), (2, 6), (2, 6), (3, 11), (3, 11), (6, 11)])
([185], [3, 4, 6, 12], [(3, 4), (3, 6), (3, 6), (4, 12), (4, 12), (6, 12)])
([186], [3, 4, 5, 12], [(3, 12), (3, 12), (3, 4), (4, 5), (4, 5), (5, 12)])
([187], [1, 2, 5, 6], [(1, 2), (1, 6), (1, 6), (2, 5), (2, 5), (5, 6)])
([188], [3, 4, 7, 11], [(3, 4), (3, 7), (3, 7), (4, 11), (4, 11), (7, 11)])
([189], [5, 6, 12, 14], [(5, 12), (5, 12), (5, 6), (6, 14), (6, 14), (12, 14)])
([191], [5, 6, 10, 12], [(5, 12), (5, 12), (5, 6), (6, 10), (6, 10), (10, 12)])
([192], [1, 2, 5, 6], [(1, 2), (1, 6), (1, 6), (2, 5), (2, 5), (5, 6)])
([193], [1, 3, 4, 14], [(1, 4), (1, 4), (1, 14), (3, 4), (3, 14), (3, 14)])
([194], [6, 7, 12, 14], [(6, 12), (6, 12), (6, 7), (7, 14), (7, 14), (12, 14)])
([195], [1, 2, 4, 5], [(1, 2), (1, 5), (1, 5), (2, 4), (2, 4), (4, 5)])
([196], [4, 5, 11, 14], [(4, 5), (4, 14), (4, 14), (5, 11), (5, 11), (11, 14)])
([197], [4, 5, 13, 14], [(4, 5), (4, 13), (4, 13), (5, 14), (5, 14), (13, 14)])
([198], [3, 4, 10, 12], [(3, 12), (3, 12), (3, 4), (4, 10), (4, 10), (10, 12)])
([199], [3, 4, 6, 14], [(3, 4), (3, 14), (3, 14), (4, 6), (4, 6), (6, 14)])
([201], [4, 5, 6, 14], [(4, 5), (4, 14), (4, 14), (5, 6), (5, 6), (6, 14)])
([202], [4, 5, 10, 14], [(4, 5), (4, 14), (4, 14), (5, 10), (5, 10), (10, 14)])
([203], [4, 5, 12, 14], [(4, 12), (4, 12), (4, 5), (5, 14), (5, 14), (12, 14)])
([204], [4, 5, 8, 14], [(4, 5), (4, 14), (4, 14), (5, 8), (5, 8), (8, 14)])
([205], [3, 4, 8, 14], [(3, 4), (3, 14), (3, 14), (4, 8), (4, 8), (8, 14)])
([206], [3, 4, 9, 14], [(3, 4), (3, 14), (3, 14), (4, 9), (4, 9), (9, 14)])
([211], [0, 3, 4, 14], [(0, 4), (0, 4), (0, 14), (3, 4), (3, 14), (3, 14)])
([212], [2, 3, 5, 14], [(2, 3), (2, 14), (2, 14), (3, 5), (3, 5), (5, 14)])
([213], [2, 3, 6, 10], [(2, 3), (2, 6), (2, 6), (3, 10), (3, 10), (6, 10)])
([214], [3, 4, 9, 10], [(3, 4), (3, 10), (3, 10), (4, 9), (4, 9), (9, 10)])
([215], [1, 2, 5, 10], [(1, 2), (1, 5), (1, 5), (2, 10), (2, 10), (5, 10)])
([216], [2, 3, 8, 10], [(2, 10), (2, 10), (2, 3), (3, 8), (3, 8), (8, 10)])
([217], [5, 6, 12, 14], [(5, 12), (5, 12), (5, 6), (6, 14), (6, 14), (12, 14)])
([218], [5, 6, 10, 14], [(5, 10), (5, 10), (5, 6), (6, 14), (6, 14), (10, 14)])
([219], [4, 5, 10, 12], [(4, 12), (4, 12), (4, 5), (5, 10), (5, 10), (10, 12)])
([221], [2, 3, 8, 10], [(2, 10), (2, 10), (2, 3), (3, 8), (3, 8), (8, 10)])
([222], [1, 2, 4, 10], [(1, 2), (1, 10), (1, 10), (2, 4), (2, 4), (4, 10)])
([223], [3, 4, 5, 14], [(3, 4), (3, 14), (3, 14), (4, 5), (4, 5), (5, 14)])
([224], [2, 3, 4, 11], [(2, 11), (2, 11), (2, 3), (3, 4), (3, 4), (4, 11)])
([225], [1, 2, 5, 10], [(1, 2), (1, 5), (1, 5), (2, 10), (2, 10), (5, 10)])
([226], [5, 6, 12, 14], [(5, 14), (5, 14), (5, 6), (6, 12), (6, 12), (12, 14)])
([227], [5, 6, 12, 14], [(5, 12), (5, 12), (5, 6), (6, 14), (6, 14), (12, 14)])
([229], [4, 5, 12, 14], [(4, 12), (4, 12), (4, 5), (5, 14), (5, 14), (12, 14)])
([230], [2, 3, 5, 14], [(2, 3), (2, 14), (2, 14), (3, 5), (3, 5), (5, 14)])
([231], [1, 2, 4, 10], [(1, 2), (1, 10), (1, 10), (2, 4), (2, 4), (4, 10)])
([232], [2, 3, 5, 14], [(2, 3), (2, 14), (2, 14), (3, 5), (3, 5), (5, 14)])
([233], [2, 3, 9, 11], [(2, 11), (2, 11), (2, 3), (3, 9), (3, 9), (9, 11)])
([236], [3, 4, 6, 14], [(3, 4), (3, 14), (3, 14), (4, 6), (4, 6), (6, 14)])
([237], [5, 6, 12, 14], [(5, 12), (5, 12), (5, 6), (6, 14), (6, 14), (12, 14)])
([238], [4, 5, 11, 14], [(4, 11), (4, 11), (4, 5), (5, 14), (5, 14), (11, 14)])
([239], [2, 3, 5, 11], [(2, 3), (2, 5), (2, 5), (3, 11), (3, 11), (5, 11)])
([240], [4, 5, 7, 14], [(4, 5), (4, 14), (4, 14), (5, 7), (5, 7), (7, 14)])
([241], [1, 4, 5, 14], [(1, 5), (1, 5), (1, 14), (4, 5), (4, 14), (4, 14)])
([242], [1, 3, 4, 14], [(1, 4), (1, 4), (1, 14), (3, 4), (3, 14), (3, 14)])
([244], [3, 4, 10, 14], [(3, 4), (3, 10), (3, 10), (4, 14), (4, 14), (10, 14)])
([246], [3, 4, 11, 14], [(3, 11), (3, 11), (3, 4), (4, 14), (4, 14), (11, 14)])
([247], [1, 2, 4, 5], [(1, 2), (1, 5), (1, 5), (2, 4), (2, 4), (4, 5)])
([248], [5, 6, 11, 13], [(5, 11), (5, 11), (5, 6), (6, 13), (6, 13), (11, 13)])
([249], [4, 5, 8, 14], [(4, 5), (4, 14), (4, 14), (5, 8), (5, 8), (8, 14)])
([250], [3, 4, 6, 14], [(3, 4), (3, 14), (3, 14), (4, 6), (4, 6), (6, 14)])
([251], [3, 4, 6, 14], [(3, 4), (3, 14), (3, 14), (4, 6), (4, 6), (6, 14)])
([252], [4, 5, 12, 14], [(4, 5), (4, 14), (4, 14), (5, 12), (5, 12), (12, 14)])
([254], [5, 6, 12, 14], [(5, 12), (5, 12), (5, 6), (6, 14), (6, 14), (12, 14)])
([256], [4, 5, 12, 14], [(4, 5), (4, 14), (4, 14), (5, 12), (5, 12), (12, 14)])
([257], [1, 2, 5, 9], [(1, 2), (1, 5), (1, 5), (2, 9), (2, 9), (5, 9)])
([258], [1, 2, 4, 10], [(1, 2), (1, 4), (1, 4), (2, 10), (2, 10), (4, 10)])
([259], [1, 2, 8, 10], [(1, 2), (1, 10), (1, 10), (2, 8), (2, 8), (8, 10)])
([262], [3, 4, 12, 14], [(3, 12), (3, 12), (3, 4), (4, 14), (4, 14), (12, 14)])
([263], [3, 4, 7, 14], [(3, 4), (3, 14), (3, 14), (4, 7), (4, 7), (7, 14)])
([264], [2, 3, 7, 14], [(2, 3), (2, 14), (2, 14), (3, 7), (3, 7), (7, 14)])
([265], [2, 3, 7, 14], [(2, 3), (2, 14), (2, 14), (3, 7), (3, 7), (7, 14)])
([266], [2, 3, 8, 14], [(2, 3), (2, 14), (2, 14), (3, 8), (3, 8), (8, 14)])
([267], [1, 2, 4, 14], [(1, 2), (1, 14), (1, 14), (2, 4), (2, 4), (4, 14)])
([268], [1, 2, 3, 10], [(1, 2), (1, 10), (1, 10), (2, 3), (2, 3), (3, 10)])
([269], [1, 2, 8, 10], [(1, 2), (1, 10), (1, 10), (2, 8), (2, 8), (8, 10)])
([270], [3, 4, 8, 14], [(3, 4), (3, 14), (3, 14), (4, 8), (4, 8), (8, 14)])
([274], [0, 3, 4, 14], [(0, 4), (0, 4), (0, 14), (3, 4), (3, 14), (3, 14)])
([275], [2, 3, 5, 14], [(2, 3), (2, 14), (2, 14), (3, 5), (3, 5), (5, 14)])
([277], [2, 3, 8, 9], [(2, 3), (2, 9), (2, 9), (3, 8), (3, 8), (8, 9)])
([278], [1, 2, 5, 9], [(1, 2), (1, 5), (1, 5), (2, 9), (2, 9), (5, 9)])
([279], [1, 2, 4, 10], [(1, 2), (1, 4), (1, 4), (2, 10), (2, 10), (4, 10)])
([280], [3, 4, 9, 14], [(3, 9), (3, 9), (3, 4), (4, 14), (4, 14), (9, 14)])
([281], [3, 4, 12, 14], [(3, 12), (3, 12), (3, 4), (4, 14), (4, 14), (12, 14)])
([282], [3, 4, 11, 14], [(3, 11), (3, 11), (3, 4), (4, 14), (4, 14), (11, 14)])
([283], [2, 3, 10, 14], [(2, 10), (2, 10), (2, 3), (3, 14), (3, 14), (10, 14)])
([284], [5, 6, 12, 14], [(5, 12), (5, 12), (5, 6), (6, 14), (6, 14), (12, 14)])
([285], [5, 6, 10, 14], [(5, 10), (5, 10), (5, 6), (6, 14), (6, 14), (10, 14)])
([286], [4, 5, 12, 14], [(4, 12), (4, 12), (4, 5), (5, 14), (5, 14), (12, 14)])
([289], [4, 5, 12, 14], [(4, 12), (4, 12), (4, 5), (5, 14), (5, 14), (12, 14)])
([290], [3, 4, 9, 14], [(3, 4), (3, 14), (3, 14), (4, 9), (4, 9), (9, 14)])
([291], [4, 5, 10, 14], [(4, 5), (4, 14), (4, 14), (5, 10), (5, 10), (10, 14)])
([295], [2, 3, 4, 14], [(2, 3), (2, 14), (2, 14), (3, 4), (3, 4), (4, 14)])
([296], [2, 3, 9, 11], [(2, 11), (2, 11), (2, 3), (3, 9), (3, 9), (9, 11)])
([297], [1, 2, 3, 10], [(1, 2), (1, 10), (1, 10), (2, 3), (2, 3), (3, 10)])
([300], [2, 3, 9, 14], [(2, 3), (2, 9), (2, 9), (3, 14), (3, 14), (9, 14)])
([301], [2, 3, 9, 14], [(2, 9), (2, 9), (2, 3), (3, 14), (3, 14), (9, 14)])
([302], [4, 5, 9, 14], [(4, 5), (4, 14), (4, 14), (5, 9), (5, 9), (9, 14)])
([303], [2, 3, 5, 14], [(2, 3), (2, 14), (2, 14), (3, 5), (3, 5), (5, 14)])
([304], [1, 2, 4, 14], [(1, 2), (1, 14), (1, 14), (2, 4), (2, 4), (4, 14)])
([305], [2, 3, 5, 14], [(2, 3), (2, 14), (2, 14), (3, 5), (3, 5), (5, 14)])
([306], [4, 5, 10, 14], [(4, 10), (4, 10), (4, 5), (5, 14), (5, 14), (10, 14)])
([307], [4, 5, 11, 13], [(4, 11), (4, 11), (4, 5), (5, 13), (5, 13), (11, 13)])
([308], [3, 4, 8, 12], [(3, 12), (3, 12), (3, 4), (4, 8), (4, 8), (8, 12)])
([309], [3, 4, 5, 14], [(3, 4), (3, 14), (3, 14), (4, 5), (4, 5), (5, 14)])
([311], [4, 5, 12, 14], [(4, 12), (4, 12), (4, 5), (5, 14), (5, 14), (12, 14)])
([313], [5, 6, 10, 13], [(5, 10), (5, 10), (5, 6), (6, 13), (6, 13), (10, 13)])
([314], [1, 3, 4, 14], [(1, 4), (1, 4), (1, 14), (3, 4), (3, 14), (3, 14)])
([316], [1, 4, 5, 14], [(1, 5), (1, 5), (1, 14), (4, 5), (4, 14), (4, 14)])
([321], [2, 3, 8, 14], [(2, 8), (2, 8), (2, 3), (3, 14), (3, 14), (8, 14)])
([322], [2, 3, 7, 12], [(2, 3), (2, 12), (2, 12), (3, 7), (3, 7), (7, 12)])
([323], [1, 2, 7, 8], [(1, 8), (1, 8), (1, 2), (2, 7), (2, 7), (7, 8)])
([324], [1, 2, 7, 8], [(1, 8), (1, 8), (1, 2), (2, 7), (2, 7), (7, 8)])
([325], [5, 6, 10, 14], [(5, 10), (5, 10), (5, 6), (6, 14), (6, 14), (10, 14)])
([326], [4, 5, 10, 13], [(4, 10), (4, 10), (4, 5), (5, 13), (5, 13), (10, 13)])
([328], [2, 3, 12, 14], [(2, 3), (2, 12), (2, 12), (3, 14), (3, 14), (12, 14)])
([329], [2, 3, 7, 14], [(2, 3), (2, 14), (2, 14), (3, 7), (3, 7), (7, 14)])
([330], [2, 3, 8, 14], [(2, 3), (2, 14), (2, 14), (3, 8), (3, 8), (8, 14)])
([331], [1, 2, 7, 14], [(1, 2), (1, 14), (1, 14), (2, 7), (2, 7), (7, 14)])
([332], [1, 2, 7, 14], [(1, 2), (1, 14), (1, 14), (2, 7), (2, 7), (7, 14)])
([333], [1, 2, 8, 10], [(1, 2), (1, 10), (1, 10), (2, 8), (2, 8), (8, 10)])
([334], [1, 2, 3, 14], [(1, 2), (1, 14), (1, 14), (2, 3), (2, 3), (3, 14)])
([336], [3, 4, 7, 14], [(3, 4), (3, 14), (3, 14), (4, 7), (4, 7), (7, 14)])
([337], [3, 4, 12, 14], [(3, 4), (3, 14), (3, 14), (4, 12), (4, 12), (12, 14)])
([338], [3, 4, 8, 14], [(3, 4), (3, 14), (3, 14), (4, 8), (4, 8), (8, 14)])
([339], [3, 4, 8, 14], [(3, 4), (3, 14), (3, 14), (4, 8), (4, 8), (8, 14)])
([344], [2, 3, 5, 14], [(2, 3), (2, 14), (2, 14), (3, 5), (3, 5), (5, 14)])
([345], [3, 4, 7, 14], [(3, 4), (3, 14), (3, 14), (4, 7), (4, 7), (7, 14)])
([346], [2, 3, 5, 14], [(2, 3), (2, 14), (2, 14), (3, 5), (3, 5), (5, 14)])
([347], [3, 4, 6, 14], [(3, 4), (3, 14), (3, 14), (4, 6), (4, 6), (6, 14)])
([348], [2, 3, 5, 14], [(2, 3), (2, 14), (2, 14), (3, 5), (3, 5), (5, 14)])
([349], [3, 4, 10, 14], [(3, 4), (3, 10), (3, 10), (4, 14), (4, 14), (10, 14)])
([350], [4, 5, 12, 14], [(4, 5), (4, 14), (4, 14), (5, 12), (5, 12), (12, 14)])
([351], [4, 5, 10, 14], [(4, 10), (4, 10), (4, 5), (5, 14), (5, 14), (10, 14)])
([353], [1, 2, 9, 14], [(1, 9), (1, 9), (1, 2), (2, 14), (2, 14), (9, 14)])
([354], [2, 3, 12, 14], [(2, 3), (2, 12), (2, 12), (3, 14), (3, 14), (12, 14)])
([356], [3, 4, 9, 13], [(3, 9), (3, 9), (3, 4), (4, 13), (4, 13), (9, 13)])
([358], [3, 4, 12, 14], [(3, 12), (3, 12), (3, 4), (4, 14), (4, 14), (12, 14)])
([359], [2, 3, 10, 14], [(2, 10), (2, 10), (2, 3), (3, 14), (3, 14), (10, 14)])
([360], [4, 5, 12, 14], [(4, 12), (4, 12), (4, 5), (5, 14), (5, 14), (12, 14)])
([361], [3, 4, 12, 14], [(3, 4), (3, 14), (3, 14), (4, 12), (4, 12), (12, 14)])
([363], [2, 3, 6, 14], [(2, 3), (2, 14), (2, 14), (3, 6), (3, 6), (6, 14)])
([364], [2, 3, 6, 14], [(2, 3), (2, 14), (2, 14), (3, 6), (3, 6), (6, 14)])
([367], [2, 3, 12, 14], [(2, 3), (2, 12), (2, 12), (3, 14), (3, 14), (12, 14)])
([371], [1, 2, 9, 14], [(1, 9), (1, 9), (1, 2), (2, 14), (2, 14), (9, 14)])
([373], [4, 5, 12, 14], [(4, 5), (4, 14), (4, 14), (5, 12), (5, 12), (12, 14)])
([374], [3, 4, 12, 14], [(3, 12), (3, 12), (3, 4), (4, 14), (4, 14), (12, 14)])
([375], [3, 4, 12, 14], [(3, 12), (3, 12), (3, 4), (4, 14), (4, 14), (12, 14)])
([376], [4, 5, 12, 14], [(4, 12), (4, 12), (4, 5), (5, 14), (5, 14), (12, 14)])
([377], [1, 2, 8, 10], [(1, 2), (1, 10), (1, 10), (2, 8), (2, 8), (8, 10)])
([378], [1, 2, 3, 14], [(1, 2), (1, 14), (1, 14), (2, 3), (2, 3), (3, 14)])
([379], [1, 2, 4, 14], [(1, 2), (1, 14), (1, 14), (2, 4), (2, 4), (4, 14)])
([381], [4, 5, 11, 14], [(4, 5), (4, 14), (4, 14), (5, 11), (5, 11), (11, 14)])
([382], [0, 3, 4, 14], [(0, 4), (0, 4), (0, 14), (3, 4), (3, 14), (3, 14)])
([385], [5, 6, 12, 14], [(5, 12), (5, 12), (5, 6), (6, 14), (6, 14), (12, 14)])
([386], [4, 5, 12, 14], [(4, 12), (4, 12), (4, 5), (5, 14), (5, 14), (12, 14)])
([387], [3, 4, 5, 14], [(3, 4), (3, 14), (3, 14), (4, 5), (4, 5), (5, 14)])
([390], [2, 3, 4, 14], [(2, 3), (2, 14), (2, 14), (3, 4), (3, 4), (4, 14)])
([391], [1, 2, 4, 14], [(1, 2), (1, 14), (1, 14), (2, 4), (2, 4), (4, 14)])
([392], [1, 3, 4, 14], [(1, 4), (1, 4), (1, 14), (3, 4), (3, 14), (3, 14)])
([397], [2, 3, 12, 14], [(2, 3), (2, 12), (2, 12), (3, 14), (3, 14), (12, 14)])
([398], [2, 3, 7, 14], [(2, 3), (2, 14), (2, 14), (3, 7), (3, 7), (7, 14)])
([399], [1, 2, 7, 14], [(1, 2), (1, 14), (1, 14), (2, 7), (2, 7), (7, 14)])
([400], [1, 2, 7, 14], [(1, 2), (1, 14), (1, 14), (2, 7), (2, 7), (7, 14)])
([403], [4, 5, 12, 14], [(4, 12), (4, 12), (4, 5), (5, 14), (5, 14), (12, 14)])
([404], [4, 5, 12, 14], [(4, 12), (4, 12), (4, 5), (5, 14), (5, 14), (12, 14)])
([411], [2, 3, 12, 14], [(2, 3), (2, 14), (2, 14), (3, 12), (3, 12), (12, 14)])
([413], [2, 3, 6, 14], [(2, 3), (2, 14), (2, 14), (3, 6), (3, 6), (6, 14)])
([414], [1, 2, 6, 14], [(1, 2), (1, 14), (1, 14), (2, 6), (2, 6), (6, 14)])
([418], [1, 2, 4, 14], [(1, 2), (1, 14), (1, 14), (2, 4), (2, 4), (4, 14)])
([419], [1, 2, 3, 14], [(1, 2), (1, 14), (1, 14), (2, 3), (2, 3), (3, 14)])
([420], [3, 4, 12, 14], [(3, 4), (3, 14), (3, 14), (4, 12), (4, 12), (12, 14)])
([421], [3, 4, 8, 14], [(3, 4), (3, 14), (3, 14), (4, 8), (4, 8), (8, 14)])
([422], [4, 5, 12, 14], [(4, 12), (4, 12), (4, 5), (5, 14), (5, 14), (12, 14)])
([424], [3, 4, 11, 14], [(3, 4), (3, 14), (3, 14), (4, 11), (4, 11), (11, 14)])
([425], [3, 4, 11, 14], [(3, 4), (3, 14), (3, 14), (4, 11), (4, 11), (11, 14)])
([428], [2, 3, 4, 14], [(2, 3), (2, 14), (2, 14), (3, 4), (3, 4), (4, 14)])
([429], [2, 3, 7, 14], [(2, 3), (2, 14), (2, 14), (3, 7), (3, 7), (7, 14)])
([430], [1, 2, 4, 14], [(1, 2), (1, 14), (1, 14), (2, 4), (2, 4), (4, 14)])
([431], [2, 3, 5, 14], [(2, 3), (2, 14), (2, 14), (3, 5), (3, 5), (5, 14)])
([432], [2, 3, 5, 14], [(2, 3), (2, 14), (2, 14), (3, 5), (3, 5), (5, 14)])
([433], [1, 2, 7, 14], [(1, 2), (1, 7), (1, 7), (2, 14), (2, 14), (7, 14)])
([434], [1, 2, 12, 14], [(1, 2), (1, 12), (1, 12), (2, 14), (2, 14), (12, 14)])
([435], [1, 2, 9, 14], [(1, 9), (1, 9), (1, 2), (2, 14), (2, 14), (9, 14)])
([438], [1, 2, 7, 14], [(1, 2), (1, 7), (1, 7), (2, 14), (2, 14), (7, 14)])
([439], [1, 2, 6, 12], [(1, 2), (1, 12), (1, 12), (2, 6), (2, 6), (6, 12)])
([440], [1, 2, 6, 14], [(1, 2), (1, 14), (1, 14), (2, 6), (2, 6), (6, 14)])
([441], [2, 3, 12, 14], [(2, 3), (2, 14), (2, 14), (3, 12), (3, 12), (12, 14)])
([442], [2, 3, 6, 14], [(2, 3), (2, 14), (2, 14), (3, 6), (3, 6), (6, 14)])
([444], [1, 2, 12, 14], [(1, 2), (1, 12), (1, 12), (2, 14), (2, 14), (12, 14)])
([445], [3, 4, 12, 14], [(3, 4), (3, 14), (3, 14), (4, 12), (4, 12), (12, 14)])
([447], [4, 5, 12, 14], [(4, 12), (4, 12), (4, 5), (5, 14), (5, 14), (12, 14)])
([449], [4, 5, 11, 12], [(4, 12), (4, 12), (4, 5), (5, 11), (5, 11), (11, 12)])
([454], [1, 2, 9, 14], [(1, 9), (1, 9), (1, 2), (2, 14), (2, 14), (9, 14)])
([455], [2, 3, 10, 14], [(2, 10), (2, 10), (2, 3), (3, 14), (3, 14), (10, 14)])
([456], [1, 2, 6, 12], [(1, 2), (1, 12), (1, 12), (2, 6), (2, 6), (6, 12)])
([457], [3, 4, 7, 14], [(3, 4), (3, 14), (3, 14), (4, 7), (4, 7), (7, 14)])
([458], [3, 4, 10, 14], [(3, 4), (3, 10), (3, 10), (4, 14), (4, 14), (10, 14)])
([459], [3, 4, 12, 14], [(3, 12), (3, 12), (3, 4), (4, 14), (4, 14), (12, 14)])
([460], [3, 4, 12, 14], [(3, 12), (3, 12), (3, 4), (4, 14), (4, 14), (12, 14)])
([461], [2, 3, 12, 14], [(2, 3), (2, 12), (2, 12), (3, 14), (3, 14), (12, 14)])
([462], [1, 2, 3, 14], [(1, 2), (1, 14), (1, 14), (2, 3), (2, 3), (3, 14)])
([464], [3, 4, 7, 14], [(3, 4), (3, 14), (3, 14), (4, 7), (4, 7), (7, 14)])
([465], [2, 3, 5, 14], [(2, 3), (2, 14), (2, 14), (3, 5), (3, 5), (5, 14)])
([467], [2, 3, 12, 14], [(2, 3), (2, 14), (2, 14), (3, 12), (3, 12), (12, 14)])
([468], [2, 3, 12, 14], [(2, 3), (2, 12), (2, 12), (3, 14), (3, 14), (12, 14)])
([469], [3, 4, 10, 13], [(3, 4), (3, 10), (3, 10), (4, 13), (4, 13), (10, 13)])
([470], [4, 5, 10, 14], [(4, 10), (4, 10), (4, 5), (5, 14), (5, 14), (10, 14)])
([472], [3, 4, 12, 14], [(3, 12), (3, 12), (3, 4), (4, 14), (4, 14), (12, 14)])
([473], [2, 3, 8, 13], [(2, 8), (2, 8), (2, 3), (3, 13), (3, 13), (8, 13)])
([475], [4, 5, 12, 14], [(4, 12), (4, 12), (4, 5), (5, 14), (5, 14), (12, 14)])
([477], [2, 3, 6, 14], [(2, 3), (2, 14), (2, 14), (3, 6), (3, 6), (6, 14)])
([478], [0, 3, 4, 14], [(0, 4), (0, 4), (0, 14), (3, 4), (3, 14), (3, 14)])
([479], [2, 3, 12, 14], [(2, 3), (2, 12), (2, 12), (3, 14), (3, 14), (12, 14)])
([480], [5, 6, 10, 13], [(5, 10), (5, 10), (5, 6), (6, 13), (6, 13), (10, 13)])
([486], [2, 3, 11, 14], [(2, 3), (2, 14), (2, 14), (3, 11), (3, 11), (11, 14)])
([487], [2, 3, 6, 14], [(2, 3), (2, 14), (2, 14), (3, 6), (3, 6), (6, 14)])
([488], [1, 2, 6, 14], [(1, 2), (1, 14), (1, 14), (2, 6), (2, 6), (6, 14)])
([489], [1, 2, 3, 14], [(1, 2), (1, 14), (1, 14), (2, 3), (2, 3), (3, 14)])
([490], [1, 2, 4, 14], [(1, 2), (1, 14), (1, 14), (2, 4), (2, 4), (4, 14)])
([492], [2, 3, 12, 14], [(2, 3), (2, 12), (2, 12), (3, 14), (3, 14), (12, 14)])
([494], [1, 2, 12, 14], [(1, 2), (1, 14), (1, 14), (2, 12), (2, 12), (12, 14)])
([495], [2, 3, 6, 14], [(2, 3), (2, 14), (2, 14), (3, 6), (3, 6), (6, 14)])
([496], [3, 4, 11, 14], [(3, 4), (3, 14), (3, 14), (4, 11), (4, 11), (11, 14)])
([497], [3, 4, 11, 12], [(3, 12), (3, 12), (3, 4), (4, 11), (4, 11), (11, 12)])
([498], [3, 4, 10, 14], [(3, 4), (3, 10), (3, 10), (4, 14), (4, 14), (10, 14)])
([500], [2, 3, 10, 13], [(2, 10), (2, 10), (2, 3), (3, 13), (3, 13), (10, 13)])
([501], [2, 3, 7, 14], [(2, 3), (2, 14), (2, 14), (3, 7), (3, 7), (7, 14)])
([502], [1, 2, 3, 14], [(1, 2), (1, 14), (1, 14), (2, 3), (2, 3), (3, 14)])
([503], [2, 3, 4, 14], [(2, 3), (2, 14), (2, 14), (3, 4), (3, 4), (4, 14)])
([507], [3, 4, 12, 14], [(3, 12), (3, 12), (3, 4), (4, 14), (4, 14), (12, 14)])
([509], [2, 3, 12, 14], [(2, 3), (2, 14), (2, 14), (3, 12), (3, 12), (12, 14)])
([512], [4, 5, 10, 14], [(4, 10), (4, 10), (4, 5), (5, 14), (5, 14), (10, 14)])
([514], [1, 2, 5, 14], [(1, 2), (1, 14), (1, 14), (2, 5), (2, 5), (5, 14)])
([515], [1, 2, 10, 14], [(1, 2), (1, 10), (1, 10), (2, 14), (2, 14), (10, 14)])
([520], [1, 2, 10, 14], [(1, 2), (1, 10), (1, 10), (2, 14), (2, 14), (10, 14)])
([521], [1, 2, 12, 14], [(1, 2), (1, 12), (1, 12), (2, 14), (2, 14), (12, 14)])
([522], [1, 2, 12, 14], [(1, 2), (1, 12), (1, 12), (2, 14), (2, 14), (12, 14)])
([524], [2, 3, 12, 14], [(2, 3), (2, 14), (2, 14), (3, 12), (3, 12), (12, 14)])
([525], [2, 3, 12, 14], [(2, 3), (2, 12), (2, 12), (3, 14), (3, 14), (12, 14)])
([527], [1, 2, 12, 14], [(1, 2), (1, 12), (1, 12), (2, 14), (2, 14), (12, 14)])
([528], [3, 4, 10, 14], [(3, 4), (3, 14), (3, 14), (4, 10), (4, 10), (10, 14)])
([529], [2, 3, 6, 14], [(2, 3), (2, 14), (2, 14), (3, 6), (3, 6), (6, 14)])
([530], [2, 3, 7, 14], [(2, 3), (2, 14), (2, 14), (3, 7), (3, 7), (7, 14)])
([531], [1, 2, 4, 14], [(1, 2), (1, 14), (1, 14), (2, 4), (2, 4), (4, 14)])
([532], [1, 2, 7, 13], [(1, 2), (1, 7), (1, 7), (2, 13), (2, 13), (7, 13)])
([534], [1, 2, 7, 13], [(1, 2), (1, 7), (1, 7), (2, 13), (2, 13), (7, 13)])
([535], [2, 3, 11, 14], [(2, 3), (2, 14), (2, 14), (3, 11), (3, 11), (11, 14)])
([536], [1, 2, 6, 14], [(1, 2), (1, 14), (1, 14), (2, 6), (2, 6), (6, 14)])
([538], [4, 5, 12, 14], [(4, 12), (4, 12), (4, 5), (5, 14), (5, 14), (12, 14)])
([543], [1, 2, 5, 14], [(1, 2), (1, 14), (1, 14), (2, 5), (2, 5), (5, 14)])
([546], [1, 2, 6, 14], [(1, 2), (1, 14), (1, 14), (2, 6), (2, 6), (6, 14)])
([547], [1, 2, 6, 14], [(1, 2), (1, 14), (1, 14), (2, 6), (2, 6), (6, 14)])
([548], [3, 4, 12, 14], [(3, 12), (3, 12), (3, 4), (4, 14), (4, 14), (12, 14)])
([550], [2, 3, 11, 14], [(2, 3), (2, 14), (2, 14), (3, 11), (3, 11), (11, 14)])
([552], [2, 3, 5, 14], [(2, 3), (2, 14), (2, 14), (3, 5), (3, 5), (5, 14)])
([553], [4, 5, 10, 13], [(4, 10), (4, 10), (4, 5), (5, 13), (5, 13), (10, 13)])
([554], [1, 2, 12, 14], [(1, 2), (1, 14), (1, 14), (2, 12), (2, 12), (12, 14)])
([555], [3, 4, 12, 14], [(3, 12), (3, 12), (3, 4), (4, 14), (4, 14), (12, 14)])
([557], [3, 4, 11, 14], [(3, 4), (3, 14), (3, 14), (4, 11), (4, 11), (11, 14)])
([562], [3, 4, 12, 14], [(3, 12), (3, 12), (3, 4), (4, 14), (4, 14), (12, 14)])
([563], [3, 4, 12, 14], [(3, 12), (3, 12), (3, 4), (4, 14), (4, 14), (12, 14)])
([564], [2, 3, 12, 14], [(2, 3), (2, 12), (2, 12), (3, 14), (3, 14), (12, 14)])
([566], [2, 3, 10, 14], [(2, 10), (2, 10), (2, 3), (3, 14), (3, 14), (10, 14)])
([567], [1, 2, 12, 14], [(1, 2), (1, 12), (1, 12), (2, 14), (2, 14), (12, 14)])
([570], [3, 4, 12, 14], [(3, 12), (3, 12), (3, 4), (4, 14), (4, 14), (12, 14)])
([571], [2, 3, 12, 14], [(2, 3), (2, 12), (2, 12), (3, 14), (3, 14), (12, 14)])
([573], [4, 5, 11, 14], [(4, 11), (4, 11), (4, 5), (5, 14), (5, 14), (11, 14)])
([574], [4, 5, 12, 14], [(4, 12), (4, 12), (4, 5), (5, 14), (5, 14), (12, 14)])
([575], [1, 2, 6, 14], [(1, 2), (1, 14), (1, 14), (2, 6), (2, 6), (6, 14)])
([576], [1, 2, 3, 14], [(1, 2), (1, 14), (1, 14), (2, 3), (2, 3), (3, 14)])
([580], [3, 4, 12, 14], [(3, 12), (3, 12), (3, 4), (4, 14), (4, 14), (12, 14)])
([582], [3, 4, 12, 14], [(3, 12), (3, 12), (3, 4), (4, 14), (4, 14), (12, 14)])
([583], [2, 3, 12, 14], [(2, 3), (2, 12), (2, 12), (3, 14), (3, 14), (12, 14)])
([588], [1, 2, 12, 14], [(1, 2), (1, 14), (1, 14), (2, 12), (2, 12), (12, 14)])
([589], [1, 2, 10, 14], [(1, 2), (1, 10), (1, 10), (2, 14), (2, 14), (10, 14)])
([591], [1, 2, 10, 13], [(1, 2), (1, 10), (1, 10), (2, 13), (2, 13), (10, 13)])
([594], [1, 2, 12, 14], [(1, 2), (1, 12), (1, 12), (2, 14), (2, 14), (12, 14)])
([595], [2, 3, 12, 14], [(2, 3), (2, 12), (2, 12), (3, 14), (3, 14), (12, 14)])
([596], [2, 3, 12, 14], [(2, 3), (2, 12), (2, 12), (3, 14), (3, 14), (12, 14)])
([597], [2, 3, 12, 14], [(2, 3), (2, 12), (2, 12), (3, 14), (3, 14), (12, 14)])
([598], [1, 2, 12, 14], [(1, 2), (1, 12), (1, 12), (2, 14), (2, 14), (12, 14)])
([601], [2, 3, 11, 14], [(2, 3), (2, 14), (2, 14), (3, 11), (3, 11), (11, 14)])
([602], [2, 3, 10, 14], [(2, 3), (2, 14), (2, 14), (3, 10), (3, 10), (10, 14)])
([603], [1, 2, 11, 14], [(1, 2), (1, 14), (1, 14), (2, 11), (2, 11), (11, 14)])
([604], [2, 3, 11, 14], [(2, 3), (2, 14), (2, 14), (3, 11), (3, 11), (11, 14)])
([606], [1, 2, 11, 14], [(1, 2), (1, 14), (1, 14), (2, 11), (2, 11), (11, 14)])
([607], [3, 4, 10, 14], [(3, 4), (3, 10), (3, 10), (4, 14), (4, 14), (10, 14)])
([608], [2, 3, 10, 14], [(2, 10), (2, 10), (2, 3), (3, 14), (3, 14), (10, 14)])
([609], [3, 4, 10, 13], [(3, 4), (3, 10), (3, 10), (4, 13), (4, 13), (10, 13)])
([610], [1, 2, 12, 14], [(1, 2), (1, 14), (1, 14), (2, 12), (2, 12), (12, 14)])
([611], [1, 2, 12, 14], [(1, 2), (1, 12), (1, 12), (2, 14), (2, 14), (12, 14)])
([615], [3, 4, 12, 14], [(3, 12), (3, 12), (3, 4), (4, 14), (4, 14), (12, 14)])
([616], [3, 4, 12, 14], [(3, 12), (3, 12), (3, 4), (4, 14), (4, 14), (12, 14)])
([617], [2, 3, 12, 14], [(2, 3), (2, 12), (2, 12), (3, 14), (3, 14), (12, 14)])
([618], [2, 3, 12, 14], [(2, 3), (2, 12), (2, 12), (3, 14), (3, 14), (12, 14)])
([619], [1, 2, 6, 14], [(1, 2), (1, 14), (1, 14), (2, 6), (2, 6), (6, 14)])
([620], [2, 3, 10, 14], [(2, 3), (2, 14), (2, 14), (3, 10), (3, 10), (10, 14)])
([621], [4, 5, 10, 14], [(4, 10), (4, 10), (4, 5), (5, 14), (5, 14), (10, 14)])
([622], [4, 5, 10, 13], [(4, 10), (4, 10), (4, 5), (5, 13), (5, 13), (10, 13)])
([628], [3, 4, 11, 14], [(3, 11), (3, 11), (3, 4), (4, 14), (4, 14), (11, 14)])
([629], [1, 2, 10, 13], [(1, 2), (1, 10), (1, 10), (2, 13), (2, 13), (10, 13)])
([632], [2, 3, 10, 14], [(2, 3), (2, 14), (2, 14), (3, 10), (3, 10), (10, 14)])
([634], [3, 4, 10, 14], [(3, 4), (3, 14), (3, 14), (4, 10), (4, 10), (10, 14)])
([638], [1, 2, 12, 14], [(1, 2), (1, 12), (1, 12), (2, 14), (2, 14), (12, 14)])
([639], [1, 2, 12, 14], [(1, 2), (1, 14), (1, 14), (2, 12), (2, 12), (12, 14)])
([640], [1, 2, 10, 14], [(1, 2), (1, 10), (1, 10), (2, 14), (2, 14), (10, 14)])
([642], [1, 2, 3, 14], [(1, 2), (1, 14), (1, 14), (2, 3), (2, 3), (3, 14)])
([643], [1, 2, 6, 14], [(1, 2), (1, 14), (1, 14), (2, 6), (2, 6), (6, 14)])
([644], [1, 2, 4, 14], [(1, 2), (1, 14), (1, 14), (2, 4), (2, 4), (4, 14)])
([647], [2, 3, 11, 12], [(2, 3), (2, 12), (2, 12), (3, 11), (3, 11), (11, 12)])
([650], [1, 2, 5, 14], [(1, 2), (1, 14), (1, 14), (2, 5), (2, 5), (5, 14)])
([654], [2, 3, 12, 14], [(2, 3), (2, 12), (2, 12), (3, 14), (3, 14), (12, 14)])
([658], [2, 3, 7, 14], [(2, 3), (2, 14), (2, 14), (3, 7), (3, 7), (7, 14)])
([659], [1, 2, 6, 14], [(1, 2), (1, 14), (1, 14), (2, 6), (2, 6), (6, 14)])
([661], [1, 2, 12, 14], [(1, 2), (1, 14), (1, 14), (2, 12), (2, 12), (12, 14)])
([662], [3, 4, 12, 14], [(3, 4), (3, 14), (3, 14), (4, 12), (4, 12), (12, 14)])
([666], [1, 2, 5, 14], [(1, 2), (1, 14), (1, 14), (2, 5), (2, 5), (5, 14)])
([667], [2, 3, 6, 14], [(2, 3), (2, 14), (2, 14), (3, 6), (3, 6), (6, 14)])
([668], [2, 3, 12, 14], [(2, 3), (2, 12), (2, 12), (3, 14), (3, 14), (12, 14)])
([669], [3, 4, 11, 14], [(3, 11), (3, 11), (3, 4), (4, 14), (4, 14), (11, 14)])
([670], [2, 3, 6, 14], [(2, 3), (2, 14), (2, 14), (3, 6), (3, 6), (6, 14)])
([671], [4, 5, 11, 14], [(4, 11), (4, 11), (4, 5), (5, 14), (5, 14), (11, 14)])
([672], [2, 3, 12, 14], [(2, 3), (2, 12), (2, 12), (3, 14), (3, 14), (12, 14)])
([674], [1, 2, 11, 14], [(1, 2), (1, 14), (1, 14), (2, 11), (2, 11), (11, 14)])
([675], [2, 3, 10, 14], [(2, 3), (2, 14), (2, 14), (3, 10), (3, 10), (10, 14)])
([676], [1, 2, 11, 14], [(1, 2), (1, 14), (1, 14), (2, 11), (2, 11), (11, 14)])
([677], [2, 3, 10, 14], [(2, 3), (2, 14), (2, 14), (3, 10), (3, 10), (10, 14)])
([678], [1, 2, 12, 14], [(1, 2), (1, 12), (1, 12), (2, 14), (2, 14), (12, 14)])
([680], [1, 2, 12, 14], [(1, 2), (1, 12), (1, 12), (2, 14), (2, 14), (12, 14)])
([681], [1, 2, 12, 14], [(1, 2), (1, 12), (1, 12), (2, 14), (2, 14), (12, 14)])
([682], [1, 2, 12, 14], [(1, 2), (1, 12), (1, 12), (2, 14), (2, 14), (12, 14)])
([683], [1, 2, 12, 14], [(1, 2), (1, 12), (1, 12), (2, 14), (2, 14), (12, 14)])
([688], [2, 3, 12, 14], [(2, 3), (2, 14), (2, 14), (3, 12), (3, 12), (12, 14)])
([689], [2, 3, 10, 14], [(2, 3), (2, 14), (2, 14), (3, 10), (3, 10), (10, 14)])
([691], [1, 2, 10, 14], [(1, 2), (1, 14), (1, 14), (2, 10), (2, 10), (10, 14)])
([692], [1, 2, 10, 14], [(1, 2), (1, 14), (1, 14), (2, 10), (2, 10), (10, 14)])
([696], [1, 2, 12, 14], [(1, 2), (1, 12), (1, 12), (2, 14), (2, 14), (12, 14)])
([698], [2, 3, 11, 14], [(2, 11), (2, 11), (2, 3), (3, 14), (3, 14), (11, 14)])
([699], [1, 2, 11, 14], [(1, 2), (1, 14), (1, 14), (2, 11), (2, 11), (11, 14)])
([701], [3, 4, 11, 14], [(3, 11), (3, 11), (3, 4), (4, 14), (4, 14), (11, 14)])
([703], [2, 3, 12, 14], [(2, 3), (2, 12), (2, 12), (3, 14), (3, 14), (12, 14)])
([704], [3, 4, 10, 14], [(3, 4), (3, 10), (3, 10), (4, 14), (4, 14), (10, 14)])
([708], [3, 4, 11, 14], [(3, 11), (3, 11), (3, 4), (4, 14), (4, 14), (11, 14)])
([709], [3, 4, 11, 14], [(3, 11), (3, 11), (3, 4), (4, 14), (4, 14), (11, 14)])
([710], [4, 5, 10, 12], [(4, 10), (4, 10), (4, 5), (5, 12), (5, 12), (10, 12)])
([712], [2, 3, 12, 14], [(2, 3), (2, 14), (2, 14), (3, 12), (3, 12), (12, 14)])
([714], [2, 3, 9, 14], [(2, 3), (2, 14), (2, 14), (3, 9), (3, 9), (9, 14)])
([723], [1, 2, 10, 14], [(1, 2), (1, 10), (1, 10), (2, 14), (2, 14), (10, 14)])
([724], [1, 2, 12, 14], [(1, 2), (1, 12), (1, 12), (2, 14), (2, 14), (12, 14)])
([725], [3, 4, 11, 14], [(3, 11), (3, 11), (3, 4), (4, 14), (4, 14), (11, 14)])
([726], [2, 3, 12, 14], [(2, 3), (2, 12), (2, 12), (3, 14), (3, 14), (12, 14)])
([727], [1, 2, 12, 14], [(1, 2), (1, 12), (1, 12), (2, 14), (2, 14), (12, 14)])
([728], [2, 3, 11, 14], [(2, 11), (2, 11), (2, 3), (3, 14), (3, 14), (11, 14)])
([733], [1, 2, 11, 12], [(1, 2), (1, 12), (1, 12), (2, 11), (2, 11), (11, 12)])
([735], [3, 4, 10, 13], [(3, 4), (3, 10), (3, 10), (4, 13), (4, 13), (10, 13)])
([736], [2, 3, 11, 14], [(2, 11), (2, 11), (2, 3), (3, 14), (3, 14), (11, 14)])
([737], [3, 4, 12, 14], [(3, 12), (3, 12), (3, 4), (4, 14), (4, 14), (12, 14)])
([738], [2, 3, 12, 14], [(2, 3), (2, 14), (2, 14), (3, 12), (3, 12), (12, 14)])
([739], [1, 2, 11, 14], [(1, 2), (1, 14), (1, 14), (2, 11), (2, 11), (11, 14)])
([740], [1, 2, 6, 14], [(1, 2), (1, 14), (1, 14), (2, 6), (2, 6), (6, 14)])
([743], [2, 3, 10, 14], [(2, 10), (2, 10), (2, 3), (3, 14), (3, 14), (10, 14)])
([744], [1, 2, 11, 12], [(1, 2), (1, 12), (1, 12), (2, 11), (2, 11), (11, 12)])
([746], [1, 2, 10, 14], [(1, 2), (1, 10), (1, 10), (2, 14), (2, 14), (10, 14)])
([748], [1, 2, 6, 14], [(1, 2), (1, 14), (1, 14), (2, 6), (2, 6), (6, 14)])
([749], [2, 3, 12, 14], [(2, 3), (2, 12), (2, 12), (3, 14), (3, 14), (12, 14)])
([751], [1, 2, 5, 14], [(1, 2), (1, 14), (1, 14), (2, 5), (2, 5), (5, 14)])
([753], [1, 2, 6, 14], [(1, 2), (1, 14), (1, 14), (2, 6), (2, 6), (6, 14)])
([754], [3, 4, 12, 14], [(3, 12), (3, 12), (3, 4), (4, 14), (4, 14), (12, 14)])
([755], [1, 2, 3, 14], [(1, 2), (1, 14), (1, 14), (2, 3), (2, 3), (3, 14)])
([756], [2, 3, 10, 13], [(2, 10), (2, 10), (2, 3), (3, 13), (3, 13), (10, 13)])
([757], [1, 2, 5, 14], [(1, 2), (1, 14), (1, 14), (2, 5), (2, 5), (5, 14)])
([770], [1, 2, 9, 14], [(1, 2), (1, 14), (1, 14), (2, 9), (2, 9), (9, 14)])
([771], [1, 2, 5, 14], [(1, 2), (1, 14), (1, 14), (2, 5), (2, 5), (5, 14)])
([772], [1, 2, 6, 14], [(1, 2), (1, 14), (1, 14), (2, 6), (2, 6), (6, 14)])
([775], [2, 3, 11, 14], [(2, 11), (2, 11), (2, 3), (3, 14), (3, 14), (11, 14)])
([776], [3, 4, 11, 14], [(3, 11), (3, 11), (3, 4), (4, 14), (4, 14), (11, 14)])
([779], [1, 2, 10, 14], [(1, 2), (1, 14), (1, 14), (2, 10), (2, 10), (10, 14)])
([780], [1, 2, 10, 14], [(1, 2), (1, 10), (1, 10), (2, 14), (2, 14), (10, 14)])
([782], [1, 2, 12, 14], [(1, 2), (1, 12), (1, 12), (2, 14), (2, 14), (12, 14)])
([783], [2, 3, 11, 14], [(2, 11), (2, 11), (2, 3), (3, 14), (3, 14), (11, 14)])
([784], [1, 2, 12, 14], [(1, 2), (1, 12), (1, 12), (2, 14), (2, 14), (12, 14)])
([785], [2, 3, 12, 14], [(2, 3), (2, 12), (2, 12), (3, 14), (3, 14), (12, 14)])
([786], [2, 3, 12, 14], [(2, 3), (2, 14), (2, 14), (3, 12), (3, 12), (12, 14)])
([787], [1, 2, 10, 13], [(1, 2), (1, 10), (1, 10), (2, 13), (2, 13), (10, 13)])
([788], [2, 3, 10, 13], [(2, 10), (2, 10), (2, 3), (3, 13), (3, 13), (10, 13)])
([789], [1, 2, 10, 13], [(1, 2), (1, 10), (1, 10), (2, 13), (2, 13), (10, 13)])
([790], [1, 2, 11, 14], [(1, 2), (1, 11), (1, 11), (2, 14), (2, 14), (11, 14)])
([791], [2, 3, 11, 14], [(2, 11), (2, 11), (2, 3), (3, 14), (3, 14), (11, 14)])
([792], [1, 2, 11, 14], [(1, 2), (1, 11), (1, 11), (2, 14), (2, 14), (11, 14)])
([793], [2, 3, 12, 14], [(2, 3), (2, 12), (2, 12), (3, 14), (3, 14), (12, 14)])
([794], [1, 2, 12, 14], [(1, 2), (1, 14), (1, 14), (2, 12), (2, 12), (12, 14)])
([795], [2, 3, 12, 14], [(2, 3), (2, 14), (2, 14), (3, 12), (3, 12), (12, 14)])
([796], [1, 2, 12, 14], [(1, 2), (1, 14), (1, 14), (2, 12), (2, 12), (12, 14)])
([797], [1, 2, 12, 14], [(1, 2), (1, 12), (1, 12), (2, 14), (2, 14), (12, 14)])
([798], [2, 3, 11, 14], [(2, 11), (2, 11), (2, 3), (3, 14), (3, 14), (11, 14)])
([799], [2, 3, 12, 14], [(2, 3), (2, 12), (2, 12), (3, 14), (3, 14), (12, 14)])
([801], [1, 2, 10, 14], [(1, 2), (1, 14), (1, 14), (2, 10), (2, 10), (10, 14)])
([802], [1, 2, 10, 14], [(1, 2), (1, 14), (1, 14), (2, 10), (2, 10), (10, 14)])
([803], [1, 2, 10, 14], [(1, 2), (1, 14), (1, 14), (2, 10), (2, 10), (10, 14)])
([804], [1, 2, 10, 14], [(1, 2), (1, 14), (1, 14), (2, 10), (2, 10), (10, 14)])
([806], [2, 3, 10, 14], [(2, 10), (2, 10), (2, 3), (3, 14), (3, 14), (10, 14)])
([807], [1, 2, 10, 14], [(1, 2), (1, 10), (1, 10), (2, 14), (2, 14), (10, 14)])
([812], [3, 4, 11, 14], [(3, 11), (3, 11), (3, 4), (4, 14), (4, 14), (11, 14)])
([813], [3, 4, 10, 12], [(3, 4), (3, 10), (3, 10), (4, 12), (4, 12), (10, 12)])
([814], [3, 4, 11, 14], [(3, 11), (3, 11), (3, 4), (4, 14), (4, 14), (11, 14)])
([818], [2, 3, 11, 14], [(2, 11), (2, 11), (2, 3), (3, 14), (3, 14), (11, 14)])
([819], [2, 3, 12, 14], [(2, 3), (2, 12), (2, 12), (3, 14), (3, 14), (12, 14)])
([821], [1, 2, 12, 14], [(1, 2), (1, 12), (1, 12), (2, 14), (2, 14), (12, 14)])
([822], [1, 2, 12, 14], [(1, 2), (1, 12), (1, 12), (2, 14), (2, 14), (12, 14)])
([823], [4, 5, 10, 12], [(4, 10), (4, 10), (4, 5), (5, 12), (5, 12), (10, 12)])
([825], [3, 4, 11, 13], [(3, 11), (3, 11), (3, 4), (4, 13), (4, 13), (11, 13)])
([826], [3, 4, 11, 14], [(3, 11), (3, 11), (3, 4), (4, 14), (4, 14), (11, 14)])
([828], [1, 2, 10, 14], [(1, 2), (1, 14), (1, 14), (2, 10), (2, 10), (10, 14)])
([829], [1, 2, 12, 14], [(1, 2), (1, 12), (1, 12), (2, 14), (2, 14), (12, 14)])
([830], [2, 3, 9, 14], [(2, 3), (2, 14), (2, 14), (3, 9), (3, 9), (9, 14)])
([831], [1, 2, 12, 14], [(1, 2), (1, 12), (1, 12), (2, 14), (2, 14), (12, 14)])
([833], [2, 3, 11, 14], [(2, 3), (2, 14), (2, 14), (3, 11), (3, 11), (11, 14)])
([835], [1, 2, 12, 14], [(1, 2), (1, 12), (1, 12), (2, 14), (2, 14), (12, 14)])
([838], [1, 2, 11, 14], [(1, 2), (1, 11), (1, 11), (2, 14), (2, 14), (11, 14)])
([839], [2, 3, 11, 14], [(2, 11), (2, 11), (2, 3), (3, 14), (3, 14), (11, 14)])
([840], [2, 3, 11, 14], [(2, 11), (2, 11), (2, 3), (3, 14), (3, 14), (11, 14)])
([841], [1, 2, 11, 14], [(1, 2), (1, 11), (1, 11), (2, 14), (2, 14), (11, 14)])
([842], [2, 3, 12, 14], [(2, 3), (2, 12), (2, 12), (3, 14), (3, 14), (12, 14)])
([843], [1, 2, 12, 14], [(1, 2), (1, 14), (1, 14), (2, 12), (2, 12), (12, 14)])
([844], [2, 3, 12, 14], [(2, 3), (2, 14), (2, 14), (3, 12), (3, 12), (12, 14)])
([845], [1, 2, 12, 14], [(1, 2), (1, 14), (1, 14), (2, 12), (2, 12), (12, 14)])
([846], [3, 4, 10, 12], [(3, 4), (3, 10), (3, 10), (4, 12), (4, 12), (10, 12)])
([847], [2, 3, 11, 13], [(2, 11), (2, 11), (2, 3), (3, 13), (3, 13), (11, 13)])
([848], [2, 3, 12, 14], [(2, 3), (2, 12), (2, 12), (3, 14), (3, 14), (12, 14)])
([849], [1, 2, 12, 14], [(1, 2), (1, 12), (1, 12), (2, 14), (2, 14), (12, 14)])
([850], [2, 3, 11, 14], [(2, 11), (2, 11), (2, 3), (3, 14), (3, 14), (11, 14)])
([851], [1, 2, 12, 14], [(1, 2), (1, 12), (1, 12), (2, 14), (2, 14), (12, 14)])
([852], [1, 2, 12, 14], [(1, 2), (1, 12), (1, 12), (2, 14), (2, 14), (12, 14)])
([855], [1, 2, 10, 13], [(1, 2), (1, 10), (1, 10), (2, 13), (2, 13), (10, 13)])
([856], [1, 2, 11, 14], [(1, 2), (1, 11), (1, 11), (2, 14), (2, 14), (11, 14)])
([857], [1, 2, 11, 14], [(1, 2), (1, 11), (1, 11), (2, 14), (2, 14), (11, 14)])
([858], [1, 2, 12, 14], [(1, 2), (1, 14), (1, 14), (2, 12), (2, 12), (12, 14)])
([862], [1, 2, 10, 14], [(1, 2), (1, 10), (1, 10), (2, 14), (2, 14), (10, 14)])
([864], [2, 3, 11, 14], [(2, 11), (2, 11), (2, 3), (3, 14), (3, 14), (11, 14)])
([865], [2, 3, 12, 14], [(2, 3), (2, 14), (2, 14), (3, 12), (3, 12), (12, 14)])
([866], [1, 2, 9, 14], [(1, 2), (1, 14), (1, 14), (2, 9), (2, 9), (9, 14)])
([874], [1, 2, 10, 14], [(1, 2), (1, 10), (1, 10), (2, 14), (2, 14), (10, 14)])
([875], [2, 3, 10, 12], [(2, 10), (2, 10), (2, 3), (3, 12), (3, 12), (10, 12)])
([877], [1, 2, 9, 14], [(1, 2), (1, 14), (1, 14), (2, 9), (2, 9), (9, 14)])
([878], [1, 2, 11, 14], [(1, 2), (1, 11), (1, 11), (2, 14), (2, 14), (11, 14)])
([879], [1, 2, 12, 14], [(1, 2), (1, 12), (1, 12), (2, 14), (2, 14), (12, 14)])
([883], [1, 2, 11, 14], [(1, 2), (1, 14), (1, 14), (2, 11), (2, 11), (11, 14)])
([884], [1, 2, 11, 14], [(1, 2), (1, 11), (1, 11), (2, 14), (2, 14), (11, 14)])
([885], [1, 2, 10, 13], [(1, 2), (1, 10), (1, 10), (2, 13), (2, 13), (10, 13)])
([886], [2, 3, 11, 14], [(2, 11), (2, 11), (2, 3), (3, 14), (3, 14), (11, 14)])
([887], [1, 2, 9, 14], [(1, 2), (1, 14), (1, 14), (2, 9), (2, 9), (9, 14)])
([888], [3, 4, 11, 14], [(3, 11), (3, 11), (3, 4), (4, 14), (4, 14), (11, 14)])
([889], [2, 3, 11, 14], [(2, 11), (2, 11), (2, 3), (3, 14), (3, 14), (11, 14)])
([890], [1, 2, 12, 14], [(1, 2), (1, 14), (1, 14), (2, 12), (2, 12), (12, 14)])
([892], [3, 4, 10, 12], [(3, 4), (3, 10), (3, 10), (4, 12), (4, 12), (10, 12)])
([893], [1, 2, 9, 14], [(1, 2), (1, 14), (1, 14), (2, 9), (2, 9), (9, 14)])
([894], [3, 4, 11, 14], [(3, 11), (3, 11), (3, 4), (4, 14), (4, 14), (11, 14)])
([895], [1, 2, 11, 14], [(1, 2), (1, 11), (1, 11), (2, 14), (2, 14), (11, 14)])
([896], [1, 2, 11, 14], [(1, 2), (1, 11), (1, 11), (2, 14), (2, 14), (11, 14)])
([897], [1, 2, 12, 14], [(1, 2), (1, 12), (1, 12), (2, 14), (2, 14), (12, 14)])
([898], [1, 2, 12, 14], [(1, 2), (1, 12), (1, 12), (2, 14), (2, 14), (12, 14)])
([899], [1, 2, 12, 14], [(1, 2), (1, 14), (1, 14), (2, 12), (2, 12), (12, 14)])
([900], [1, 2, 11, 14], [(1, 2), (1, 11), (1, 11), (2, 14), (2, 14), (11, 14)])
([902], [1, 2, 11, 13], [(1, 2), (1, 11), (1, 11), (2, 13), (2, 13), (11, 13)])
([903], [2, 3, 10, 12], [(2, 10), (2, 10), (2, 3), (3, 12), (3, 12), (10, 12)])
([904], [1, 2, 11, 13], [(1, 2), (1, 11), (1, 11), (2, 13), (2, 13), (11, 13)])
([905], [2, 3, 11, 12], [(2, 3), (2, 12), (2, 12), (3, 11), (3, 11), (11, 12)])
([906], [1, 2, 11, 14], [(1, 2), (1, 11), (1, 11), (2, 14), (2, 14), (11, 14)])
([907], [1, 2, 12, 14], [(1, 2), (1, 12), (1, 12), (2, 14), (2, 14), (12, 14)])
([910], [1, 2, 11, 14], [(1, 2), (1, 14), (1, 14), (2, 11), (2, 11), (11, 14)])
([911], [1, 2, 12, 14], [(1, 2), (1, 14), (1, 14), (2, 12), (2, 12), (12, 14)])
([912], [3, 4, 10, 14], [(3, 4), (3, 10), (3, 10), (4, 14), (4, 14), (10, 14)])
([913], [2, 3, 11, 14], [(2, 11), (2, 11), (2, 3), (3, 14), (3, 14), (11, 14)])
([914], [3, 4, 10, 12], [(3, 4), (3, 10), (3, 10), (4, 12), (4, 12), (10, 12)])
([915], [2, 3, 11, 14], [(2, 11), (2, 11), (2, 3), (3, 14), (3, 14), (11, 14)])
([916], [2, 3, 10, 12], [(2, 10), (2, 10), (2, 3), (3, 12), (3, 12), (10, 12)])
([921], [1, 2, 11, 14], [(1, 2), (1, 14), (1, 14), (2, 11), (2, 11), (11, 14)])
([924], [1, 2, 11, 14], [(1, 2), (1, 11), (1, 11), (2, 14), (2, 14), (11, 14)])
([925], [1, 2, 10, 12], [(1, 2), (1, 10), (1, 10), (2, 12), (2, 12), (10, 12)])
([926], [1, 2, 11, 14], [(1, 2), (1, 11), (1, 11), (2, 14), (2, 14), (11, 14)])
([927], [1, 2, 12, 14], [(1, 2), (1, 12), (1, 12), (2, 14), (2, 14), (12, 14)])
([928], [1, 2, 11, 14], [(1, 2), (1, 11), (1, 11), (2, 14), (2, 14), (11, 14)])
([929], [2, 3, 11, 14], [(2, 11), (2, 11), (2, 3), (3, 14), (3, 14), (11, 14)])
([930], [2, 3, 11, 14], [(2, 11), (2, 11), (2, 3), (3, 14), (3, 14), (11, 14)])
([931], [1, 2, 12, 14], [(1, 2), (1, 14), (1, 14), (2, 12), (2, 12), (12, 14)])
([932], [2, 3, 12, 14], [(2, 3), (2, 12), (2, 12), (3, 14), (3, 14), (12, 14)])
([934], [1, 2, 11, 14], [(1, 2), (1, 11), (1, 11), (2, 14), (2, 14), (11, 14)])
([935], [1, 2, 10, 12], [(1, 2), (1, 10), (1, 10), (2, 12), (2, 12), (10, 12)])
([936], [1, 2, 8, 14], [(1, 2), (1, 14), (1, 14), (2, 8), (2, 8), (8, 14)])
([937], [2, 3, 11, 14], [(2, 11), (2, 11), (2, 3), (3, 14), (3, 14), (11, 14)])
([938], [2, 3, 11, 14], [(2, 11), (2, 11), (2, 3), (3, 14), (3, 14), (11, 14)])
([939], [2, 3, 12, 14], [(2, 3), (2, 12), (2, 12), (3, 14), (3, 14), (12, 14)])
([940], [1, 2, 10, 12], [(1, 2), (1, 10), (1, 10), (2, 12), (2, 12), (10, 12)])
([941], [1, 2, 10, 12], [(1, 2), (1, 10), (1, 10), (2, 12), (2, 12), (10, 12)])
([943], [1, 2, 11, 14], [(1, 2), (1, 11), (1, 11), (2, 14), (2, 14), (11, 14)])
([944], [1, 2, 11, 14], [(1, 2), (1, 11), (1, 11), (2, 14), (2, 14), (11, 14)])
([945], [1, 2, 11, 14], [(1, 2), (1, 11), (1, 11), (2, 14), (2, 14), (11, 14)])
([946], [1, 2, 11, 14], [(1, 2), (1, 11), (1, 11), (2, 14), (2, 14), (11, 14)])
([948], [1, 2, 11, 12], [(1, 2), (1, 12), (1, 12), (2, 11), (2, 11), (11, 12)])
([949], [2, 3, 11, 14], [(2, 11), (2, 11), (2, 3), (3, 14), (3, 14), (11, 14)])
([950], [1, 2, 11, 14], [(1, 2), (1, 11), (1, 11), (2, 14), (2, 14), (11, 14)])
([951], [2, 3, 11, 14], [(2, 11), (2, 11), (2, 3), (3, 14), (3, 14), (11, 14)])
([952], [2, 3, 11, 14], [(2, 11), (2, 11), (2, 3), (3, 14), (3, 14), (11, 14)])
([953], [1, 2, 11, 14], [(1, 2), (1, 11), (1, 11), (2, 14), (2, 14), (11, 14)])
([954], [1, 2, 12, 14], [(1, 2), (1, 14), (1, 14), (2, 12), (2, 12), (12, 14)])
([955], [2, 3, 10, 12], [(2, 10), (2, 10), (2, 3), (3, 12), (3, 12), (10, 12)])
([956], [1, 2, 10, 12], [(1, 2), (1, 10), (1, 10), (2, 12), (2, 12), (10, 12)])
([957], [2, 3, 10, 14], [(2, 10), (2, 10), (2, 3), (3, 14), (3, 14), (10, 14)])
([958], [2, 3, 10, 12], [(2, 10), (2, 10), (2, 3), (3, 12), (3, 12), (10, 12)])
([959], [1, 2, 11, 14], [(1, 2), (1, 11), (1, 11), (2, 14), (2, 14), (11, 14)])
([960], [1, 2, 12, 14], [(1, 2), (1, 14), (1, 14), (2, 12), (2, 12), (12, 14)])
([961], [1, 2, 12, 14], [(1, 2), (1, 12), (1, 12), (2, 14), (2, 14), (12, 14)])
([962], [1, 2, 11, 12], [(1, 2), (1, 12), (1, 12), (2, 11), (2, 11), (11, 12)])
([963], [1, 2, 12, 14], [(1, 2), (1, 12), (1, 12), (2, 14), (2, 14), (12, 14)])
([964], [3, 4, 10, 12], [(3, 4), (3, 10), (3, 10), (4, 12), (4, 12), (10, 12)])
([965], [1, 2, 11, 14], [(1, 2), (1, 14), (1, 14), (2, 11), (2, 11), (11, 14)])
([968], [1, 2, 10, 12], [(1, 2), (1, 10), (1, 10), (2, 12), (2, 12), (10, 12)])
([969], [2, 3, 11, 14], [(2, 11), (2, 11), (2, 3), (3, 14), (3, 14), (11, 14)])
([970], [1, 2, 11, 14], [(1, 2), (1, 11), (1, 11), (2, 14), (2, 14), (11, 14)])
([971], [1, 2, 12, 14], [(1, 2), (1, 12), (1, 12), (2, 14), (2, 14), (12, 14)])
([972], [1, 2, 12, 14], [(1, 2), (1, 12), (1, 12), (2, 14), (2, 14), (12, 14)])
([973], [1, 2, 11, 14], [(1, 2), (1, 11), (1, 11), (2, 14), (2, 14), (11, 14)])
([974], [1, 2, 12, 14], [(1, 2), (1, 14), (1, 14), (2, 12), (2, 12), (12, 14)])
([975], [1, 2, 10, 12], [(1, 2), (1, 10), (1, 10), (2, 12), (2, 12), (10, 12)])
([976], [1, 2, 11, 14], [(1, 2), (1, 11), (1, 11), (2, 14), (2, 14), (11, 14)])
([977], [1, 2, 11, 14], [(1, 2), (1, 11), (1, 11), (2, 14), (2, 14), (11, 14)])
([978], [1, 2, 11, 14], [(1, 2), (1, 11), (1, 11), (2, 14), (2, 14), (11, 14)])
([979], [1, 2, 10, 14], [(1, 2), (1, 10), (1, 10), (2, 14), (2, 14), (10, 14)])
([980], [1, 2, 11, 14], [(1, 2), (1, 11), (1, 11), (2, 14), (2, 14), (11, 14)])
([983], [1, 2, 10, 12], [(1, 2), (1, 10), (1, 10), (2, 12), (2, 12), (10, 12)])
([984], [2, 3, 10, 12], [(2, 10), (2, 10), (2, 3), (3, 12), (3, 12), (10, 12)])
([985], [1, 2, 10, 12], [(1, 2), (1, 10), (1, 10), (2, 12), (2, 12), (10, 12)])
([986], [2, 3, 10, 12], [(2, 10), (2, 10), (2, 3), (3, 12), (3, 12), (10, 12)])
([987], [1, 2, 11, 14], [(1, 2), (1, 11), (1, 11), (2, 14), (2, 14), (11, 14)])
([988], [1, 2, 11, 14], [(1, 2), (1, 11), (1, 11), (2, 14), (2, 14), (11, 14)])
([989], [2, 3, 11, 14], [(2, 11), (2, 11), (2, 3), (3, 14), (3, 14), (11, 14)])
([990], [1, 2, 12, 14], [(1, 2), (1, 12), (1, 12), (2, 14), (2, 14), (12, 14)])
([991], [1, 2, 10, 12], [(1, 2), (1, 10), (1, 10), (2, 12), (2, 12), (10, 12)])
([992], [1, 2, 10, 12], [(1, 2), (1, 12), (1, 12), (2, 10), (2, 10), (10, 12)])
([993], [3, 4, 10, 12], [(3, 4), (3, 10), (3, 10), (4, 12), (4, 12), (10, 12)])
([994], [1, 2, 10, 14], [(1, 2), (1, 10), (1, 10), (2, 14), (2, 14), (10, 14)])
([995], [2, 3, 9, 14], [(2, 3), (2, 9), (2, 9), (3, 14), (3, 14), (9, 14)])
([996], [2, 3, 11, 14], [(2, 11), (2, 11), (2, 3), (3, 14), (3, 14), (11, 14)])
([997], [2, 3, 10, 12], [(2, 10), (2, 10), (2, 3), (3, 12), (3, 12), (10, 12)])
([998], [1, 2, 11, 14], [(1, 2), (1, 11), (1, 11), (2, 14), (2, 14), (11, 14)])
([999], [2, 3, 9, 14], [(2, 3), (2, 9), (2, 9), (3, 14), (3, 14), (9, 14)])
([1000], [1, 2, 11, 14], [(1, 2), (1, 11), (1, 11), (2, 14), (2, 14), (11, 14)])
([1001], [1, 2, 11, 14], [(1, 2), (1, 11), (1, 11), (2, 14), (2, 14), (11, 14)])
([1002], [1, 2, 12, 14], [(1, 2), (1, 12), (1, 12), (2, 14), (2, 14), (12, 14)])
([1003], [1, 2, 9, 14], [(1, 9), (1, 9), (1, 2), (2, 14), (2, 14), (9, 14)])
([1004], [1, 2, 10, 12], [(1, 2), (1, 10), (1, 10), (2, 12), (2, 12), (10, 12)])
([1005], [2, 3, 9, 12], [(2, 3), (2, 9), (2, 9), (3, 12), (3, 12), (9, 12)])
([1006], [1, 2, 10, 12], [(1, 2), (1, 10), (1, 10), (2, 12), (2, 12), (10, 12)])
([1007], [1, 2, 10, 12], [(1, 2), (1, 10), (1, 10), (2, 12), (2, 12), (10, 12)])
([1008], [1, 2, 10, 12], [(1, 2), (1, 12), (1, 12), (2, 10), (2, 10), (10, 12)])
([1009], [1, 2, 11, 14], [(1, 2), (1, 11), (1, 11), (2, 14), (2, 14), (11, 14)])
([1010], [1, 2, 9, 14], [(1, 9), (1, 9), (1, 2), (2, 14), (2, 14), (9, 14)])
([1011], [1, 2, 10, 12], [(1, 2), (1, 10), (1, 10), (2, 12), (2, 12), (10, 12)])
([1012], [1, 2, 11, 14], [(1, 2), (1, 11), (1, 11), (2, 14), (2, 14), (11, 14)])
([1013], [1, 2, 10, 14], [(1, 2), (1, 10), (1, 10), (2, 14), (2, 14), (10, 14)])
([1014], [1, 2, 11, 14], [(1, 2), (1, 11), (1, 11), (2, 14), (2, 14), (11, 14)])
([1015], [1, 2, 11, 14], [(1, 2), (1, 11), (1, 11), (2, 14), (2, 14), (11, 14)])
([1016], [1, 2, 11, 14], [(1, 2), (1, 11), (1, 11), (2, 14), (2, 14), (11, 14)])
([1017], [1, 2, 10, 12], [(1, 2), (1, 10), (1, 10), (2, 12), (2, 12), (10, 12)])
([1018], [2, 3, 9, 12], [(2, 3), (2, 9), (2, 9), (3, 12), (3, 12), (9, 12)])
([1019], [1, 2, 10, 12], [(1, 2), (1, 10), (1, 10), (2, 12), (2, 12), (10, 12)])
([1020], [1, 2, 9, 14], [(1, 9), (1, 9), (1, 2), (2, 14), (2, 14), (9, 14)])
([1021], [1, 2, 9, 14], [(1, 9), (1, 9), (1, 2), (2, 14), (2, 14), (9, 14)])
([1022], [1, 2, 9, 12], [(1, 9), (1, 9), (1, 2), (2, 12), (2, 12), (9, 12)])
([1023], [1, 2, 10, 11], [(1, 2), (1, 11), (1, 11), (2, 10), (2, 10), (10, 11)])
([1024], [1, 2, 9, 12], [(1, 9), (1, 9), (1, 2), (2, 12), (2, 12), (9, 12)])
([1025], [2, 3, 9, 14], [(2, 3), (2, 9), (2, 9), (3, 14), (3, 14), (9, 14)])
([1026], [1, 2, 9, 12], [(1, 9), (1, 9), (1, 2), (2, 12), (2, 12), (9, 12)])
([1027], [1, 2, 9, 14], [(1, 9), (1, 9), (1, 2), (2, 14), (2, 14), (9, 14)])
([1028], [2, 3, 9, 12], [(2, 3), (2, 9), (2, 9), (3, 12), (3, 12), (9, 12)])
([1029], [1, 2, 9, 14], [(1, 9), (1, 9), (1, 2), (2, 14), (2, 14), (9, 14)])
([1030], [1, 2, 9, 14], [(1, 9), (1, 9), (1, 2), (2, 14), (2, 14), (9, 14)])
([1031], [1, 2, 9, 12], [(1, 9), (1, 9), (1, 2), (2, 12), (2, 12), (9, 12)])
([1032], [1, 2, 11, 14], [(1, 2), (1, 11), (1, 11), (2, 14), (2, 14), (11, 14)])
([1033], [1, 2, 9, 12], [(1, 9), (1, 9), (1, 2), (2, 12), (2, 12), (9, 12)])
([1034], [2, 3, 9, 12], [(2, 3), (2, 9), (2, 9), (3, 12), (3, 12), (9, 12)])
([1035], [1, 2, 9, 12], [(1, 9), (1, 9), (1, 2), (2, 12), (2, 12), (9, 12)])
([1036], [1, 2, 9, 12], [(1, 9), (1, 9), (1, 2), (2, 12), (2, 12), (9, 12)])
([1037], [1, 2, 8, 14], [(1, 8), (1, 8), (1, 2), (2, 14), (2, 14), (8, 14)])
([1038], [1, 2, 9, 12], [(1, 9), (1, 9), (1, 2), (2, 12), (2, 12), (9, 12)])
([1039], [1, 2, 9, 14], [(1, 9), (1, 9), (1, 2), (2, 14), (2, 14), (9, 14)])
([1040], [1, 2, 8, 14], [(1, 8), (1, 8), (1, 2), (2, 14), (2, 14), (8, 14)])
([1041], [1, 2, 8, 12], [(1, 8), (1, 8), (1, 2), (2, 12), (2, 12), (8, 12)])
([1042], [1, 2, 9, 12], [(1, 9), (1, 9), (1, 2), (2, 12), (2, 12), (9, 12)])
([1043], [1, 2, 9, 12], [(1, 9), (1, 9), (1, 2), (2, 12), (2, 12), (9, 12)])
([1044], [1, 2, 8, 14], [(1, 8), (1, 8), (1, 2), (2, 14), (2, 14), (8, 14)])
([1045], [1, 2, 8, 12], [(1, 8), (1, 8), (1, 2), (2, 12), (2, 12), (8, 12)])
([1046], [1, 2, 8, 12], [(1, 8), (1, 8), (1, 2), (2, 12), (2, 12), (8, 12)])
([1047], [1, 2, 8, 12], [(1, 8), (1, 8), (1, 2), (2, 12), (2, 12), (8, 12)])
