0
1
2
3
4
5
6
7
8
9
10
11
12
13
14
15
16
17
18
19
20
21
22
23
24
25
26
27
28
29
30
31
32
33
34
35
36
37
38
39
40
41
42
43
44
45
46
47
48
49
50
51
52
53
54
55
56
57
58
59
60
61
62
63
64
65
66
67
68
69
70
71
72
73
74
75
76
77
78
79
80
81
82
83
84
85
86
87
88
89
90
91
92
93
94
95
96
97
98
99
100
101
102
103
104
105
106
107
108
109
110
112
113
114
115
116
117
118
119
120
121
122
123
124
125
126
127
128
129
130
131
132
133
134
135
136
137
138
139
140
141
142
145
146
148
149
150
151
152
153
154
155
157
158
159
160
161
162
163
164
165
166
168
169
170
171
172
174
175
176
177
178
182
183
184
185
186
187
188
189
191
192
193
194
195
196
197
198
199
201
202
203
204
205
206
211
212
213
214
215
216
217
218
219
221
222
223
224
225
226
227
229
230
231
232
233
236
237
238
239
240
241
242
244
246
247
248
249
250
251
252
254
256
257
258
259
262
263
264
265
266
267
268
269
270
274
275
277
278
279
280
281
282
283
284
285
286
289
290
291
295
296
297
300
301
302
303
304
305
306
307
308
309
311
313
314
316
321
322
323
324
325
326
328
329
330
331
332
333
334
336
337
338
339
344
345
346
347
348
349
350
351
353
354
356
358
359
360
361
363
364
367
371
373
374
375
376
377
378
379
381
382
385
386
387
390
391
392
397
398
399
400
403
404
411
413
414
418
419
420
421
422
424
425
428
429
430
431
432
433
434
435
438
439
440
441
442
444
445
447
449
454
455
456
457
458
459
460
461
462
464
465
467
468
469
470
472
473
475
477
478
479
480
486
487
488
489
490
492
494
495
496
497
498
500
501
502
503
507
509
512
514
515
520
521
522
524
525
527
528
529
530
531
532
534
535
536
538
543
546
547
548
550
552
553
554
555
557
562
563
564
566
567
570
571
573
574
575
576
580
582
583
588
589
591
594
595
596
597
598
601
602
603
604
606
607
608
609
610
611
615
616
617
618
619
620
621
622
628
629
632
634
638
639
640
642
643
644
647
650
654
658
659
661
662
666
667
668
669
670
671
672
674
675
676
677
678
680
681
682
683
688
689
691
692
696
698
699
701
703
704
708
709
710
712
714
723
724
725
726
727
728
733
735
736
737
738
739
740
743
744
746
748
749
751
753
754
755
756
757
770
771
772
775
776
779
780
782
783
784
785
786
787
788
789
790
791
792
793
794
795
796
797
798
799
801
802
803
804
806
807
812
813
814
818
819
821
822
823
825
826
828
829
830
831
833
835
838
839
840
841
842
843
844
845
846
847
848
849
850
851
852
855
856
857
858
862
864
865
866
874
875
877
878
879
883
884
885
886
887
888
889
890
892
893
894
895
896
897
898
899
900
902
903
904
905
906
907
910
911
912
913
914
915
916
921
924
925
926
927
928
929
930
931
932
934
935
936
937
938
939
940
941
943
944
945
946
948
949
950
951
952
953
954
955
956
957
958
959
960
961
962
963
964
965
968
969
970
971
972
973
974
975
976
977
978
979
980
983
984
985
986
987
988
989
990
991
992
993
994
995
996
997
998
999
1000
1001
1002
1003
1004
1005
1006
1007
1008
1009
1010
1011
1012
1013
1014
1015
1016
1017
1018
1019
1020
1021
1022
1023
1024
1025
1026
1027
1028
1029
1030
1031
1032
1033
1034
1035
1036
1037
1038
1039
1040
1041
1042
1043
1044
1045
1046
1047
