[48,6,27,12,2,15]
[20,18,11,1,6,2]
[36,6,27,12,2,15]
[26,18,21,6,2,3]
[12,1,13,20,6,1]
[18,18,21,3,12,2]
[12,1,13,20,6,1]
[12,6,12,6,29,12]
[30,1,16,6,2,2]
[26,18,21,6,2,3]
[48,6,3,12,15,2]
[30,1,6,8,3,2]
[14,1,16,2,26,3]
[12,1,7,10,18,29]
[26,18,21,3,22,2]
[20,1,11,1,18,2]
[34,6,12,6,29,12]
[52,1,12,8,18,6]
[6,1,18,36,6,6]
[14,18,3,10,2,3]
[14,18,11,1,60,1]
[20,1,11,1,24,2]
[14,18,2,10,6,6]
[54,1,12,26,6,18]
[42,1,13,29,26,18]
[22,1,13,1,12,6]
[12,1,7,1,14,12]
[26,1,6,18,2,2]
[76,1,12,26,6,18]
[12,1,13,24,1,6]
[42,1,6,6,1,2]
[48,6,27,15,24,2]
[30,1,6,6,1,2]
[18,6,17,12,1,1]
[18,1,8,24,1,4]
[16,6,17,1,12,1]
[14,1,8,24,1,4]
[8,12,2,14,1,6]
[14,1,6,12,1,10]
[12,6,17,12,1,1]
[20,1,4,20,2,1]
[16,1,4,24,1,10]
[4,1,6,10,24,1]
[18,1,5,16,6,1]
[32,6,17,1,18,1]
[14,1,21,3,12,2]
[18,12,2,14,1,6]
[60,1,2,18,6,6]
[18,1,7,36,1,1]
[20,6,17,10,1,1]
[14,6,12,12,60,6]
[14,1,21,3,18,2]
[4,6,18,6,6,12]
[60,1,2,30,6,6]
[18,1,7,1,30,6]
[30,1,13,1,6,1]
[4,1,8,2,14,6]
[60,1,4,14,10,1]
[70,1,2,30,6,6]
[8,1,8,14,4,1]
[48,6,27,12,2,15]
[26,12,11,1,6,2]
[36,6,27,12,2,15]
[66,12,21,6,2,3]
[18,1,7,14,6,1]
[64,12,21,3,12,2]
[18,1,7,14,6,1]
[12,12,12,46,29,12]
[30,41,16,6,2,2]
[66,12,21,6,2,3]
[54,6,3,12,15,2]
[24,41,6,14,3,2]
[14,1,16,2,26,3]
[18,1,7,82,12,29]
[32,12,21,3,16,2]
[98,41,23,1,18,2]
[14,12,12,46,29,12]
[12,1,12,8,12,12]
[6,41,12,36,6,6]
[66,12,3,10,2,3]
[20,12,23,1,14,1]
[98,41,23,1,24,2]
[14,12,2,10,12,12]
[14,1,12,26,12,12]
[42,1,13,29,26,12]
[106,1,7,41,12,6]
[12,41,7,1,14,6]
[30,41,6,12,2,2]
[16,1,12,26,12,12]
[90,1,7,18,1,6]
[82,18,21,6,2,3]
[78,6,17,1,22,2]
[36,18,21,6,2,3]
[60,6,27,12,2,15]
[56,1,6,8,18,12]
[48,6,27,15,10,2]
[52,1,6,8,12,12]
[20,44,21,26,6,3]
[36,24,21,12,2,3]
[50,6,27,12,2,15]
[54,18,3,10,3,2]
[12,24,3,52,6,3]
[12,1,21,3,26,6]
[56,1,30,16,6,6]
[56,6,27,15,22,2]
[10,24,11,1,12,2]
[24,44,21,26,6,3]
[22,1,19,14,6,1]
[10,24,6,28,18,12]
[84,6,3,8,2,15]
[10,6,11,1,36,4]
[10,24,11,1,34,2]
[26,6,5,18,15,44]
[24,1,19,26,1,6]
[60,1,12,6,26,6]
[60,1,18,24,24,12]
[12,24,33,3,24,3]
[50,24,3,22,3,2]
[24,1,19,26,1,6]
[14,1,6,12,12,12]
[46,2,14,46,2,6]
[26,4,12,2,34,6]
[8,2,14,46,2,6]
[34,4,12,76,2,2]
[48,6,24,12,2,12]
[14,4,12,2,76,2]
[36,6,24,12,2,12]
[54,18,8,8,2,22]
[22,2,18,76,2,6]
[58,4,12,76,2,2]
[48,2,12,12,6,2]
[40,2,12,46,12,6]
[16,6,18,6,12,12]
[48,6,14,36,4,2]
[14,4,12,2,82,2]
[42,2,12,2,52,6]
[50,18,8,8,2,22]
[22,6,8,38,4,2]
[40,2,14,46,2,2]
[28,4,8,32,2,2]
[16,4,8,4,48,2]
[42,2,12,2,52,6]
[14,4,6,54,2,18]
[48,6,8,28,2,4]
[72,6,14,2,28,4]
[78,6,14,2,14,2]
[14,2,24,12,38,12]
[34,2,12,20,6,2]
[32,6,8,28,2,4]
[16,6,24,12,12,2]
[12,1,16,6,2,2]
[8,6,17,1,8,2]
[8,1,16,6,2,2]
[48,6,27,16,2,15]
[12,1,7,8,1,1]
[60,6,27,15,24,2]
[10,1,7,8,1,1]
[10,2,3,26,6,3]
[24,24,21,16,2,3]
[44,6,27,16,2,15]
[12,1,8,4,2,2]
[10,24,3,16,6,3]
[10,1,21,3,26,6]
[12,1,2,20,6,6]
[26,6,27,15,18,2]
[16,24,11,1,30,2]
[28,2,3,26,6,3]
[24,1,5,6,6,1]
[16,24,7,16,1,1]
[42,6,3,4,2,15]
[72,6,11,1,20,4]
[16,24,11,1,14,2]
[24,6,5,16,15,2]
[20,1,5,18,1,6]
[10,1,12,6,18,6]
[26,1,18,24,26,1]
[30,24,13,1,16,6]
[28,24,3,10,3,2]
[18,1,5,18,1,6]
[6,1,7,12,1,1]
[20,2,10,10,2,18]
[56,4,36,2,30,12]
[8,2,10,10,2,18]
[46,4,12,40,2,2]
[48,6,24,12,2,12]
[20,4,12,2,40,2]
[36,6,24,12,2,12]
[42,12,8,8,2,2]
[34,2,10,40,2,6]
[34,4,12,40,2,2]
[22,2,18,12,18,2]
[16,2,18,76,12,6]
[16,6,10,6,48,12]
[48,6,14,20,4,2]
[20,4,12,2,34,2]
[24,2,36,2,28,12]
[42,12,8,8,2,2]
[24,6,8,20,4,2]
[40,2,14,32,2,2]
[22,4,14,16,2,2]
[16,4,8,4,48,38]
[24,2,36,2,28,12]
[14,4,42,42,2,12]
[42,6,8,28,2,4]
[72,6,6,2,28,4]
[66,6,6,2,14,2]
[16,2,16,12,38,12]
[100,2,18,20,6,2]
[30,6,8,28,2,4]
[16,6,24,12,12,2]
[22,12,10,46,2,6]
[14,2,7,3,8,3]
[10,12,10,46,2,6]
[32,2,10,82,2,6]
[30,2,8,8,12,2]
[18,2,10,6,76,2]
[36,2,8,8,2,2]
[60,6,24,12,2,12]
[28,4,10,82,2,2]
[26,2,10,82,2,6]
[22,12,6,12,6,2]
[10,4,4,34,6,2]
[24,2,10,2,8,6]
[30,2,14,14,2,2]
[14,2,10,6,56,2]
[24,4,7,1,22,3]
[50,6,24,12,2,12]
[16,2,18,16,2,6]
[32,4,8,36,12,2]
[14,2,6,10,2,6]
[18,2,6,4,28,2]
[24,4,7,1,34,3]
[30,2,6,34,2,6]
[28,2,18,26,6,2]
[60,2,16,2,26,2]
[56,2,6,4,18,2]
[16,4,10,2,46,6]
[34,4,4,14,2,2]
[24,2,18,26,6,2]
[12,2,8,8,2,2]
[64,2,21,6,2,3]
[66,2,9,1,24,2]
[40,2,21,6,2,3]
[24,2,19,12,2,1]
[44,1,6,4,2,6]
[18,2,19,1,10,2]
[40,1,6,4,12,6]
[20,32,5,8,4,1]
[24,6,27,12,2,15]
[18,2,19,12,2,1]
[38,2,3,10,3,2]
[10,6,3,40,6,15]
[12,1,27,15,10,6]
[44,1,8,6,2,4]
[44,2,19,1,16,2]
[8,6,11,1,10,2]
[16,32,5,8,4,1]
[30,1,3,6,2,9]
[22,6,6,26,2,12]
[42,2,3,8,2,1]
[18,2,11,1,30,4]
[8,6,11,1,12,2]
[10,2,5,8,3,32]
[26,1,3,26,9,2]
[46,1,16,4,26,2]
[46,1,24,6,8,12]
[12,6,27,3,8,3]
[40,6,3,10,15,2]
[38,1,3,26,9,2]
[12,1,6,8,6,12]
[94,3,18,6,2,12]
[90,6,17,1,16,2]
[36,3,18,6,2,12]
[96,6,27,12,2,15]
[68,1,15,8,3,9]
[78,6,27,15,12,2]
[64,1,15,8,3,9]
[16,56,9,44,6,3]
[48,42,21,12,2,3]
[96,6,27,12,2,15]
[66,3,4,12,12,2]
[24,42,3,64,6,3]
[14,1,21,3,38,6]
[68,1,12,10,6,6]
[68,6,27,15,18,2]
[12,42,11,1,12,2]
[52,56,9,44,6,3]
[18,1,5,10,6,1]
[10,42,9,28,3,3]
[126,6,3,12,2,15]
[10,6,11,1,24,4]
[12,42,11,1,16,2]
[12,6,5,30,27,56]
[36,1,5,26,1,6]
[94,1,12,6,26,6]
[84,1,18,42,10,3]
[12,42,12,12,10,3]
[90,42,3,10,3,2]
[48,1,5,26,1,6]
[12,1,15,12,9,3]
[64,6,24,30,2,12]
[62,2,18,6,16,12]
[52,6,24,30,2,12]
[16,2,18,10,2,6]
[30,12,18,14,6,6]
[16,2,18,6,22,2]
[18,12,18,14,2,6]
[24,6,12,36,18,12]
[8,4,18,10,2,6]
[42,2,18,10,2,6]
[48,6,24,24,12,2]
[14,4,18,10,6,6]
[22,12,18,6,8,6]
[30,12,12,26,2,18]
[56,2,18,6,34,2]
[58,4,18,2,22,12]
[28,6,12,36,18,12]
[28,12,12,24,2,6]
[22,4,6,36,6,2]
[24,2,18,18,2,6]
[16,2,8,10,22,2]
[58,4,18,2,28,12]
[22,2,12,44,2,6]
[24,12,12,34,6,2]
[40,12,12,18,34,2]
[30,12,8,4,22,2]
[18,4,8,16,16,2]
[66,4,18,10,6,2]
[26,12,12,34,6,2]
[10,12,18,8,6,2]
[34,1,24,16,2,8]
[36,3,21,9,20,12]
[58,1,24,16,2,8]
[16,3,21,8,2,3]
[20,2,8,6,1,4]
[18,3,21,3,16,2]
[8,2,8,6,2,4]
[28,4,3,10,3,1]
[8,6,24,8,2,12]
[20,3,21,8,2,3]
[10,1,16,28,8,2]
[24,6,24,12,2,12]
[18,2,24,12,10,2]
[20,2,5,10,3,3]
[40,3,21,3,16,2]
[12,6,22,6,6,12]
[16,4,3,10,3,1]
[26,2,7,16,3,29]
[20,6,14,32,1,2]
[14,3,21,18,2,3]
[38,3,12,2,28,4]
[12,6,22,6,8,12]
[10,3,6,16,2,4]
[22,2,7,30,29,3]
[20,2,15,3,30,3]
[16,2,18,6,8,2]
[16,6,18,6,12,2]
[34,6,24,10,12,2]
[40,2,7,30,29,3]
[12,2,8,12,4,2]
[8,2,24,6,2,6]
[8,4,5,1,24,1]
[6,2,24,6,2,6]
[18,4,16,4,2,2]
[6,6,3,12,2,3]
[22,4,16,2,6,2]
[6,6,3,12,2,3]
[14,1,6,4,1,2]
[16,1,27,4,2,15]
[18,4,16,4,2,2]
[10,2,2,6,6,2]
[8,1,5,6,2,15]
[24,6,27,15,24,2]
[6,6,5,12,4,1]
[28,4,16,2,8,2]
[12,1,5,3,12,1]
[16,1,6,4,1,2]
[32,6,5,16,4,1]
[24,1,4,16,2,2]
[18,4,2,4,2,2]
[12,4,6,2,12,4]
[12,1,5,3,12,1]
[16,4,6,12,10,1]
[20,6,5,18,1,4]
[14,6,17,1,18,4]
[8,6,17,1,10,2]
[18,1,19,1,12,2]
[22,1,5,12,15,2]
[30,6,5,18,1,4]
[18,6,3,14,3,2]
[28,12,14,10,2,6]
[38,2,14,6,20,6]
[10,12,14,10,2,6]
[40,2,14,16,2,6]
[48,6,4,20,12,12]
[32,2,14,6,28,2]
[36,6,4,20,2,12]
[24,18,18,20,12,6]
[28,2,18,16,2,6]
[36,2,14,16,2,6]
[42,12,24,24,6,2]
[10,2,12,22,12,6]
[32,6,18,6,28,12]
[48,6,24,36,2,12]
[32,2,14,6,20,2]
[16,2,12,2,20,6]
[24,18,18,20,12,6]
[20,6,18,26,2,6]
[16,2,6,24,12,2]
[48,2,12,8,2,6]
[14,2,8,16,34,2]
[16,2,12,2,32,6]
[38,2,18,18,22,18]
[18,6,18,26,6,2]
[36,6,24,12,26,2]
[28,6,14,2,32,2]
[16,2,14,2,22,2]
[36,2,12,8,6,2]
[18,6,18,26,6,2]
[4,6,4,8,12,2]
[36,7,16,24,2,2]
[32,6,16,2,10,1]
[36,7,16,24,2,2]
[24,6,27,12,2,15]
[14,1,4,8,7,4]
[78,6,27,15,12,2]
[12,1,4,8,1,4]
[14,3,15,18,1,3]
[20,1,20,12,2,2]
[28,6,27,12,2,15]
[8,7,4,14,2,2]
[12,1,2,8,6,2]
[18,1,20,2,26,6]
[14,1,11,20,6,1]
[60,6,27,15,36,2]
[32,1,10,4,30,1]
[30,3,15,18,1,3]
[24,1,8,12,6,6]
[6,1,5,18,7,1]
[20,6,3,14,2,15]
[30,6,11,1,18,4]
[32,1,10,4,20,1]
[30,6,5,18,15,3]
[20,1,8,22,6,6]
[12,1,11,1,22,6]
[18,1,17,1,32,1]
[30,1,9,1,10,3]
[54,1,2,6,2,2]
[14,1,8,22,6,6]
[20,1,4,12,4,1]
[12,6,10,36,4,2]
[12,1,16,2,12,2]
[12,6,10,36,4,2]
[10,1,6,12,4,2]
[16,42,7,6,6,1]
[72,1,6,2,14,4]
[12,42,7,6,1,1]
[20,1,8,36,1,4]
[4,6,11,12,4,1]
[26,1,6,12,4,2]
[48,6,6,26,2,4]
[26,6,5,6,10,1]
[8,42,11,1,6,10]
[16,42,7,26,1,1]
[72,1,6,2,38,4]
[96,6,27,15,24,2]
[44,1,8,36,1,4]
[8,42,7,48,1,5]
[50,6,19,84,6,1]
[50,1,4,14,4,2]
[22,1,33,3,14,2]
[96,6,27,15,30,2]
[18,1,5,56,1,1]
[10,42,7,40,5,1]
[16,42,11,1,40,1]
[20,42,12,6,18,1]
[6,6,12,6,12,1]
[108,6,5,26,1,4]
[40,42,7,40,5,1]
[12,42,7,8,1,1]
[22,12,54,58,2,6]
[14,2,45,3,16,3]
[10,12,54,58,2,6]
[14,2,30,106,2,6]
[42,2,4,8,12,2]
[18,2,30,6,88,2]
[54,2,4,8,2,2]
[96,6,24,12,2,12]
[10,4,26,106,2,2]
[28,2,30,106,2,6]
[22,12,6,10,6,2]
[12,4,4,34,6,2]
[24,2,26,2,8,6]
[42,2,14,14,2,2]
[14,2,30,6,68,2]
[16,4,41,1,30,3]
[96,6,24,12,2,12]
[14,2,18,24,2,6]
[32,4,4,36,12,2]
[14,2,6,10,2,6]
[18,2,22,4,22,2]
[16,4,41,1,42,3]
[30,2,6,60,2,6]
[22,2,18,26,6,2]
[66,2,32,2,26,2]
[42,2,22,4,18,2]
[14,4,23,1,46,3]
[38,4,4,10,2,2]
[40,2,18,26,6,2]
[16,2,4,8,2,2]
[16,12,7,4,1,3]
[26,2,5,1,30,4]
[16,12,7,4,1,3]
[14,2,7,4,1,3]
[14,6,4,20,12,6]
[22,2,7,3,16,1]
[12,6,4,20,2,6]
[14,6,18,20,6,6]
[8,2,9,4,1,15]
[16,2,7,4,1,3]
[24,12,5,72,3,1]
[10,2,5,10,3,15]
[36,6,9,15,8,3]
[14,6,18,26,2,6]
[28,2,7,3,14,1]
[16,2,5,7,18,4]
[12,6,18,20,6,6]
[60,6,24,36,2,12]
[24,2,6,14,12,2]
[16,2,5,56,1,3]
[24,2,6,16,36,2]
[16,2,5,7,30,4]
[24,2,18,16,2,6]
[46,6,24,28,12,2]
[18,6,18,6,28,2]
[16,6,8,2,20,2]
[12,2,8,2,28,2]
[10,2,5,62,15,1]
[44,6,24,28,12,2]
[24,6,4,6,6,2]
[74,2,14,12,6,6]
[60,2,7,11,20,1]
[30,2,14,12,6,6]
[28,2,12,28,6,2]
[58,18,18,10,2,6]
[14,2,12,2,24,6]
[52,18,18,10,12,6]
[60,44,4,18,2,22]
[28,6,12,28,6,12]
[52,2,12,28,6,2]
[86,2,2,20,6,6]
[48,6,2,60,2,12]
[10,18,12,12,10,2]
[58,18,8,38,2,2]
[14,2,12,2,30,6]
[64,6,13,1,26,1]
[32,44,4,18,2,22]
[30,18,8,38,2,22]
[48,6,24,48,2,12]
[70,2,12,32,6,2]
[28,2,18,6,40,4]
[64,6,13,1,28,1]
[6,2,10,60,2,44]
[46,18,8,26,22,2]
[94,18,8,2,26,2]
[92,18,18,6,10,12]
[22,6,18,6,22,12]
[24,6,2,20,12,6]
[42,18,8,26,22,2]
[10,18,18,16,6,12]
[24,8,32,30,2,4]
[16,6,24,12,12,12]
[18,8,32,30,2,4]
[36,6,24,10,2,12]
[30,12,4,10,8,2]
[38,6,24,12,10,2]
[18,12,4,10,2,2]
[18,6,10,42,6,6]
[18,18,18,10,2,6]
[42,6,24,10,2,12]
[30,8,16,12,4,2]
[24,18,18,10,6,6]
[8,12,18,6,22,6]
[30,12,10,12,6,6]
[26,6,24,12,34,2]
[50,18,18,6,14,12]
[22,6,10,42,6,6]
[26,12,10,16,6,6]
[22,18,4,32,8,2]
[48,6,24,24,2,12]
[14,6,8,2,18,2]
[50,18,18,6,24,12]
[14,6,4,24,12,6]
[18,12,10,26,6,6]
[26,12,18,6,26,6]
[24,12,12,18,14,2]
[20,18,7,1,14,3]
[32,18,18,12,6,2]
[18,12,10,26,6,6]
[6,12,4,16,2,2]
[14,1,5,6,1,3]
[24,6,10,2,22,2]
[12,1,5,6,1,3]
[10,6,10,8,1,4]
[14,4,4,24,1,4]
[48,6,10,4,12,1]
[12,4,4,24,7,4]
[16,4,5,18,1,1]
[12,1,9,8,1,1]
[12,6,10,8,1,4]
[10,1,3,28,3,1]
[20,1,5,12,7,1]
[12,4,9,1,12,7]
[14,4,5,28,6,1]
[12,6,10,4,14,1]
[24,1,16,4,36,2]
[16,4,5,18,1,1]
[26,4,5,28,6,3]
[12,1,11,22,1,7]
[10,6,4,10,1,4]
[24,6,27,15,36,2]
[24,1,16,4,26,2]
[18,6,17,12,1,4]
[24,4,5,48,3,6]
[14,4,17,1,48,6]
[28,4,11,1,16,7]
[16,1,9,1,14,3]
[14,1,5,8,1,1]
[32,4,5,48,3,6]
[8,4,4,12,4,7]
[18,3,9,36,4,1]
[14,7,16,2,16,2]
[14,3,9,36,4,1]
[12,7,6,12,4,4]
[22,42,8,14,3,2]
[14,7,6,4,12,4]
[18,42,8,14,8,2]
[20,1,4,36,1,4]
[12,6,11,12,4,1]
[22,7,6,12,4,4]
[48,3,3,24,1,4]
[32,6,5,8,16,1]
[6,42,11,1,16,16]
[22,42,5,34,7,1]
[12,7,6,4,40,4]
[96,6,27,15,30,2]
[44,1,4,36,1,4]
[6,42,5,48,7,1]
[50,6,20,14,3,8]
[50,7,4,12,4,4]
[14,7,33,3,22,4]
[96,6,27,15,36,2]
[8,7,7,56,1,1]
[10,42,5,30,1,7]
[12,42,11,1,30,7]
[20,42,12,6,8,8]
[6,6,12,6,12,2]
[48,6,5,24,1,4]
[104,42,5,30,1,7]
[12,42,8,16,2,8]
[16,3,10,12,1,4]
[28,6,14,2,6,1]
[10,3,10,12,1,4]
[18,6,11,8,1,1]
[6,16,5,24,3,1]
[58,6,11,1,8,1]
[10,16,5,24,3,1]
[16,2,6,16,2,6]
[18,2,11,8,1,1]
[26,6,11,8,1,1]
[26,3,2,22,4,1]
[12,2,7,16,1,1]
[12,16,11,1,36,1]
[6,16,4,28,6,2]
[22,6,11,1,10,1]
[30,2,16,4,20,1]
[20,2,6,16,2,6]
[26,16,4,22,6,2]
[20,2,3,16,3,3]
[32,6,3,12,1,1]
[22,6,24,12,8,12]
[30,2,16,4,14,1]
[24,6,24,36,12,2]
[14,16,4,24,2,6]
[20,16,16,2,24,6]
[14,16,22,2,18,3]
[12,2,12,4,12,1]
[20,2,7,12,1,1]
[10,16,4,24,2,6]
[8,16,5,14,1,3]
[16,12,7,14,1,3]
[32,2,5,1,24,4]
[16,12,7,14,1,3]
[28,2,7,14,1,3]
[14,6,18,26,12,6]
[8,2,7,3,26,1]
[12,6,18,26,2,6]
[12,6,18,26,6,6]
[22,2,9,14,1,15]
[28,2,7,14,1,3]
[24,12,5,26,3,1]
[10,2,5,10,3,15]
[16,6,9,15,8,3]
[14,6,18,30,2,6]
[8,2,7,3,26,1]
[34,2,5,11,12,4]
[16,6,18,26,6,6]
[42,6,24,40,2,12]
[24,2,8,20,12,2]
[16,2,5,6,1,3]
[16,2,14,22,42,2]
[34,2,5,11,24,4]
[16,2,24,30,2,6]
[60,6,24,48,12,2]
[30,6,18,6,48,2]
[28,6,8,2,20,2]
[4,2,12,12,28,6]
[12,2,5,10,15,1]
[50,6,24,48,12,2]
[6,6,18,6,6,2]
[48,12,24,14,2,6]
[66,2,7,1,8,1]
[6,12,24,14,2,6]
[20,2,24,16,2,6]
[50,6,21,26,12,3]
[8,2,24,6,16,2]
[72,6,21,26,2,3]
[56,42,21,24,15,3]
[18,1,33,16,2,3]
[38,2,24,16,2,6]
[66,12,2,26,6,2]
[18,1,3,44,3,3]
[8,6,33,3,6,3]
[50,6,15,32,2,15]
[6,2,24,6,20,2]
[24,1,5,11,8,1]
[72,42,21,24,15,3]
[14,6,15,44,2,3]
[12,1,4,16,12,2]
[50,2,2,10,2,6]
[6,2,6,22,30,1]
[24,1,5,11,20,1]
[16,2,23,60,1,42]
[30,6,15,48,3,2]
[96,6,27,15,48,2]
[66,6,17,1,20,2]
[8,1,18,18,18,3]
[46,1,3,6,3,2]
[66,6,15,48,3,2]
[16,6,21,10,3,2]
[48,3,8,12,2,6]
[54,1,7,3,8,6]
[8,3,8,12,2,6]
[32,1,9,36,2,3]
[50,6,19,8,3,1]
[32,1,9,3,48,2]
[44,6,19,8,2,1]
[10,42,4,24,2,2]
[18,15,19,36,2,1]
[44,1,9,36,2,3]
[52,3,18,12,6,2]
[14,15,7,72,1,1]
[6,6,19,1,8,1]
[50,6,4,30,1,2]
[18,1,9,3,14,2]
[30,15,8,2,12,6]
[40,42,4,24,2,2]
[14,6,4,30,1,4]
[36,15,4,34,3,2]
[66,1,9,12,2,3]
[14,1,24,6,10,3]
[30,15,8,2,12,6]
[12,1,9,32,3,42]
[26,6,4,34,4,1]
[68,6,16,2,34,1]
[96,6,27,15,24,2]
[10,15,18,18,32,1]
[60,15,7,20,1,2]
[50,6,4,34,4,1]
[18,6,19,8,1,2]
[14,3,10,24,1,4]
[12,4,6,2,8,1]
[8,3,10,24,1,4]
[14,4,11,24,1,1]
[38,1,17,12,3,1]
[20,4,11,1,32,1]
[40,1,17,12,1,1]
[24,6,9,12,2,3]
[8,6,21,24,1,3]
[30,4,11,24,1,1]
[12,3,2,10,4,1]
[34,6,5,12,26,3]
[18,1,21,3,14,26]
[38,1,4,18,4,2]
[10,4,11,1,24,1]
[10,6,10,2,36,1]
[22,6,9,12,2,3]
[20,1,15,10,4,3]
[8,6,5,44,3,1]
[14,4,3,10,1,1]
[12,4,14,2,36,3]
[10,6,10,2,36,1]
[12,4,5,26,1,6]
[10,1,15,40,3,4]
[24,1,16,2,40,4]
[16,1,24,6,10,1]
[24,6,27,15,24,2]
[20,6,5,6,3,1]
[18,1,15,40,3,4]
[12,1,17,14,1,1]
[48,3,35,16,2,1]
[48,2,44,4,20,12]
[46,3,35,16,2,1]
[38,2,44,10,2,4]
[24,6,17,10,3,1]
[42,2,44,4,10,2]
[12,6,17,10,1,1]
[22,3,5,10,8,1]
[32,6,36,10,2,12]
[52,2,44,10,2,4]
[18,3,17,10,1,2]
[8,6,24,6,3,12]
[6,6,36,12,36,3]
[24,6,4,18,2,8]
[78,2,44,4,10,2]
[48,6,42,6,8,12]
[28,3,5,10,8,1]
[24,6,4,28,2,2]
[22,6,5,16,3,1]
[42,2,16,42,2,4]
[16,2,32,2,12,1]
[48,6,42,6,14,12]
[10,2,3,34,27,3]
[24,6,4,14,2,2]
[14,6,28,8,14,2]
[12,6,30,6,12,1]
[12,6,34,14,12,3]
[96,6,24,24,12,2]
[40,6,4,14,2,2]
[18,6,17,16,1,1]
[16,12,69,14,1,3]
[34,2,25,1,36,4]
[16,12,69,14,1,3]
[22,2,45,14,1,3]
[14,6,6,26,12,6]
[10,2,45,3,26,1]
[12,6,6,26,2,6]
[14,6,18,26,6,6]
[16,2,51,14,1,27]
[22,2,45,14,1,3]
[24,12,5,26,3,1]
[12,2,5,12,3,27]
[16,6,51,27,10,3]
[14,6,18,28,2,6]
[10,2,45,3,32,1]
[26,2,21,11,12,4]
[38,6,18,26,6,6]
[72,6,24,38,2,12]
[36,2,4,22,12,2]
[16,2,5,10,1,3]
[16,2,30,22,60,4]
[26,2,21,11,24,4]
[16,2,26,30,2,6]
[96,6,24,48,12,2]
[30,6,42,6,48,2]
[32,6,32,2,20,2]
[4,2,33,3,28,3]
[34,2,5,6,27,1]
[96,6,24,48,12,2]
[28,6,6,6,6,2]
[10,1,22,6,3,2]
[10,3,13,1,46,2]
[6,1,22,6,3,2]
[36,3,19,4,3,3]
[12,6,24,12,1,12]
[18,3,19,3,16,3]
[10,6,24,12,2,12]
[16,2,5,6,1,3]
[24,2,22,4,3,14]
[36,3,19,4,3,3]
[12,1,10,12,2,3]
[18,2,6,6,6,14]
[24,6,22,14,18,6]
[12,6,13,22,3,1]
[24,3,19,3,30,3]
[30,2,14,2,12,2]
[14,2,5,6,1,3]
[28,6,7,20,3,1]
[24,2,14,10,1,2]
[16,3,3,18,3,3]
[8,3,11,3,40,3]
[30,2,14,2,30,2]
[8,3,6,30,6,2]
[36,6,7,12,1,3]
[22,6,13,1,12,3]
[24,6,14,2,12,2]
[18,2,24,12,14,12]
[14,2,6,36,14,3]
[30,6,7,12,1,3]
[24,6,24,24,12,2]
