[7, [15,99,3,15,99,18]]
[19, [27,3,81,12,99,3]]
[22, [18,6,60,3,3,51]]
[36, [18,3,18,63,3,27]]
[38, [21,28,12,6,2,2]]
[40, [15,15,99,3,99,18]]
[41, [15,15,45,3,117,18]]
[42, [15,15,87,24,18,3]]
[54, [24,3,31,2,23,3]]
[64, [21,12,82,2,6,2]]
[70, [18,3,3,63,18,10]]
[73, [9,25,15,15,18,3]]
[74, [27,3,63,30,12,3]]
[75, [27,3,69,24,12,3]]
[76, [9,12,40,2,3,2]]
[77, [18,51,56,6,3,3]]
[78, [18,85,12,3,6,3]]
[79, [6,29,24,3,3,3]]
[80, [15,7,87,18,15,3]]
[81, [39,99,3,18,3,3]]
[86, [6,3,25,18,27,3]]
[89, [15,15,87,24,3,18]]
[90, [18,3,24,18,18,66]]
[91, [6,2,46,6,12,2]]
[93, [15,3,18,57,45,99]]
[96, [18,3,57,102,3,18]]
[100, [27,25,18,3,2,1]]
[105, [27,3,33,45,18,99]]
[106, [6,3,21,3,45,6]]
[108, [27,6,23,2,3,13]]
[114, [21,2,24,3,3,1]]
[115, [9,29,15,15,18,3]]
[116, [4,39,56,3,18,2]]
[117, [9,51,39,3,18,3]]
[118, [5,41,3,45,27,18]]
[119, [6,69,5,18,3,3]]
[120, [42,84,3,3,3,3]]
[121, [6,9,78,3,3,3]]
[122, [20,1,63,6,3,31]]
[138, [6,2,28,3,12,2]]
[139, [6,2,100,6,12,2]]
[140, [36,66,6,12,3,3]]
[142, [18,87,10,3,6,3]]
[143, [18,3,102,3,21,18]]
[144, [39,2,19,6,12,2]]
[145, [6,3,19,18,102,3]]
[148, [18,3,3,55,18,27]]
[153, [15,3,96,60,3,45]]
[154, [27,12,30,3,45,3]]
[155, [78,36,6,6,3,75]]
[156, [39,99,3,18,3,3]]
[157, [51,45,18,3,3,3]]
[162, [15,3,18,99,33,45]]
[166, [21,2,22,3,3,1]]
[170, [6,39,34,3,18,45]]
[171, [6,3,28,24,18,18]]
[173, [39,3,12,3,33,45]]
[174, [27,7,69,3,3,12]]
[175, [27,2,49,18,3,1]]
[177, [40,3,1,11,6,51]]
[180, [15,9,3,45,57,18]]
[182, [4,72,7,1,6,3]]
[183, [35,1,21,18,8,3]]
[188, [9,27,11,3,45,6]]
[189, [18,3,32,1,22,3]]
[190, [18,33,74,3,6,3]]
[194, [9,21,12,3,2,2]]
[195, [9,30,2,6,3,6]]
[199, [27,3,36,45,96,3]]
[201, [27,31,6,58,3,1]]
[204, [54,3,36,36,9,3]]
[208, [18,2,25,3,6,2]]
[209, [33,87,18,3,3,3]]
[210, [18,2,27,18,3,1]]
[211, [7,3,48,3,3,36]]
[212, [34,3,6,37,1,51]]
[213, [54,41,6,47,1,6]]
[214, [54,3,36,36,3,9]]
[215, [7,29,2,58,3,1]]
[216, [6,45,39,6,3,6]]
[217, [30,4,35,3,18,3]]
[218, [42,3,7,45,3,4]]
[219, [30,38,3,3,3,3]]
[222, [9,12,32,3,3,3]]
[223, [15,6,60,3,45,3]]
[224, [6,9,74,3,3,3]]
[225, [18,33,42,9,24,9]]
[226, [18,39,3,45,23,18]]
[227, [18,44,3,45,12,3]]
[229, [18,14,9,18,3,45]]
[230, [27,14,30,3,45,3]]
[231, [63,12,6,5,45,36]]
[232, [45,6,5,2,3,10]]
[233, [35,33,2,2,18,3]]
[234, [44,2,66,18,18,2]]
[235, [66,3,6,3,2,31]]
[236, [5,54,4,2,18,15]]
[245, [63,3,23,3,99,18]]
[247, [9,19,45,3,9,6]]
[263, [6,2,9,3,12,2]]
[264, [33,48,3,12,3,3]]
[265, [6,3,21,18,3,102]]
[266, [6,42,10,3,18,3]]
[267, [18,3,102,3,49,18]]
[268, [12,2,18,3,3,1]]
[270, [51,84,6,3,3,75]]
[271, [57,57,18,3,3,3]]
[272, [15,3,96,36,3,45]]
[274, [72,3,24,16,18,18]]
[275, [39,3,24,9,54,3]]
[276, [6,44,30,3,3,3]]
[284, [15,3,21,1,18,10]]
[285, [39,12,6,5,45,8]]
[286, [29,2,58,3,2,1]]
[287, [8,4,42,1,45,3]]
[291, [63,38,6,3,12,3]]
[292, [9,9,33,18,15,3]]
[298, [5,27,3,6,15,45]]
[299, [39,3,12,3,33,45]]
[305, [18,24,3,45,35,18]]
[307, [6,18,39,3,45,18]]
[308, [6,69,11,18,3,3]]
[311, [4,89,28,18,3,2]]
[317, [87,55,3,3,18,3]]
[319, [9,89,9,3,18,3]]
[321, [6,51,28,3,18,3]]
[322, [27,15,24,9,24,3]]
[323, [12,43,25,6,1,6]]
[326, [6,41,45,3,18,3]]
[334, [48,2,42,12,6,6]]
[335, [15,13,63,18,15,3]]
[339, [39,3,6,45,12,6]]
[342, [29,38,3,3,3,3]]
[343, [33,39,18,3,3,3]]
[344, [18,41,24,24,9,9]]
[345, [66,6,3,38,6,33]]
[347, [40,2,6,5,45,32]]
[348, [65,21,3,4,32,6]]
[349, [2,1,21,3,7,18]]
[350, [21,2,1,12,1,69]]
[362, [15,3,4,12,9,3]]
[363, [14,24,15,3,18,3]]
[364, [4,19,22,3,9,1]]
[365, [6,19,26,3,9,9]]
[366, [27,20,3,9,12,3]]
[367, [4,69,8,3,3,1]]
[368, [9,14,48,6,3,6]]
[369, [41,60,24,9,3,3]]
[370, [56,1,31,4,3,29]]
[377, [6,9,60,3,3,3]]
[379, [5,11,33,3,6,9]]
[380, [12,36,38,3,45,3]]
[381, [17,9,45,6,3,3]]
[382, [33,27,54,6,3,3]]
[386, [10,1,30,3,52,45]]
[392, [16,1,36,3,3,4]]
[393, [48,6,3,6,1,43]]
[394, [60,3,7,3,3,36]]
[395, [74,3,7,3,2,31]]
[399, [18,3,51,3,18,102]]
[400, [18,24,4,3,45,18]]
[401, [24,6,5,6,36,3]]
[403, [6,39,49,24,9,12]]
[404, [12,36,3,3,6,3]]
[405, [6,42,7,18,15,3]]
[406, [30,3,19,1,3,40]]
[409, [12,57,24,6,15,45]]
[410, [38,1,45,39,40,6]]
[412, [8,30,5,3,3,18]]
[413, [8,75,24,6,39,9]]
[414, [7,44,15,3,45,18]]
[415, [6,24,3,45,35,18]]
[420, [58,9,1,45,22,12]]
[432, [44,5,1,9,9,6]]
[433, [12,39,51,3,18,3]]
[438, [36,62,3,3,3,3]]
[440, [9,1,9,12,3,52]]
[441, [10,2,25,6,2,1]]
[442, [34,25,9,1,9,6]]
[443, [28,36,3,21,18,3]]
[444, [9,9,33,18,15,3]]
[445, [54,5,18,4,3,3]]
[446, [61,27,6,1,44,3]]
[447, [36,3,54,63,9,18]]
[448, [6,15,29,9,3,9]]
[452, [15,10,102,3,15,3]]
[453, [18,40,30,3,45,3]]
[454, [41,63,18,3,3,3]]
[458, [6,2,25,18,3,1]]
[459, [9,9,11,18,3,3]]
[460, [15,3,24,21,18,45]]
[461, [56,2,69,1,3,9]]
[462, [63,3,24,3,41,6]]
[463, [18,3,96,39,3,6]]
[464, [77,54,6,75,3,3]]
[465, [36,102,3,3,3,3]]
[479, [17,2,70,1,1,31]]
[481, [6,69,14,24,9,6]]
[484, [2,5,57,3,1,18]]
[485, [8,117,2,3,3,3]]
[486, [8,3,15,18,18,3]]
[488, [131,2,6,27,1,1]]
[489, [18,9,53,3,2,3]]
[490, [6,63,36,3,9,3]]
[492, [18,18,5,39,60,3]]
[493, [4,56,11,6,6,1]]
[494, [9,14,32,3,3,3]]
[495, [14,24,23,3,18,9]]
[497, [4,86,9,2,3,3]]
[505, [39,35,18,3,3,3]]
[506, [54,14,15,9,3,2]]
[507, [6,33,29,6,3,12]]
[510, [33,2,12,6,6,2]]
[512, [81,6,6,6,3,8]]
[514, [63,12,45,11,117,6]]
[515, [41,2,63,2,3,18]]
[516, [38,4,27,3,50,6]]
[519, [6,1,10,29,23,2]]
[525, [9,6,6,27,3,66]]
[527, [2,21,10,3,18,4]]
[528, [30,9,1,8,4,9]]
[529, [6,3,48,3,3,6]]
[536, [74,2,26,3,1,9]]
[537, [74,1,29,3,33,4]]
[538, [71,3,5,6,6,33]]
[539, [48,6,12,6,2,34]]
[540, [5,3,57,3,45,18]]
[541, [41,38,75,6,6,3]]
[542, [35,45,18,3,3,3]]
[549, [9,113,15,3,18,3]]
[555, [9,15,21,18,3,3]]
[556, [6,14,29,6,3,9]]
[557, [27,10,36,45,3,3]]
[558, [18,68,45,3,3,6]]
[559, [39,51,18,3,3,3]]
[560, [4,9,30,6,45,9]]
[561, [52,27,21,6,3,3]]
[566, [9,89,9,3,18,3]]
[567, [5,36,10,3,4,18]]
[568, [6,29,10,12,6,3]]
[569, [6,36,10,3,18,3]]
[570, [114,48,6,75,3,6]]
[575, [86,11,6,1,20,45]]
[577, [24,3,11,6,3,18]]
[578, [12,36,92,3,3,3]]
[579, [24,28,1,9,48,45]]
[580, [21,6,32,45,77,9]]
[581, [65,4,3,9,24,4]]
[582, [52,9,1,1,29,2]]
[583, [57,3,2,46,18,4]]
[584, [17,9,51,9,15,18]]
[585, [17,11,45,6,3,3]]
[586, [37,1,12,9,45,2]]
[592, [4,41,24,24,45,1]]
[593, [8,45,3,3,10,3]]
[594, [6,78,13,3,3,3]]
[595, [26,9,11,12,9,33]]
[596, [48,31,3,6,1,6]]
[597, [87,3,26,18,3,3]]
[598, [30,9,48,6,3,3]]
[600, [30,40,24,24,6,12]]
[605, [8,105,3,3,11,9]]
[610, [45,6,3,29,61,1]]
[612, [18,57,63,6,6,3]]
[617, [42,48,3,3,3,3]]
[618, [59,42,9,24,3,3]]
[619, [27,41,18,3,3,3]]
[620, [21,53,18,3,36,3]]
[621, [7,1,27,18,30,3]]
[624, [18,87,9,3,6,6]]
[625, [6,23,30,3,3,3]]
[626, [57,2,45,12,43,1]]
[627, [60,6,5,23,3,6]]
[629, [12,14,57,3,9,2]]
[631, [8,30,4,3,3,18]]
[632, [32,21,37,18,4,3]]
[633, [14,45,12,6,3,6]]
[636, [9,42,6,3,3,1]]
[637, [45,3,18,6,43,4]]
[639, [32,3,3,8,98,9]]
[640, [15,1,9,15,18,52]]
[641, [18,3,57,51,7,3]]
[642, [9,35,23,3,3,6]]
[643, [6,50,3,3,18,45]]
[644, [6,40,32,3,3,3]]
[647, [6,42,3,3,18,3]]
[648, [9,31,12,3,3,3]]
[649, [54,62,9,6,3,1]]
[650, [26,18,3,9,18,3]]
[655, [26,78,95,1,4,1]]
[657, [18,3,24,3,6,3]]
[669, [5,115,3,3,15,18]]
[670, [20,18,15,1,18,31]]
[671, [6,12,9,3,18,3]]
[672, [9,11,11,18,3,3]]
[673, [26,1,31,27,12,45]]
[674, [24,3,2,12,3,3]]
[675, [8,1,19,45,2,29]]
[676, [32,1,5,9,12,31]]
[679, [58,4,21,65,6,3]]
[680, [6,14,21,3,18,3]]
[685, [18,36,38,3,9,3]]
[686, [40,6,85,18,2,18]]
[687, [9,33,62,3,3,6]]
[693, [12,10,51,3,18,3]]
[695, [5,18,6,18,3,4]]
[696, [9,81,7,2,3,3]]
[697, [14,108,15,3,3,6]]
[698, [13,2,59,1,24,1]]
[707, [60,2,63,1,3,9]]
[709, [39,3,34,2,57,18]]
[711, [39,2,21,3,4,18]]
[712, [9,33,3,13,1,18]]
[718, [47,138,6,75,3,6]]
[728, [33,8,3,9,6,18]]
[738, [56,48,3,3,3,3]]
[756, [23,27,8,3,6,6]]
[757, [15,25,4,18,11,45]]
[758, [29,2,29,6,9,3]]
[759, [16,2,51,1,45,3]]
[764, [8,12,21,3,18,15]]
[770, [12,6,29,9,9,45]]
[771, [50,3,9,27,9,18]]
[772, [27,31,5,6,2,9]]
[773, [65,24,36,1,6,6]]
[774, [3,45,9,8,18,4]]
[775, [45,6,6,6,41,3]]
[777, [129,18,109,3,18,33]]
[778, [11,20,66,3,3,9]]
[779, [8,40,57,18,3,3]]
[780, [11,92,26,3,3,3]]
[781, [27,3,17,48,18,3]]
[786, [6,62,63,3,18,3]]
[788, [18,3,47,3,40,1]]
[789, [12,53,3,3,18,3]]
[791, [2,45,6,45,37,1]]
[792, [3,18,78,5,27,9]]
[793, [48,5,32,6,6,3]]
[794, [21,18,11,3,57,3]]
[795, [20,18,13,18,1,31]]
[796, [8,26,6,39,12,9]]
[797, [66,2,45,6,43,3]]
[798, [8,68,21,3,18,9]]
[800, [15,10,20,3,45,3]]
[809, [9,6,10,1,18,3]]
[810, [46,2,21,3,4,18]]
[811, [45,21,46,1,6,3]]
[813, [3,6,8,101,23,3]]
[819, [45,3,18,9,49,4]]
[820, [16,4,6,6,6,32]]
[821, [8,3,20,4,18,31]]
[822, [9,2,3,12,87,9]]
[823, [35,3,51,2,3,35]]
[824, [36,9,57,1,8,3]]
[828, [78,3,3,27,35,6]]
[830, [18,81,7,6,6,3]]
[831, [61,57,9,24,3,3]]
[832, [18,101,14,18,18,3]]
[833, [43,29,4,23,45,1]]
[834, [13,24,3,4,22,18]]
[835, [44,53,3,18,3,3]]
[836, [30,42,12,12,24,6]]
[840, [48,3,7,45,2,3]]
[841, [11,6,33,1,1,6]]
[842, [9,24,2,4,18,3]]
[844, [44,96,3,3,3,3]]
[845, [4,54,7,2,3,3]]
[846, [6,78,7,6,3,3]]
[847, [6,45,30,6,3,12]]
[848, [42,36,3,3,3,3]]
[849, [7,1,9,18,3,34]]
[850, [5,11,15,3,45,18]]
[851, [40,2,3,3,39,6]]
[855, [6,17,14,3,3,9]]
[856, [32,3,30,3,3,39]]
[862, [45,18,5,15,48,18]]
[863, [54,2,12,18,4,18]]
[864, [51,3,42,18,33,18]]
[868, [10,111,3,6,57,3]]
[870, [27,18,36,2,1,3]]
[871, [38,9,1,12,45,22]]
[872, [63,18,36,2,31,3]]
[873, [14,30,4,1,6,3]]
[874, [14,27,12,3,3,3]]
[875, [45,54,25,9,3,2]]
[876, [3,18,25,39,57,3]]
[878, [2,4,27,18,16,3]]
[879, [30,76,23,3,3,2]]
[880, [6,4,1,55,23,2]]
[887, [38,3,4,47,1,79]]
[888, [15,1,18,21,30,9]]
[890, [37,9,3,1,43,18]]
[893, [9,93,9,3,3,2]]
[894, [9,123,38,3,6,1]]
[895, [7,40,2,3,24,3]]
[896, [9,68,20,45,3,3]]
[897, [71,59,6,3,3,75]]
[898, [29,6,57,3,18,3]]
[899, [3,9,15,18,5,3]]
[900, [36,4,3,45,3,4]]
[901, [6,39,3,3,11,3]]
[902, [9,60,10,3,3,1]]
[904, [72,138,6,75,6,3]]
[905, [15,9,15,3,3,2]]
[907, [15,4,9,2,52,18]]
[908, [6,1,63,18,30,3]]
[910, [51,31,2,18,3,4]]
[912, [5,19,4,3,51,6]]
[916, [8,46,15,3,45,18]]
[917, [6,48,9,3,15,2]]
[918, [8,26,16,3,3,2]]
[920, [6,3,45,18,3,3]]
[921, [5,18,11,18,15,9]]
[922, [84,34,3,3,3,3]]
[923, [6,90,4,3,6,3]]
[928, [18,37,30,9,45,24]]
[931, [66,5,3,9,24,3]]
[933, [4,9,7,2,24,9]]
[937, [20,9,5,9,34,2]]
[939, [6,21,36,3,45,3]]
[940, [3,3,18,46,2,57]]
[944, [14,63,18,15,3,3]]
[946, [6,19,3,9,24,45]]
[947, [6,14,63,18,3,3]]
[948, [10,1,57,3,31,18]]
[949, [21,57,18,3,51,3]]
[951, [27,2,23,3,18,3]]
[952, [37,75,30,12,6,3]]
[953, [3,1,33,18,3,13]]
[955, [29,12,2,27,2,1]]
[963, [6,40,57,3,18,3]]
[964, [24,55,18,4,3,18]]
[970, [6,90,10,6,3,3]]
[972, [27,10,26,9,3,3]]
[973, [23,9,12,6,6,3]]
[975, [6,15,24,18,18,3]]
[976, [18,37,15,3,45,18]]
[977, [44,35,3,3,3,3]]
[978, [9,6,8,45,12,36]]
[979, [44,27,3,6,37,1]]
[990, [51,3,4,2,8,12]]
[1001, [8,3,3,6,27,3]]
[1008, [78,25,3,3,3,2]]
[1009, [23,5,31,18,1,3]]
[1010, [51,3,2,18,4,10]]
[1011, [9,30,3,18,48,45]]
[1012, [44,5,21,45,9,6]]
[1020, [14,60,15,3,3,6]]
[1024, [108,15,20,9,18,2]]
[1028, [90,3,33,3,18,2]]
[1029, [15,6,40,9,3,18]]
[1030, [3,72,3,2,47,3]]
[1033, [21,18,45,61,3,4]]
[1034, [21,32,6,39,6,9]]
[1035, [63,43,6,3,38,1]]
[1036, [33,4,17,18,9,3]]
[1037, [63,3,23,6,4,6]]
[1038, [10,18,7,3,3,1]]
[1041, [45,3,36,56,13,3]]
[1050, [39,3,18,26,3,57]]
[1055, [35,33,5,3,3,18]]
[1056, [21,6,50,9,3,18]]
[1057, [36,30,38,45,3,3]]
[1058, [12,30,5,18,3,3]]
[1059, [14,62,4,1,6,3]]
[1060, [9,81,3,2,3,3]]
[1061, [99,3,36,25,1,6]]
[1062, [74,40,3,3,3,3]]
[1063, [5,10,59,1,3,18]]
[1064, [27,12,12,45,45,9]]
[1065, [16,1,33,35,45,18]]
[1066, [60,3,31,45,3,2]]
[1068, [59,6,3,8,3,11]]
[1071, [5,5,9,6,15,45]]
[1072, [33,3,35,9,18,3]]
[1073, [9,4,10,6,45,2]]
[1074, [57,3,26,18,3,3]]
[1075, [39,6,46,3,57,3]]
[1079, [30,9,6,12,9,45]]
[1080, [65,1,6,42,5,6]]
[1081, [15,40,2,4,45,18]]
[1082, [45,18,15,37,4,7]]
[1088, [21,3,11,18,34,1]]
[1089, [2,3,21,18,3,21]]
[1090, [11,11,21,45,6,3]]
[1091, [11,37,21,3,3,18]]
[1092, [12,10,27,3,18,3]]
[1093, [6,20,50,3,3,6]]
[1094, [44,44,3,3,3,3]]
[1095, [27,7,11,3,6,3]]
[1096, [30,3,45,35,32,3]]
[1097, [66,2,51,6,31,3]]
[1099, [11,5,45,4,3,45]]
[1100, [9,3,15,18,18,51]]
[1101, [45,3,26,6,6,63]]
[1104, [18,45,6,11,27,4]]
[1105, [18,9,23,9,6,1]]
[1106, [54,5,3,18,15,9]]
[1107, [9,42,23,3,3,2]]
[1108, [10,78,3,1,3,49]]
[1110, [34,40,18,21,1,3]]
[1111, [54,5,37,3,3,6]]
[1112, [20,2,33,18,18,3]]
[1113, [111,27,4,1,3,3]]
[1120, [18,74,5,3,9,3]]
[1121, [12,27,36,3,3,3]]
[1122, [20,3,45,29,35,18]]
[1123, [11,89,23,6,3,6]]
[1124, [13,21,36,1,2,1]]
[1125, [42,2,33,9,34,6]]
[1126, [31,36,3,42,9,3]]
[1127, [13,2,3,72,43,3]]
[1129, [9,67,4,9,1,24]]
[1134, [44,3,21,18,10,4]]
[1136, [4,16,50,3,1,3]]
[1142, [18,9,11,33,3,21]]
[1143, [36,15,14,3,3,3]]
[1144, [11,50,32,3,3,3]]
[1148, [47,99,3,6,3,75]]
[1150, [5,41,6,45,22,1]]
[1151, [81,6,7,45,2,3]]
[1152, [18,3,63,7,110,3]]
[1157, [9,33,7,15,3,2]]
[1160, [26,42,3,3,3,3]]
[1161, [41,18,35,4,13,45]]
[1163, [51,3,3,5,9,18]]
[1164, [8,46,27,3,45,18]]
[1165, [71,3,32,6,33,6]]
[1167, [5,17,18,3,36,18]]
[1169, [36,21,3,3,9,18]]
[1182, [6,48,16,6,3,1]]
[1183, [12,102,3,3,6,1]]
[1190, [111,63,4,2,3,6]]
[1191, [9,26,18,3,6,45]]
[1192, [15,9,7,18,3,45]]
[1193, [9,3,30,4,45,3]]
[1195, [18,12,45,14,3,3]]
[1196, [12,45,5,9,22,2]]
[1197, [38,48,3,3,3,3]]
[1200, [10,9,9,6,27,45]]
[1206, [6,2,21,52,45,6]]
[1207, [6,1,57,36,18,3]]
[1210, [34,57,18,3,1,40]]
[1211, [29,3,21,45,6,40]]
[1213, [18,10,1,3,3,2]]
[1214, [23,18,3,6,45,48]]
[1216, [9,18,33,51,23,3]]
[1219, [63,32,6,51,6,3]]
[1225, [68,3,41,9,35,18]]
[1226, [73,3,30,18,35,18]]
[1231, [86,7,57,3,18,3]]
[1232, [39,6,58,3,2,3]]
[1236, [24,5,59,3,6,3]]
[1240, [30,38,5,45,3,12]]
[1241, [33,9,19,4,3,45]]
[1242, [68,3,15,39,9,18]]
[1245, [18,3,34,3,3,2]]
[1250, [10,6,5,2,45,21]]
[1251, [3,18,66,24,5,18]]
[1252, [12,13,14,45,3,55]]
[1253, [24,27,26,3,3,3]]
[1254, [42,3,3,51,18,51]]
[1259, [4,6,10,29,3,21]]
[1261, [88,2,12,9,3,3]]
[1262, [38,111,6,6,3,75]]
[1263, [12,20,56,3,18,3]]
[1264, [69,18,10,1,3,36]]
[1265, [9,78,7,3,3,1]]
[1269, [71,18,35,36,9,18]]
[1272, [22,51,38,3,6,1]]
[1273, [15,7,8,1,18,45]]
[1274, [9,9,6,9,18,18]]
[1277, [2,6,12,45,3,3]]
