[31, [48,6,27,12,2,15]]
[51, [20,18,11,1,6,2]]
[59, [36,6,27,12,2,15]]
[69, [26,18,21,6,2,3]]
[82, [12,1,13,20,6,1]]
[128, [18,18,21,3,12,2]]
[151, [12,1,13,20,6,1]]
[167, [12,6,12,6,29,12]]
[168, [30,1,16,6,2,2]]
[169, [26,18,21,6,2,3]]
[176, [48,6,3,12,15,2]]
[206, [30,1,6,8,3,2]]
[207, [14,1,16,2,26,3]]
[256, [12,1,7,10,18,29]]
[302, [26,18,21,3,22,2]]
[303, [20,1,11,1,18,2]]
[333, [34,6,12,6,29,12]]
[358, [52,1,12,8,18,6]]
[359, [6,1,18,36,6,6]]
[360, [14,18,3,10,2,3]]
[361, [14,18,11,1,60,1]]
[483, [20,1,11,1,24,2]]
[662, [14,18,2,10,6,6]]
[663, [54,1,12,26,6,18]]
[701, [42,1,13,29,26,18]]
[702, [22,1,13,1,12,6]]
[726, [12,1,7,1,14,12]]
[741, [26,1,6,18,2,2]]
[938, [76,1,12,26,6,18]]
[945, [12,1,13,24,1,6]]
