[0, [48,6,15,24,12,3]]
[1, [24,6,15,24,3,6]]
[2, [30,18,9,9,3,6]]
[4, [18,12,27,3,39,3]]
[5, [12,12,27,3,39,12]]
[12, [68,6,15,3,36,12]]
[13, [18,12,27,3,17,3]]
[14, [18,12,35,6,1,3]]
[15, [25,18,9,6,9,3]]
[16, [30,3,6,3,9,12]]
[20, [50,18,9,3,36,3]]
[28, [15,12,4,20,2,6]]
[29, [12,12,35,6,1,3]]
[30, [18,12,23,21,1,6]]
[32, [18,12,34,3,6,1]]
[33, [36,6,15,3,36,12]]
[39, [12,12,27,3,17,12]]
[43, [24,12,27,3,17,3]]
[44, [18,12,6,3,49,3]]
[45, [12,6,34,3,6,1]]
[46, [24,1,4,24,6,1]]
[47, [15,12,26,20,2,6]]
[48, [14,1,37,1,44,6]]
[49, [18,12,22,6,21,2]]
[58, [12,12,4,5,1,3]]
[61, [36,6,15,3,50,12]]
[62, [24,6,48,5,6,18]]
[67, [18,6,3,7,1,18]]
[68, [18,12,23,21,1,6]]
[85, [18,12,15,6,32,9]]
[88, [13,6,12,18,56,6]]
[101, [12,12,6,3,49,3]]
[103, [18,12,15,6,49,9]]
[104, [11,3,9,3,47,3]]
[110, [24,1,40,9,3,1]]
[123, [11,1,6,16,6,12]]
[124, [18,12,22,6,21,2]]
[125, [18,12,26,20,2,6]]
[126, [23,1,60,6,44,12]]
[129, [24,6,17,18,11,1]]
[130, [14,1,4,21,6,1]]
[131, [8,4,40,8,44,6]]
[132, [18,12,31,6,6,1]]
[133, [18,12,22,6,21,2]]
[134, [15,6,22,6,16,2]]
[135, [12,6,27,6,47,9]]
[137, [50,6,9,3,43,3]]
[150, [30,12,6,3,53,3]]
[159, [12,3,9,3,47,3]]
[163, [10,18,12,3,56,3]]
[179, [12,6,37,5,1,6]]
[187, [8,1,14,10,2,6]]
[193, [30,6,3,7,1,18]]
[198, [15,18,2,18,3,3]]
[202, [49,6,12,18,56,6]]
[205, [12,6,60,34,6,6]]
[239, [24,1,16,38,6,1]]
[252, [8,4,4,21,6,8]]
[253, [8,1,38,25,2,6]]
[254, [48,1,4,24,3,1]]
[257, [15,18,4,22,8,6]]
[258, [18,6,4,13,1,3]]
[259, [12,12,6,26,6,6]]
[260, [18,12,26,20,2,6]]
[261, [26,12,48,6,56,6]]
[269, [12,6,34,6,19,2]]
[289, [50,18,9,3,49,12]]
[290, [10,6,12,3,20,3]]
[293, [24,1,45,22,2,1]]
[300, [15,12,26,6,8,12]]
[301, [56,12,22,6,10,2]]
[309, [39,12,13,21,1,6]]
[310, [35,1,6,16,6,12]]
[327, [20,6,9,3,53,3]]
[328, [29,6,6,3,53,3]]
[329, [10,1,60,6,44,12]]
[330, [18,12,31,6,22,1]]
[331, [15,18,48,6,17,6]]
[332, [8,1,41,30,6,6]]
[337, [56,6,16,3,19,1]]
[338, [24,6,25,7,1,18]]
[340, [27,15,30,3,3,3]]
[341, [15,3,4,15,1,18]]
[351, [24,6,56,3,9,3]]
[353, [18,12,13,21,1,6]]
[354, [30,3,22,34,4,3]]
[355, [24,6,62,3,5,3]]
[356, [24,3,15,3,50,6]]
[357, [24,6,27,41,1,3]]
[371, [12,6,47,11,3,18]]
[372, [9,12,29,36,12,6]]
[374, [12,6,46,18,50,2]]
[375, [18,6,56,3,2,3]]
[387, [11,18,44,19,8,6]]
[388, [18,12,31,6,22,1]]
[390, [9,6,48,18,53,12]]
[391, [15,6,20,3,15,3]]
[396, [17,3,24,8,6,18]]
[397, [21,3,4,15,1,18]]
[408, [24,6,17,3,14,1]]
[422, [14,12,9,20,1,1]]
[424, [39,6,3,93,1,18]]
[425, [51,6,4,13,1,3]]
[426, [34,1,6,24,6,6]]
[449, [24,3,2,16,1,3]]
[455, [30,3,19,22,4,3]]
[456, [15,12,9,20,6,6]]
[466, [10,1,6,15,3,3]]
[468, [32,18,17,3,12,1]]
[469, [12,6,3,13,1,18]]
[471, [11,1,7,8,2,6]]
[476, [27,3,42,15,3,3]]
[491, [50,18,16,3,21,1]]
[501, [12,33,42,3,3,12]]
[509, [42,3,16,18,9,2]]
[517, [14,6,9,4,1,2]]
[518, [18,18,21,7,1,3]]
[522, [36,6,38,6,4,12]]
[523, [12,3,4,15,1,18]]
[530, [40,1,7,8,2,6]]
[531, [62,18,41,5,18,3]]
[532, [30,6,3,25,1,18]]
[533, [9,6,9,56,12,18]]
[534, [21,3,43,16,1,18]]
[553, [36,3,5,20,6,3]]
[562, [9,18,20,3,15,3]]
[564, [14,18,56,3,15,3]]
[565, [17,6,20,3,15,3]]
[587, [9,3,6,56,12,18]]
[588, [30,3,53,12,6,3]]
[589, [30,12,9,38,18,3]]
[651, [27,3,34,15,3,3]]
[652, [12,33,32,3,12,3]]
[653, [27,3,18,15,3,3]]
[661, [24,3,45,21,6,3]]
[665, [10,12,9,29,3,6]]
[666, [8,1,4,12,8,8]]
[667, [21,3,12,9,3,18]]
[678, [30,3,2,34,2,3]]
[683, [18,6,2,29,6,6]]
[684, [45,12,4,21,2,6]]
[688, [15,12,29,38,12,6]]
[689, [11,6,15,15,12,6]]
[690, [50,18,46,3,11,1]]
[691, [14,6,54,6,20,12]]
[692, [29,6,48,18,52,12]]
[704, [12,3,15,2,6,18]]
[710, [27,6,3,60,1,18]]
[716, [11,3,23,18,6,18]]
[717, [14,3,22,18,6,18]]
[720, [29,18,3,13,1,3]]
[721, [12,50,24,18,3,12]]
[732, [14,6,6,56,12,18]]
[734, [24,18,45,3,22,1]]
[739, [41,12,10,7,1,6]]
[742, [45,6,15,2,6,18]]
[743, [18,3,53,3,9,3]]
[745, [33,18,56,3,15,3]]
[769, [12,33,42,3,12,3]]
[782, [20,18,9,21,3,3]]
[783, [11,12,9,29,3,6]]
[785, [9,6,15,50,12,6]]
[816, [18,6,9,25,1,6]]
[817, [14,12,7,5,1,1]]
[818, [24,3,41,6,3,3]]
[858, [30,3,20,38,6,3]]
[860, [9,6,23,74,6,18]]
[861, [10,6,25,37,37,6]]
[865, [42,18,2,8,3,3]]
[866, [48,18,39,5,1,3]]
[885, [30,3,53,6,6,3]]
[886, [9,3,38,6,6,6]]
[891, [12,6,12,6,62,6]]
[892, [30,3,9,6,3,3]]
[913, [18,33,36,3,12,3]]
[914, [18,41,74,3,12,3]]
[915, [30,3,2,22,2,3]]
[919, [18,12,9,6,7,1]]
[924, [56,3,12,18,5,3]]
[927, [56,18,46,3,15,1]]
[950, [11,18,44,6,42,6]]
[954, [12,12,41,36,12,6]]
[956, [11,18,18,15,3,6]]
[966, [18,22,12,18,12,6]]
[967, [33,3,9,6,6,6]]
[969, [24,18,19,3,2,1]]
[971, [22,6,6,12,12,6]]
[974, [24,1,4,1,10,6]]
[986, [17,12,9,20,3,6]]
[987, [42,12,9,7,1,6]]
[988, [48,3,10,18,5,2]]
[991, [9,18,4,14,8,6]]
[994, [11,6,25,37,37,6]]
[995, [8,18,15,11,3,3]]
[996, [15,18,18,6,15,3]]
[998, [14,6,12,50,12,18]]
[1017, [42,6,6,12,8,6]]
[1018, [24,3,19,14,2,3]]
[1019, [18,3,4,3,1,3]]
[1047, [9,18,25,12,3,6]]
[1048, [24,3,35,3,36,12]]
[1077, [36,3,9,3,6,18]]
[1078, [17,6,21,2,6,6]]
[1114, [6,12,6,6,18,18]]
[1115, [39,6,18,18,2,6]]
[1118, [38,18,12,15,3,3]]
[1137, [13,6,6,53,12,18]]
[1140, [12,18,7,9,1,6]]
[1154, [5,36,18,3,3,3]]
[1155, [30,44,30,6,3,3]]
[1156, [21,41,24,3,9,3]]
[1159, [33,3,2,51,3,3]]
[1168, [24,3,9,38,3,3]]
[1174, [29,6,20,18,74,6]]
[1176, [27,44,24,3,3,9]]
[1198, [17,18,10,6,15,8]]
[1203, [21,3,15,2,6,3]]
[1204, [8,18,18,3,15,3]]
[1205, [18,6,18,18,2,6]]
[1208, [24,3,2,13,37,3]]
[1209, [9,18,4,16,8,6]]
[1239, [30,3,50,9,3,3]]
[1243, [38,6,16,33,37,12]]
[1266, [27,3,4,15,1,3]]
[1270, [21,3,15,2,6,3]]
