[3, [27,15,18,51,3,3]]
[6, [27,3,12,6,21,3]]
[8, [9,3,9,3,39,3]]
[9, [27,3,9,32,3,3]]
[10, [12,3,21,24,3,3]]
[11, [27,3,2,34,1,3]]
[17, [27,3,3,46,1,2]]
[18, [15,3,7,7,1,15]]
[21, [9,3,12,3,18,21]]
[23, [12,3,12,29,3,15]]
[24, [30,15,12,8,3,18]]
[25, [17,3,9,18,3,3]]
[26, [27,3,3,39,3,3]]
[27, [15,15,6,1,8,3]]
[34, [12,3,9,15,20,3]]
[35, [9,3,18,3,18,3]]
[37, [12,3,3,61,7,2]]
[50, [31,3,34,1,7,3]]
[52, [9,15,15,6,4,1]]
[53, [36,3,21,1,8,3]]
[55, [7,3,35,15,11,1]]
[56, [9,15,8,6,11,18]]
[57, [5,3,33,3,6,6]]
[60, [12,3,12,3,41,15]]
[63, [12,3,3,19,2,7]]
[65, [12,3,9,24,3,3]]
[66, [24,3,3,39,2,2]]
[71, [24,6,13,18,34,1]]
[72, [14,3,8,12,21,3]]
[83, [30,15,24,18,8,3]]
[84, [17,3,24,27,3,3]]
[87, [21,21,21,34,15,3]]
[92, [9,3,30,12,21,3]]
[94, [9,15,39,9,6,6]]
[95, [21,3,30,3,12,3]]
[97, [12,3,12,12,7,2]]
[98, [15,3,3,15,21,3]]
[99, [29,3,3,39,3,3]]
[102, [13,9,12,15,3,3]]
[107, [24,3,30,3,4,7]]
[109, [7,3,39,15,7,1]]
[111, [7,21,9,3,12,1]]
[112, [42,1,8,5,10,6]]
[113, [12,3,3,41,6,3]]
[127, [17,15,14,6,24,3]]
[136, [29,3,7,13,1,15]]
[141, [11,3,27,15,24,3]]
[146, [12,15,18,11,21,3]]
[147, [12,3,18,9,28,15]]
[149, [28,3,12,30,3,3]]
[152, [21,9,3,33,3,3]]
[158, [29,12,20,3,3,3]]
[160, [9,6,39,6,6,15]]
[161, [30,15,8,18,12,3]]
[164, [14,3,12,35,3,3]]
[165, [39,3,3,17,3,3]]
[172, [12,3,14,27,3,9]]
[178, [9,15,8,6,15,18]]
[181, [14,9,18,26,15,3]]
[184, [21,3,3,21,3,12]]
[185, [21,3,3,42,12,3]]
[186, [21,3,3,30,3,9]]
[191, [14,3,12,47,15,3]]
[192, [7,3,37,15,11,1]]
[196, [20,3,24,17,21,3]]
[197, [14,3,3,54,6,3]]
[200, [20,21,15,9,3,9]]
[203, [15,3,24,17,1,3]]
[220, [23,21,3,17,3,3]]
[221, [5,3,14,12,9,3]]
[228, [24,16,18,9,3,15]]
[237, [12,21,9,1,9,1]]
[238, [9,3,23,15,15,3]]
[240, [32,3,47,15,24,3]]
[241, [30,3,34,3,25,1]]
[242, [21,3,33,6,23,1]]
[243, [12,15,18,5,27,3]]
[244, [12,3,14,9,29,3]]
[246, [30,15,7,31,1,18]]
[248, [19,3,24,14,21,3]]
[249, [47,3,12,8,3,9]]
[250, [44,3,3,39,3,3]]
[251, [38,6,6,4,8,3]]
[255, [42,6,6,4,10,6]]
[262, [28,15,23,22,2,3]]
[273, [30,6,3,18,6,3]]
[277, [14,12,9,17,3,3]]
[278, [36,8,5,27,3,15]]
[279, [30,12,18,21,3,15]]
[280, [21,15,3,21,3,3]]
[281, [30,9,6,24,3,3]]
[282, [20,30,3,3,15,1]]
[283, [12,3,19,15,4,1]]
[288, [17,3,9,15,24,18]]
[294, [9,15,27,3,16,1]]
[295, [39,3,11,3,6,3]]
[296, [38,3,3,38,6,3]]
[297, [30,18,15,9,9,3]]
[304, [12,27,12,2,3,3]]
[306, [14,9,18,28,15,3]]
[312, [21,3,3,15,3,12]]
[313, [14,9,15,5,3,3]]
[314, [18,1,18,18,4,4]]
[315, [38,3,24,3,26,3]]
[316, [23,3,12,21,39,3]]
[318, [13,15,31,1,5,1]]
[320, [20,3,24,3,19,21]]
[324, [38,3,22,9,6,15]]
[325, [21,3,3,32,12,3]]
[336, [30,3,8,3,15,3]]
[346, [7,3,24,3,9,7]]
[352, [12,3,20,3,24,21]]
[373, [14,6,8,15,23,6]]
[376, [17,6,3,14,9,3]]
[378, [27,6,3,39,3,3]]
[383, [21,3,3,23,12,3]]
[384, [8,15,6,12,3,6]]
[385, [29,24,3,3,6,1]]
[389, [19,1,33,3,31,27]]
[398, [8,6,21,2,13,27]]
[402, [12,3,15,30,1,9]]
[407, [29,3,24,26,21,3]]
[411, [18,12,6,8,3,15]]
[416, [45,9,3,16,1,3]]
[417, [18,18,3,3,10,4]]
[418, [17,3,16,4,8,2]]
[419, [7,1,6,21,22,6]]
[421, [7,1,15,21,9,6]]
[423, [14,3,9,6,4,4]]
[427, [19,3,9,8,3,3]]
[428, [19,3,25,28,1,15]]
[429, [30,3,3,42,21,15]]
[430, [15,1,14,3,10,21]]
[431, [30,12,18,9,3,15]]
[434, [15,13,3,30,3,3]]
[435, [8,15,3,9,3,15]]
[436, [21,11,3,27,3,3]]
[437, [6,24,3,3,10,7]]
[439, [42,3,8,3,18,3]]
[450, [39,3,14,3,17,4]]
[451, [33,3,16,1,25,27]]
[457, [25,15,13,1,2,1]]
[467, [12,12,3,13,3,3]]
[470, [7,15,12,3,17,2]]
[472, [5,6,14,3,21,15]]
[473, [14,3,8,18,9,21]]
[474, [27,15,3,27,9,3]]
[475, [30,6,3,17,6,3]]
[477, [27,7,6,13,1,6]]
[478, [31,9,3,5,1,4]]
[480, [8,21,3,2,6,3]]
[482, [36,3,18,28,3,3]]
[487, [39,3,9,3,18,3]]
[496, [18,12,6,17,3,15]]
[498, [24,5,6,3,27,6]]
[499, [18,3,8,3,21,3]]
[500, [14,9,14,29,3,3]]
[502, [29,3,24,33,3,3]]
[503, [18,11,3,36,3,3]]
[504, [14,3,14,6,27,3]]
[508, [22,1,26,3,7,3]]
[511, [38,3,19,22,1,3]]
[513, [50,12,3,21,3,1]]
[520, [5,15,11,6,11,3]]
[521, [24,15,6,6,8,3]]
[524, [23,27,9,3,21,3]]
[526, [6,3,9,21,19,4]]
[535, [7,15,12,3,8,2]]
[543, [15,20,9,9,3,3]]
[544, [15,20,3,26,3,3]]
[545, [5,39,3,5,3,15]]
[546, [15,12,3,24,3,3]]
[547, [11,9,15,33,3,3]]
[548, [19,20,10,3,3,7]]
[550, [47,9,12,7,3,3]]
[551, [23,9,3,26,3,3]]
[552, [36,3,21,27,23,1]]
[554, [12,3,11,15,18,3]]
[563, [33,11,3,3,30,21]]
[571, [13,3,18,30,18,3]]
[572, [24,6,5,6,27,3]]
[573, [21,15,36,21,3,3]]
[574, [29,18,3,6,1,3]]
[576, [24,6,7,1,7,27]]
[590, [21,1,6,1,24,3]]
[591, [10,9,15,3,16,1]]
[599, [25,3,22,6,6,3]]
[601, [22,6,15,9,3,6]]
[602, [24,13,7,1,3,3]]
[603, [15,9,14,8,6,21]]
[604, [42,3,9,3,21,1]]
[606, [36,6,15,26,3,3]]
[607, [32,3,11,3,9,3]]
[608, [32,3,29,3,17,1]]
[609, [21,3,40,3,22,1]]
[611, [22,3,57,6,7,1]]
[613, [13,1,7,1,23,2]]
[614, [26,6,4,4,12,1]]
[615, [17,3,10,4,9,2]]
[616, [39,3,11,3,6,3]]
[622, [19,27,3,3,7,7]]
[623, [24,40,12,21,3,3]]
[628, [21,15,3,9,1,6,3,3,6,1]]
[630, [9,27,3,10,3,15]]
[634, [18,9,15,30,1,3]]
[635, [9,3,7,3,26,1]]
[638, [21,5,3,3,27,3]]
[645, [9,15,10,3,24,6]]
[646, [35,3,14,21,22,1]]
[654, [27,3,7,3,15,3]]
[656, [25,3,45,3,9,1]]
[658, [17,6,3,33,9,3]]
[659, [27,3,3,9,24,21]]
[660, [8,12,3,15,15,3]]
[664, [8,35,3,27,6,18]]
[668, [7,3,27,3,6,7]]
[677, [15,9,3,27,3,3]]
[681, [19,3,15,5,3,3]]
[682, [15,3,8,7,3,7]]
[694, [30,14,6,42,3,3]]
[699, [36,8,15,33,21,3]]
[700, [36,8,3,10,3,1]]
[703, [21,19,3,12,3,3]]
[705, [11,3,3,17,3,3]]
[706, [52,11,7,3,1,15]]
[708, [5,15,36,6,23,6]]
[713, [12,15,31,1,16,3]]
[714, [24,15,15,22,3,1]]
[715, [9,6,7,1,28,6]]
[719, [21,3,6,3,8,6]]
[722, [11,11,3,3,36,3]]
[723, [13,12,1,12,3,1]]
[724, [21,3,53,27,29,18]]
[725, [27,15,14,6,21,6]]
[727, [39,3,6,3,17,18]]
[729, [12,15,19,1,7,3]]
[730, [13,15,6,6,9,6]]
[731, [14,21,14,3,9,18]]
[733, [15,3,53,27,27,18]]
[735, [5,33,15,9,3,3]]
[736, [13,11,1,23,3,1]]
[737, [30,9,3,3,26,3]]
[740, [13,35,3,3,7,1]]
[744, [6,6,31,6,23,15]]
[746, [19,39,13,3,3,7]]
[747, [6,33,7,3,3,1]]
[748, [9,6,3,6,25,1]]
[749, [21,44,3,14,3,3]]
[750, [16,36,22,3,1,3]]
[751, [27,11,20,3,3,3]]
[752, [16,4,30,27,21,3]]
[753, [9,30,3,7,3,1]]
[754, [6,39,3,17,3,15]]
[755, [36,3,8,3,27,6]]
[760, [19,1,6,3,19,3]]
[761, [28,36,3,3,13,1]]
[762, [16,6,3,3,13,1]]
[763, [29,14,15,21,15,3]]
[765, [9,26,3,12,18,3]]
[766, [8,11,3,27,3,3]]
[767, [8,12,3,33,6,15]]
[768, [50,24,3,7,1,3]]
[776, [25,3,57,27,9,1]]
[784, [14,15,29,3,8,2]]
[787, [27,9,3,27,3,3]]
[790, [29,15,14,14,27,3]]
[799, [21,14,3,30,3,3]]
[801, [15,3,11,21,16,3]]
[802, [13,3,17,15,7,1]]
[803, [33,6,31,1,6,3]]
[804, [34,3,42,21,7,1]]
[805, [14,3,32,21,21,18]]
[806, [13,53,1,5,3,1]]
[807, [8,44,3,6,3,3]]
[808, [24,6,3,4,55,3]]
[812, [42,3,10,3,29,3]]
[814, [9,3,11,15,22,6]]
[815, [13,15,28,1,14,1]]
[825, [18,9,3,15,1,3]]
[826, [17,21,9,6,21,3]]
[827, [14,3,18,3,12,3]]
[829, [8,14,3,3,24,3]]
[837, [19,3,14,6,3,3]]
[838, [18,13,3,22,1,3]]
[839, [5,15,9,6,18,3]]
[843, [10,7,1,9,1,5]]
[852, [21,19,3,8,3,3]]
[853, [27,14,15,39,3,3]]
[854, [24,20,12,7,3,3]]
[857, [30,5,18,13,3,1]]
[859, [20,3,32,3,14,3]]
[867, [21,3,14,30,18,3]]
[869, [12,3,11,4,5,1]]
[877, [12,3,29,15,3,3]]
[881, [6,4,29,21,6,1]]
[882, [9,1,24,3,25,3]]
[883, [6,3,5,7,27,3]]
[884, [6,3,13,15,6,3]]
[889, [12,5,3,15,27,3]]
[903, [5,31,3,3,21,3]]
[906, [21,3,7,3,10,1]]
[909, [21,15,3,3,4,3]]
[911, [5,3,10,1,25,3]]
[925, [42,3,15,30,1,3]]
[926, [31,3,36,3,6,1]]
[929, [5,21,18,3,9,3]]
[930, [9,3,22,1,19,15]]
[932, [9,3,12,3,4,2]]
[934, [33,3,7,6,12,3]]
[935, [36,3,10,3,7,1]]
[936, [16,1,12,21,6,4]]
[941, [11,3,20,15,6,6]]
[942, [18,3,6,3,28,6]]
[943, [6,6,33,3,8,3]]
[957, [24,3,5,1,27,3]]
[958, [12,6,10,15,24,3]]
[959, [3,1,24,3,26,3]]
[960, [12,21,33,15,10,3]]
[961, [19,1,9,6,9,21]]
[962, [24,15,25,3,12,1]]
[965, [9,3,12,15,13,18]]
[968, [54,12,15,9,3,3]]
[980, [24,8,6,3,7,1]]
[981, [14,3,5,3,36,3]]
[982, [26,15,23,21,5,3]]
[983, [27,6,6,6,6,1]]
[984, [12,3,21,15,19,3]]
[985, [34,3,45,21,7,1]]
[989, [27,3,4,3,6,4]]
[992, [42,3,12,2,7,3]]
[993, [27,3,19,3,6,1]]
[997, [35,6,16,1,22,6]]
[999, [8,27,6,7,15,1]]
[1000, [9,6,5,3,11,3]]
[1002, [17,15,50,6,6,3]]
[1003, [24,15,30,6,8,3]]
[1004, [15,6,12,21,8,3]]
[1005, [28,4,24,3,22,3]]
[1006, [21,9,27,42,3,3]]
[1007, [11,1,9,3,42,3]]
[1013, [9,3,16,4,49,3]]
[1014, [21,14,15,27,3,3]]
[1015, [21,14,3,26,3,3]]
[1016, [15,17,3,23,3,3]]
[1021, [33,9,3,10,1,3]]
[1022, [12,11,15,6,9,18]]
[1023, [6,3,27,3,8,3]]
[1025, [7,6,11,3,17,2]]
[1026, [9,6,29,15,15,6]]
[1027, [24,3,32,21,22,1]]
[1031, [34,22,28,21,1,15]]
[1032, [6,15,17,19,3,3]]
[1039, [15,6,15,3,10,1]]
[1040, [24,3,8,15,15,3]]
[1042, [36,3,21,3,11,3]]
[1043, [12,15,8,6,46,1]]
[1044, [14,3,27,1,31,3]]
[1045, [18,3,11,1,24,3]]
[1046, [7,1,8,3,13,15]]
[1049, [29,3,27,3,15,21]]
[1051, [54,3,6,3,30,3]]
[1052, [5,3,14,42,18,3]]
[1053, [16,9,19,3,1,3]]
[1054, [19,27,7,3,3,7]]
[1067, [18,3,21,3,21,2]]
[1069, [28,1,12,3,18,15]]
[1070, [23,3,20,3,29,27]]
[1076, [26,21,28,3,3,4]]
[1083, [12,21,5,3,11,3]]
[1084, [7,1,9,15,46,3]]
[1085, [4,1,9,42,3,1]]
[1086, [9,3,4,1,42,3]]
[1087, [6,1,15,3,7,3]]
[1098, [5,3,15,3,27,3]]
[1102, [21,3,5,3,36,1]]
[1103, [22,2,30,6,33,3]]
[1109, [9,3,5,3,8,6]]
[1116, [24,3,19,1,27,15]]
[1117, [42,3,4,3,10,1]]
[1119, [21,44,3,24,3,3]]
[1128, [12,36,9,8,15,3]]
[1130, [18,3,8,23,3,3]]
[1131, [11,15,11,3,5,3]]
[1132, [24,3,19,4,22,3]]
[1133, [33,6,5,15,20,3]]
[1135, [17,7,27,27,3,3]]
[1138, [23,3,23,3,15,3]]
[1139, [5,3,42,6,21,18]]
[1141, [8,36,18,8,3,15]]
[1145, [22,1,10,5,27,1]]
[1146, [7,1,8,3,24,4]]
[1147, [27,3,1,5,13,6]]
[1149, [6,6,17,15,27,3]]
[1153, [16,15,21,3,8,2]]
[1158, [16,1,11,42,3,1]]
[1162, [18,15,51,6,19,1]]
[1166, [23,3,22,15,1,3]]
[1170, [22,5,10,24,1,1]]
[1171, [21,3,5,21,26,3]]
[1172, [5,6,11,24,21,3]]
[1173, [25,8,1,3,30,1]]
[1175, [23,7,24,21,3,6]]
[1177, [6,42,6,4,21,6]]
[1178, [8,42,6,10,1,1]]
[1179, [6,27,6,10,18,3]]
[1180, [9,3,7,1,24,3]]
[1181, [9,21,1,9,3,1]]
[1184, [21,1,13,1,33,3]]
[1185, [9,3,5,3,12,32]]
[1186, [7,24,6,6,3,15]]
[1187, [9,31,3,3,3,1]]
[1188, [15,44,3,4,3,3]]
[1189, [23,3,7,4,55,3]]
[1194, [6,3,33,5,3,6]]
[1199, [27,3,57,21,7,1]]
[1201, [6,1,9,13,3,3]]
[1202, [21,14,3,30,3,3]]
[1212, [33,3,7,18,9,7]]
[1215, [13,24,8,3,15,21]]
[1217, [15,3,21,3,19,1]]
[1218, [39,1,7,1,16,4]]
[1220, [9,3,12,38,3,3]]
[1221, [6,3,11,1,30,18]]
[1222, [5,3,21,27,3,3]]
[1223, [6,3,18,6,25,21]]
[1224, [26,1,24,19,21,3]]
[1227, [10,6,30,3,22,2]]
[1228, [21,3,2,15,17,6]]
[1229, [8,3,23,15,33,3]]
[1230, [23,15,8,21,30,1]]
[1233, [6,6,25,1,10,3]]
[1234, [8,3,5,3,20,15]]
[1235, [11,3,14,3,30,18]]
[1237, [7,3,17,14,3,15]]
[1238, [6,3,16,3,26,3]]
[1244, [35,6,20,1,22,6]]
[1246, [29,3,24,3,21,21]]
[1247, [6,3,21,38,3,15]]
[1248, [4,1,5,3,42,1]]
[1249, [30,6,9,3,14,3]]
[1255, [5,3,9,1,49,3]]
[1256, [9,3,27,23,3,3]]
[1257, [4,1,5,42,3,1]]
[1258, [24,3,42,3,14,15]]
[1260, [17,3,4,4,36,3]]
[1267, [8,21,8,6,21,6]]
[1268, [32,15,6,2,31,3]]
[1271, [18,15,10,3,41,3]]
[1275, [2,15,24,3,19,3]]
[1276, [27,29,3,7,3,1]]
