([20], [4, 5, 7, 11, 12, 13, 14, 15], [(4, 11), (4, 13), (4, 7), (5, 15), (5, 13), (5, 7), (7, 12), (11, 13), (11, 14), (12, 15), (12, 14), (14, 15)])
([30], [4, 5, 8, 11, 12, 13, 14, 15], [(4, 11), (4, 13), (4, 14), (5, 8), (5, 13), (5, 15), (8, 11), (8, 12), (11, 13), (12, 14), (12, 15), (14, 15)])
([41], [4, 5, 7, 10, 11, 12, 13, 14], [(4, 10), (4, 12), (4, 7), (5, 12), (5, 13), (5, 7), (7, 11), (10, 12), (10, 14), (11, 13), (11, 14), (13, 14)])
([48], [4, 5, 7, 10, 11, 12, 13, 15], [(4, 10), (4, 12), (4, 7), (5, 12), (5, 13), (5, 7), (7, 11), (10, 12), (10, 15), (11, 15), (11, 13), (13, 15)])
([57], [2, 3, 6, 10, 11, 12, 14, 15], [(2, 10), (2, 12), (2, 14), (3, 12), (3, 6), (3, 15), (6, 11), (6, 10), (10, 12), (11, 15), (11, 14), (14, 15)])
([62], [4, 7, 10, 11, 12, 13, 14, 15], [(4, 10), (4, 14), (4, 13), (7, 10), (7, 11), (7, 12), (10, 12), (11, 15), (11, 14), (12, 13), (13, 15), (14, 15)])
([63], [4, 6, 10, 11, 12, 13, 14, 15], [(4, 10), (4, 6), (4, 13), (6, 11), (6, 13), (10, 12), (10, 14), (11, 14), (11, 15), (12, 13), (12, 15), (14, 15)])
([68], [4, 5, 10, 11, 12, 13, 14, 15], [(4, 10), (4, 11), (4, 12), (5, 11), (5, 13), (5, 15), (10, 11), (10, 14), (12, 13), (12, 14), (13, 15), (14, 15)])
([73], [4, 5, 7, 10, 11, 12, 13, 15], [(4, 10), (4, 12), (4, 15), (5, 12), (5, 13), (5, 7), (7, 10), (7, 11), (10, 12), (11, 13), (11, 15), (13, 15)])
([76], [3, 4, 7, 10, 11, 12, 14, 15], [(3, 11), (3, 12), (3, 14), (4, 15), (4, 11), (4, 7), (7, 12), (7, 10), (10, 15), (10, 14), (11, 12), (14, 15)])
([77], [3, 4, 6, 10, 11, 12, 14, 15], [(3, 11), (3, 12), (3, 6), (4, 11), (4, 6), (4, 15), (6, 10), (10, 14), (10, 15), (11, 12), (12, 14), (14, 15)])
([78], [4, 5, 8, 10, 11, 12, 13, 14], [(4, 10), (4, 12), (4, 14), (5, 8), (5, 12), (5, 13), (8, 10), (8, 11), (10, 12), (11, 13), (11, 14), (13, 14)])
([80], [2, 3, 5, 9, 10, 11, 13, 15], [(2, 9), (2, 11), (2, 15), (3, 11), (3, 5), (3, 13), (5, 9), (5, 10), (9, 11), (10, 15), (10, 13), (13, 15)])
([82], [4, 6, 9, 10, 11, 12, 13, 15], [(4, 9), (4, 12), (4, 15), (6, 9), (6, 10), (6, 11), (9, 11), (10, 13), (10, 15), (11, 12), (12, 13), (13, 15)])
([83], [4, 5, 9, 10, 11, 12, 13, 15], [(4, 9), (4, 10), (4, 15), (5, 10), (5, 11), (5, 13), (9, 12), (9, 10), (11, 15), (11, 13), (12, 13), (12, 15)])
([84], [3, 4, 6, 9, 10, 11, 13, 15], [(3, 11), (3, 10), (3, 15), (4, 10), (4, 13), (4, 6), (6, 9), (6, 11), (9, 13), (9, 15), (10, 11), (13, 15)])
([85], [1, 2, 5, 9, 10, 11, 14, 15], [(1, 9), (1, 11), (1, 14), (2, 11), (2, 5), (2, 15), (5, 9), (5, 10), (9, 11), (10, 14), (10, 15), (14, 15)])
([88], [2, 5, 9, 10, 12, 13, 14, 15], [(2, 9), (2, 13), (2, 14), (5, 12), (5, 10), (5, 9), (9, 12), (10, 14), (10, 15), (12, 13), (13, 15), (14, 15)])
([90], [3, 6, 9, 10, 12, 13, 14, 15], [(3, 10), (3, 13), (3, 14), (6, 9), (6, 10), (6, 12), (9, 15), (9, 14), (10, 12), (12, 13), (13, 15), (14, 15)])
([92], [4, 7, 9, 10, 11, 12, 13, 14], [(4, 9), (4, 12), (4, 14), (7, 9), (7, 10), (7, 11), (9, 11), (10, 13), (10, 14), (11, 12), (12, 13), (13, 14)])
([96], [1, 2, 5, 9, 10, 12, 14, 15], [(1, 10), (1, 12), (1, 14), (2, 10), (2, 5), (2, 15), (5, 9), (5, 12), (9, 14), (9, 15), (10, 12), (14, 15)])
([98], [1, 2, 4, 9, 10, 12, 14, 15], [(1, 12), (1, 10), (1, 4), (2, 10), (2, 4), (2, 15), (4, 9), (9, 15), (9, 14), (10, 12), (12, 14), (14, 15)])
([102], [4, 5, 9, 10, 11, 12, 13, 14], [(4, 9), (4, 10), (4, 14), (5, 10), (5, 11), (5, 13), (9, 12), (9, 10), (11, 14), (11, 13), (12, 13), (12, 14)])
([104], [2, 3, 6, 9, 10, 11, 13, 14], [(2, 9), (2, 11), (2, 14), (3, 11), (3, 13), (3, 6), (6, 9), (6, 10), (9, 11), (10, 14), (10, 13), (13, 14)])
([106], [3, 4, 7, 9, 10, 11, 13, 14], [(3, 10), (3, 11), (3, 14), (4, 10), (4, 13), (4, 7), (7, 9), (7, 11), (9, 13), (9, 14), (10, 11), (13, 14)])
([108], [3, 4, 9, 10, 12, 13, 14, 15], [(3, 9), (3, 10), (3, 12), (4, 9), (4, 13), (4, 15), (9, 10), (10, 14), (12, 14), (12, 13), (13, 15), (14, 15)])
([113], [2, 3, 9, 10, 12, 13, 14, 15], [(2, 9), (2, 10), (2, 12), (3, 10), (3, 13), (3, 15), (9, 10), (9, 14), (12, 13), (12, 14), (13, 15), (14, 15)])
([114], [4, 5, 9, 10, 11, 12, 13, 14], [(4, 9), (4, 11), (4, 10), (5, 10), (5, 12), (5, 13), (9, 10), (9, 14), (11, 12), (11, 14), (12, 13), (13, 14)])
([115], [4, 5, 9, 10, 11, 12, 13, 15], [(4, 9), (4, 11), (4, 10), (5, 10), (5, 12), (5, 13), (9, 10), (9, 15), (11, 12), (11, 15), (12, 13), (13, 15)])
([120], [3, 4, 6, 9, 10, 11, 13, 14], [(3, 11), (3, 10), (3, 6), (4, 10), (4, 13), (4, 6), (6, 9), (9, 14), (9, 13), (10, 11), (11, 14), (13, 14)])
([121], [3, 4, 6, 9, 10, 11, 13, 15], [(3, 11), (3, 10), (3, 6), (4, 10), (4, 13), (4, 6), (6, 9), (9, 13), (9, 15), (10, 11), (11, 15), (13, 15)])
([123], [3, 5, 9, 10, 12, 13, 14, 15], [(3, 10), (3, 13), (3, 5), (5, 9), (5, 13), (9, 14), (9, 15), (10, 12), (10, 14), (12, 13), (12, 15), (14, 15)])
([124], [4, 6, 9, 10, 11, 12, 13, 14], [(4, 6), (4, 9), (4, 12), (6, 10), (6, 12), (9, 11), (9, 14), (10, 14), (10, 13), (11, 12), (11, 13), (13, 14)])
([126], [4, 6, 9, 10, 11, 12, 13, 15], [(4, 6), (4, 9), (4, 12), (6, 10), (6, 12), (9, 11), (9, 15), (10, 13), (10, 15), (11, 12), (11, 13), (13, 15)])
([155], [1, 2, 5, 8, 9, 10, 13, 14], [(1, 8), (1, 10), (1, 14), (2, 10), (2, 5), (2, 13), (5, 8), (5, 9), (8, 10), (9, 14), (9, 13), (13, 14)])
([162], [2, 4, 8, 9, 11, 12, 13, 14], [(2, 4), (2, 8), (2, 12), (4, 9), (4, 12), (8, 11), (8, 14), (9, 13), (9, 14), (11, 12), (11, 13), (13, 14)])
([164], [3, 5, 8, 9, 11, 12, 13, 14], [(3, 12), (3, 5), (3, 9), (5, 8), (5, 12), (8, 13), (8, 14), (9, 11), (9, 14), (11, 12), (11, 13), (13, 14)])
([175], [1, 2, 4, 8, 9, 11, 13, 14], [(1, 9), (1, 11), (1, 4), (2, 9), (2, 4), (2, 13), (4, 8), (8, 13), (8, 14), (9, 11), (11, 14), (13, 14)])
([176], [1, 2, 8, 10, 12, 13, 14, 15], [(1, 8), (1, 10), (1, 12), (2, 8), (2, 13), (2, 15), (8, 10), (10, 14), (12, 13), (12, 14), (13, 15), (14, 15)])
([177], [1, 2, 4, 8, 9, 11, 13, 15], [(1, 9), (1, 11), (1, 4), (2, 9), (2, 4), (2, 13), (4, 8), (8, 13), (8, 15), (9, 11), (11, 15), (13, 15)])
([178], [1, 3, 8, 10, 12, 13, 14, 15], [(1, 10), (1, 3), (1, 13), (3, 8), (3, 13), (8, 14), (8, 15), (10, 12), (10, 14), (12, 13), (12, 15), (14, 15)])
([179], [0, 1, 3, 8, 9, 12, 14, 15], [(0, 3), (0, 9), (0, 12), (1, 9), (1, 3), (1, 15), (3, 8), (8, 14), (8, 15), (9, 12), (12, 14), (14, 15)])
([180], [1, 3, 7, 8, 10, 12, 14, 15], [(1, 8), (1, 3), (1, 15), (3, 10), (3, 7), (7, 14), (7, 15), (8, 10), (8, 12), (10, 12), (12, 14), (14, 15)])
([188], [2, 4, 7, 8, 9, 11, 13, 15], [(2, 9), (2, 4), (2, 13), (4, 8), (4, 11), (7, 11), (7, 15), (7, 9), (8, 13), (8, 15), (9, 11), (13, 15)])
([192], [1, 2, 5, 8, 9, 11, 13, 14], [(1, 9), (1, 11), (1, 14), (2, 9), (2, 5), (2, 13), (5, 8), (5, 11), (8, 14), (8, 13), (9, 11), (13, 14)])
([193], [3, 6, 8, 9, 11, 12, 13, 14], [(3, 9), (3, 12), (3, 14), (6, 8), (6, 9), (6, 11), (8, 14), (8, 13), (9, 11), (11, 12), (12, 13), (13, 14)])
([194], [3, 4, 8, 9, 11, 12, 13, 14], [(3, 8), (3, 9), (3, 14), (4, 8), (4, 11), (4, 13), (8, 9), (9, 12), (11, 13), (11, 14), (12, 13), (12, 14)])
([195], [4, 5, 8, 9, 10, 11, 13, 15], [(4, 8), (4, 9), (4, 15), (5, 9), (5, 10), (5, 11), (8, 9), (8, 13), (10, 11), (10, 15), (11, 13), (13, 15)])
([199], [4, 5, 8, 9, 10, 11, 12, 14], [(4, 8), (4, 9), (4, 14), (5, 9), (5, 10), (5, 11), (8, 9), (8, 12), (10, 11), (10, 14), (11, 12), (12, 14)])
([200], [2, 3, 8, 9, 11, 12, 13, 14], [(2, 8), (2, 9), (2, 14), (3, 9), (3, 11), (3, 13), (8, 12), (8, 9), (11, 13), (11, 14), (12, 14), (12, 13)])
([202], [4, 5, 8, 9, 10, 11, 12, 15], [(4, 8), (4, 9), (4, 12), (5, 9), (5, 10), (5, 11), (8, 9), (8, 15), (10, 11), (10, 12), (11, 15), (12, 15)])
([203], [1, 2, 4, 8, 9, 10, 13, 15], [(1, 4), (1, 8), (1, 10), (2, 10), (2, 4), (2, 13), (4, 9), (8, 10), (8, 15), (9, 13), (9, 15), (13, 15)])
([205], [3, 4, 8, 9, 11, 12, 13, 14], [(3, 8), (3, 9), (3, 11), (4, 8), (4, 12), (4, 13), (8, 9), (9, 14), (11, 12), (11, 14), (12, 13), (13, 14)])
([206], [3, 4, 8, 9, 11, 12, 13, 15], [(3, 8), (3, 9), (3, 15), (4, 8), (4, 11), (4, 13), (8, 9), (9, 12), (11, 13), (11, 15), (12, 13), (12, 15)])
([207], [3, 4, 8, 9, 11, 12, 13, 15], [(3, 8), (3, 9), (3, 11), (4, 8), (4, 12), (4, 13), (8, 9), (9, 15), (11, 12), (11, 15), (12, 13), (13, 15)])
([225], [2, 3, 8, 9, 11, 12, 13, 15], [(2, 8), (2, 9), (2, 11), (3, 9), (3, 12), (3, 13), (8, 15), (8, 9), (11, 12), (11, 15), (12, 13), (13, 15)])
([228], [3, 5, 8, 9, 11, 12, 13, 15], [(3, 12), (3, 5), (3, 9), (5, 8), (5, 12), (8, 13), (8, 15), (9, 11), (9, 15), (11, 12), (11, 13), (13, 15)])
([230], [2, 4, 8, 9, 11, 12, 13, 15], [(2, 8), (2, 15), (2, 12), (4, 11), (4, 9), (4, 8), (8, 11), (9, 15), (9, 13), (11, 12), (12, 13), (13, 15)])
([232], [1, 4, 8, 10, 12, 13, 14, 15], [(1, 10), (1, 13), (1, 14), (4, 8), (4, 10), (4, 12), (8, 14), (8, 15), (10, 12), (12, 13), (13, 15), (14, 15)])
([233], [1, 4, 8, 9, 12, 13, 14, 15], [(1, 8), (1, 13), (1, 14), (4, 8), (4, 9), (4, 12), (8, 12), (9, 14), (9, 15), (12, 13), (13, 15), (14, 15)])
([234], [1, 2, 8, 9, 12, 13, 14, 15], [(1, 8), (1, 9), (1, 12), (2, 9), (2, 13), (2, 15), (8, 9), (8, 14), (12, 13), (12, 14), (13, 15), (14, 15)])
([237], [0, 1, 4, 8, 9, 12, 14, 15], [(0, 9), (0, 12), (0, 14), (1, 9), (1, 4), (1, 15), (4, 8), (4, 12), (8, 14), (8, 15), (9, 12), (14, 15)])
([238], [4, 5, 8, 9, 10, 11, 12, 15], [(4, 8), (4, 9), (4, 15), (5, 9), (5, 10), (5, 11), (8, 9), (8, 12), (10, 11), (10, 15), (11, 12), (12, 15)])
([240], [3, 5, 8, 9, 11, 12, 13, 15], [(3, 9), (3, 12), (3, 15), (5, 8), (5, 9), (5, 11), (8, 15), (8, 13), (9, 11), (11, 12), (12, 13), (13, 15)])
([248], [2, 3, 7, 8, 10, 11, 13, 15], [(2, 8), (2, 7), (2, 15), (3, 8), (3, 10), (3, 11), (7, 8), (7, 13), (10, 11), (10, 15), (11, 13), (13, 15)])
([251], [1, 2, 7, 8, 11, 12, 13, 15], [(1, 8), (1, 11), (1, 7), (2, 8), (2, 12), (2, 13), (7, 8), (7, 15), (11, 12), (11, 15), (12, 13), (13, 15)])
([252], [1, 3, 7, 8, 11, 12, 13, 15], [(1, 3), (1, 12), (1, 7), (3, 8), (3, 12), (7, 11), (7, 15), (8, 15), (8, 13), (11, 12), (11, 13), (13, 15)])
([253], [0, 1, 3, 7, 8, 11, 13, 15], [(0, 8), (0, 11), (0, 3), (1, 8), (1, 3), (1, 13), (3, 7), (7, 15), (7, 13), (8, 11), (11, 15), (13, 15)])
([254], [1, 3, 6, 7, 8, 11, 13, 15], [(1, 8), (1, 3), (1, 13), (3, 11), (3, 7), (6, 8), (6, 11), (6, 15), (7, 15), (7, 13), (8, 11), (13, 15)])
([257], [2, 3, 7, 8, 10, 11, 12, 15], [(2, 8), (2, 7), (2, 15), (3, 8), (3, 10), (3, 11), (7, 8), (7, 12), (10, 11), (10, 15), (11, 12), (12, 15)])
([260], [3, 4, 7, 8, 10, 11, 12, 15], [(3, 8), (3, 15), (3, 7), (4, 10), (4, 11), (4, 7), (7, 8), (8, 12), (10, 11), (10, 15), (11, 12), (12, 15)])
([269], [1, 2, 7, 9, 11, 12, 13, 14], [(1, 9), (1, 11), (1, 7), (2, 12), (2, 13), (2, 7), (7, 9), (9, 14), (11, 12), (11, 14), (12, 13), (13, 14)])
([270], [1, 6, 8, 10, 12, 13, 14, 15], [(1, 13), (1, 6), (1, 15), (6, 8), (6, 10), (8, 10), (8, 12), (10, 14), (12, 13), (12, 14), (13, 15), (14, 15)])
([271], [1, 2, 7, 9, 11, 12, 13, 15], [(1, 9), (1, 15), (1, 7), (2, 11), (2, 13), (2, 7), (7, 9), (9, 12), (11, 13), (11, 15), (12, 13), (12, 15)])
([272], [1, 2, 7, 9, 11, 12, 13, 15], [(1, 9), (1, 11), (1, 7), (2, 12), (2, 13), (2, 7), (7, 9), (9, 15), (11, 12), (11, 15), (12, 13), (13, 15)])
([273], [0, 1, 7, 10, 12, 13, 14, 15], [(0, 10), (0, 12), (0, 7), (1, 15), (1, 13), (1, 7), (7, 10), (10, 14), (12, 14), (12, 13), (13, 15), (14, 15)])
([274], [1, 2, 7, 9, 11, 12, 13, 14], [(1, 9), (1, 14), (1, 7), (2, 11), (2, 13), (2, 7), (7, 9), (9, 12), (11, 13), (11, 14), (12, 13), (12, 14)])
([279], [1, 3, 7, 9, 11, 12, 13, 15], [(1, 3), (1, 9), (1, 12), (3, 12), (3, 7), (7, 15), (7, 13), (9, 11), (9, 15), (11, 12), (11, 13), (13, 15)])
([280], [1, 3, 6, 7, 9, 11, 13, 15], [(1, 3), (1, 13), (1, 7), (3, 6), (3, 9), (6, 15), (6, 13), (7, 11), (7, 9), (9, 11), (11, 15), (13, 15)])
([281], [0, 1, 3, 7, 8, 11, 13, 14], [(0, 8), (0, 11), (0, 3), (1, 8), (1, 3), (1, 13), (3, 7), (7, 14), (7, 13), (8, 11), (11, 14), (13, 14)])
([282], [0, 1, 3, 8, 9, 12, 13, 14], [(0, 9), (0, 3), (0, 14), (1, 9), (1, 3), (1, 13), (3, 8), (8, 12), (8, 13), (9, 14), (12, 13), (12, 14)])
([283], [0, 2, 7, 10, 12, 13, 14, 15], [(0, 2), (0, 10), (0, 13), (2, 13), (2, 7), (7, 14), (7, 15), (10, 12), (10, 14), (12, 13), (12, 15), (14, 15)])
([284], [0, 2, 6, 7, 10, 12, 14, 15], [(0, 2), (0, 15), (0, 7), (2, 10), (2, 6), (6, 14), (6, 15), (7, 10), (7, 12), (10, 12), (12, 14), (14, 15)])
([285], [3, 9, 10, 11, 12, 13, 14, 15], [(3, 9), (3, 10), (3, 15), (9, 11), (9, 15), (10, 11), (10, 12), (11, 13), (12, 13), (12, 14), (13, 14), (14, 15)])
([296], [2, 6, 8, 10, 12, 13, 14, 15], [(2, 8), (2, 13), (2, 6), (6, 14), (6, 15), (8, 10), (8, 13), (10, 12), (10, 14), (12, 13), (12, 15), (14, 15)])
([301], [1, 2, 7, 8, 11, 12, 13, 14], [(1, 8), (1, 7), (1, 14), (2, 8), (2, 11), (2, 13), (7, 8), (7, 12), (11, 13), (11, 14), (12, 14), (12, 13)])
([303], [2, 3, 7, 8, 10, 11, 12, 14], [(2, 7), (2, 8), (2, 14), (3, 8), (3, 10), (3, 11), (7, 8), (7, 12), (10, 11), (10, 14), (11, 12), (12, 14)])
([306], [3, 4, 7, 8, 10, 11, 12, 14], [(3, 7), (3, 8), (3, 14), (4, 10), (4, 11), (4, 7), (7, 8), (8, 12), (10, 11), (10, 14), (11, 12), (12, 14)])
([308], [1, 3, 7, 9, 11, 12, 13, 15], [(1, 9), (1, 12), (1, 15), (3, 9), (3, 11), (3, 7), (7, 13), (7, 15), (9, 11), (11, 12), (12, 13), (13, 15)])
([314], [1, 3, 7, 8, 9, 12, 13, 14], [(1, 9), (1, 3), (1, 13), (3, 8), (3, 14), (7, 9), (7, 12), (7, 14), (8, 12), (8, 13), (9, 14), (12, 13)])
([317], [3, 4, 7, 8, 10, 11, 13, 15], [(3, 8), (3, 15), (3, 7), (4, 10), (4, 11), (4, 7), (7, 8), (8, 13), (10, 11), (10, 15), (11, 13), (13, 15)])
([337], [3, 4, 7, 8, 10, 11, 12, 15], [(3, 8), (3, 12), (3, 7), (4, 10), (4, 11), (4, 7), (7, 8), (8, 15), (10, 12), (10, 11), (11, 15), (12, 15)])
([342], [0, 3, 7, 10, 12, 13, 14, 15], [(0, 14), (0, 10), (0, 13), (3, 10), (3, 12), (3, 7), (7, 14), (7, 15), (10, 12), (12, 13), (13, 15), (14, 15)])
([344], [1, 4, 7, 8, 11, 12, 13, 14], [(1, 7), (1, 12), (1, 14), (4, 8), (4, 11), (4, 7), (7, 11), (8, 14), (8, 13), (11, 12), (12, 13), (13, 14)])
([345], [1, 3, 6, 7, 8, 11, 13, 14], [(1, 8), (1, 3), (1, 13), (3, 11), (3, 7), (6, 8), (6, 11), (6, 14), (7, 14), (7, 13), (8, 11), (13, 14)])
([346], [1, 4, 7, 9, 11, 12, 13, 14], [(1, 9), (1, 12), (1, 14), (4, 11), (4, 9), (4, 7), (7, 14), (7, 13), (9, 11), (11, 12), (12, 13), (13, 14)])
([349], [1, 4, 6, 7, 9, 11, 13, 14], [(1, 4), (1, 13), (1, 7), (4, 11), (4, 6), (6, 14), (6, 13), (7, 11), (7, 9), (9, 11), (9, 14), (13, 14)])
([350], [1, 3, 7, 9, 11, 12, 13, 14], [(1, 3), (1, 9), (1, 12), (3, 12), (3, 7), (7, 14), (7, 13), (9, 11), (9, 14), (11, 12), (11, 13), (13, 14)])
([356], [1, 2, 6, 8, 10, 11, 12, 14], [(1, 8), (1, 14), (1, 6), (2, 10), (2, 11), (2, 6), (6, 8), (8, 12), (10, 11), (10, 14), (11, 12), (12, 14)])
([366], [0, 2, 6, 9, 11, 12, 13, 15], [(0, 9), (0, 12), (0, 15), (2, 9), (2, 11), (2, 6), (6, 13), (6, 15), (9, 11), (11, 12), (12, 13), (13, 15)])
([368], [2, 5, 7, 9, 11, 12, 13, 15], [(2, 9), (2, 11), (2, 5), (5, 13), (5, 15), (7, 9), (7, 12), (7, 15), (9, 11), (11, 12), (12, 13), (13, 15)])
([375], [0, 3, 6, 9, 11, 12, 13, 14], [(0, 9), (0, 12), (0, 14), (3, 9), (3, 11), (3, 6), (6, 13), (6, 14), (9, 11), (11, 12), (12, 13), (13, 14)])
([376], [3, 5, 6, 9, 11, 12, 13, 14], [(3, 11), (3, 5), (3, 6), (5, 9), (5, 11), (6, 13), (6, 14), (9, 12), (9, 14), (11, 12), (12, 13), (13, 14)])
([377], [1, 2, 6, 8, 10, 11, 13, 15], [(1, 8), (1, 6), (1, 15), (2, 10), (2, 11), (2, 6), (6, 8), (8, 13), (10, 11), (10, 15), (11, 13), (13, 15)])
([389], [3, 5, 7, 9, 11, 12, 13, 14], [(3, 9), (3, 11), (3, 5), (5, 13), (5, 14), (7, 9), (7, 12), (7, 14), (9, 11), (11, 12), (12, 13), (13, 14)])
([397], [3, 6, 7, 10, 11, 12, 13, 14], [(3, 10), (3, 6), (3, 7), (6, 10), (6, 14), (7, 12), (7, 13), (10, 11), (11, 13), (11, 14), (12, 13), (12, 14)])
([398], [2, 6, 7, 10, 11, 12, 13, 14], [(2, 11), (2, 14), (2, 7), (6, 10), (6, 12), (6, 14), (7, 12), (7, 13), (10, 11), (10, 13), (11, 14), (12, 13)])
([402], [3, 8, 9, 10, 11, 12, 14, 15], [(3, 8), (3, 9), (3, 15), (8, 10), (8, 15), (9, 10), (9, 12), (10, 11), (11, 12), (11, 14), (12, 14), (14, 15)])
([404], [2, 5, 8, 10, 12, 13, 14, 15], [(2, 10), (2, 12), (2, 5), (5, 14), (5, 15), (8, 10), (8, 13), (8, 14), (10, 12), (12, 13), (13, 15), (14, 15)])
([406], [1, 2, 6, 8, 10, 11, 12, 15], [(1, 6), (1, 8), (1, 12), (2, 10), (2, 11), (2, 6), (6, 8), (8, 15), (10, 11), (10, 12), (11, 15), (12, 15)])
([408], [0, 3, 5, 6, 9, 11, 13, 14], [(0, 3), (0, 13), (0, 6), (3, 11), (3, 5), (5, 13), (5, 14), (6, 9), (6, 11), (9, 11), (9, 14), (13, 14)])
([409], [1, 5, 7, 9, 11, 12, 13, 14], [(1, 11), (1, 5), (1, 13), (5, 9), (5, 7), (7, 9), (7, 14), (9, 12), (11, 13), (11, 14), (12, 13), (12, 14)])
([422], [1, 3, 6, 7, 8, 11, 12, 14], [(1, 8), (1, 11), (1, 3), (3, 14), (3, 7), (6, 8), (6, 12), (6, 14), (7, 11), (7, 12), (8, 14), (11, 12)])
([423], [1, 5, 6, 9, 11, 12, 13, 14], [(1, 12), (1, 13), (1, 6), (5, 6), (5, 9), (5, 14), (6, 9), (9, 11), (11, 12), (11, 14), (12, 13), (13, 14)])
([424], [1, 9, 10, 11, 12, 13, 14, 15], [(1, 9), (1, 10), (1, 15), (9, 11), (9, 15), (10, 11), (10, 12), (11, 13), (12, 13), (12, 14), (13, 14), (14, 15)])
([425], [3, 8, 9, 10, 11, 13, 14, 15], [(3, 8), (3, 13), (3, 15), (8, 9), (8, 15), (9, 11), (9, 13), (10, 11), (10, 13), (10, 14), (11, 14), (14, 15)])
([426], [3, 8, 9, 10, 11, 13, 14, 15], [(3, 8), (3, 9), (3, 15), (8, 10), (8, 15), (9, 10), (9, 13), (10, 11), (11, 13), (11, 14), (13, 14), (14, 15)])
([427], [3, 8, 9, 10, 11, 12, 14, 15], [(3, 8), (3, 12), (3, 15), (8, 9), (8, 15), (9, 11), (9, 12), (10, 11), (10, 12), (10, 14), (11, 14), (14, 15)])
([431], [1, 2, 6, 7, 10, 11, 12, 15], [(1, 15), (1, 6), (1, 7), (2, 10), (2, 11), (2, 7), (6, 7), (6, 12), (10, 11), (10, 15), (11, 12), (12, 15)])
([432], [1, 2, 6, 8, 10, 11, 12, 15], [(1, 8), (1, 6), (1, 15), (2, 10), (2, 11), (2, 6), (6, 8), (8, 12), (10, 11), (10, 15), (11, 12), (12, 15)])
([437], [0, 2, 6, 9, 11, 12, 13, 15], [(0, 9), (0, 2), (0, 12), (2, 12), (2, 6), (6, 13), (6, 15), (9, 11), (9, 15), (11, 12), (11, 13), (13, 15)])
([440], [0, 1, 3, 7, 8, 11, 13, 14], [(0, 8), (0, 3), (0, 14), (1, 8), (1, 11), (1, 3), (3, 7), (7, 11), (7, 13), (8, 14), (11, 13), (13, 14)])
([441], [0, 1, 6, 9, 11, 12, 13, 15], [(0, 6), (0, 9), (0, 11), (1, 12), (1, 13), (1, 6), (6, 9), (9, 15), (11, 12), (11, 15), (12, 13), (13, 15)])
([442], [0, 2, 5, 6, 9, 11, 13, 15], [(0, 2), (0, 13), (0, 6), (2, 9), (2, 5), (5, 13), (5, 15), (6, 9), (6, 11), (9, 11), (11, 15), (13, 15)])
([444], [1, 6, 7, 10, 11, 12, 13, 14], [(1, 11), (1, 13), (1, 7), (6, 12), (6, 14), (6, 7), (7, 14), (10, 11), (10, 12), (10, 14), (11, 13), (12, 13)])
([445], [1, 3, 6, 7, 8, 11, 13, 14], [(1, 8), (1, 11), (1, 3), (3, 14), (3, 7), (6, 8), (6, 13), (6, 14), (7, 11), (7, 13), (8, 14), (11, 13)])
([446], [0, 2, 6, 7, 10, 12, 13, 14], [(0, 2), (0, 13), (0, 7), (2, 14), (2, 6), (6, 12), (6, 13), (7, 10), (7, 14), (10, 12), (10, 14), (12, 13)])
([449], [1, 2, 6, 7, 10, 11, 12, 14], [(1, 14), (1, 6), (1, 7), (2, 10), (2, 11), (2, 7), (6, 12), (6, 7), (10, 11), (10, 14), (11, 12), (12, 14)])
([453], [0, 1, 6, 9, 11, 12, 13, 14], [(0, 6), (0, 9), (0, 11), (1, 12), (1, 13), (1, 6), (6, 9), (9, 14), (11, 12), (11, 14), (12, 13), (13, 14)])
([458], [0, 1, 6, 9, 11, 12, 13, 15], [(0, 9), (0, 6), (0, 15), (1, 11), (1, 13), (1, 6), (6, 9), (9, 12), (11, 13), (11, 15), (12, 13), (12, 15)])
([459], [1, 5, 7, 9, 11, 12, 13, 15], [(1, 11), (1, 5), (1, 13), (5, 9), (5, 7), (7, 9), (7, 15), (9, 12), (11, 13), (11, 15), (12, 13), (12, 15)])
([460], [1, 2, 6, 7, 10, 11, 13, 15], [(1, 15), (1, 6), (1, 7), (2, 10), (2, 11), (2, 7), (6, 13), (6, 7), (10, 11), (10, 15), (11, 13), (13, 15)])
([461], [0, 5, 8, 10, 12, 13, 14, 15], [(0, 15), (0, 5), (0, 13), (5, 8), (5, 10), (8, 10), (8, 12), (10, 14), (12, 13), (12, 14), (13, 15), (14, 15)])
([463], [0, 3, 6, 7, 10, 12, 13, 14], [(0, 3), (0, 13), (0, 7), (3, 10), (3, 6), (6, 12), (6, 13), (7, 10), (7, 14), (10, 14), (12, 14), (12, 13)])
([464], [1, 4, 6, 7, 8, 11, 12, 14], [(1, 8), (1, 11), (1, 4), (4, 6), (4, 7), (6, 8), (6, 14), (7, 12), (7, 11), (8, 14), (11, 12), (12, 14)])
([470], [2, 5, 8, 10, 11, 12, 13, 14], [(2, 8), (2, 10), (2, 5), (5, 12), (5, 13), (8, 10), (8, 14), (10, 11), (11, 13), (11, 14), (12, 13), (12, 14)])
([472], [1, 5, 8, 10, 11, 12, 13, 14], [(1, 11), (1, 5), (1, 14), (5, 12), (5, 13), (8, 10), (8, 12), (8, 14), (10, 11), (10, 13), (11, 14), (12, 13)])
([473], [0, 3, 5, 6, 9, 11, 12, 14], [(0, 11), (0, 3), (0, 6), (3, 9), (3, 5), (5, 11), (5, 12), (6, 9), (6, 14), (9, 14), (11, 12), (12, 14)])
([474], [0, 3, 5, 6, 8, 11, 12, 14], [(0, 11), (0, 3), (0, 6), (3, 5), (3, 14), (5, 11), (5, 12), (6, 8), (6, 14), (8, 12), (8, 14), (11, 12)])
([475], [2, 4, 7, 9, 11, 12, 13, 14], [(2, 9), (2, 11), (2, 4), (4, 13), (4, 14), (7, 9), (7, 12), (7, 14), (9, 11), (11, 12), (12, 13), (13, 14)])
([476], [0, 4, 7, 9, 11, 12, 13, 14], [(0, 11), (0, 4), (0, 13), (4, 9), (4, 7), (7, 9), (7, 14), (9, 12), (11, 13), (11, 14), (12, 13), (12, 14)])
([479], [7, 9, 10, 11, 12, 13, 14, 15], [(7, 9), (7, 12), (7, 15), (9, 15), (9, 13), (10, 11), (10, 12), (10, 14), (11, 13), (11, 14), (12, 13), (14, 15)])
([483], [3, 7, 8, 9, 10, 12, 14, 15], [(3, 15), (3, 12), (3, 7), (7, 8), (7, 15), (8, 9), (8, 12), (9, 10), (9, 14), (10, 12), (10, 14), (14, 15)])
([484], [1, 8, 9, 10, 11, 12, 14, 15], [(1, 8), (1, 12), (1, 15), (8, 15), (8, 9), (9, 11), (9, 12), (10, 11), (10, 12), (10, 14), (11, 14), (14, 15)])
([486], [3, 7, 8, 9, 10, 13, 14, 15], [(3, 10), (3, 15), (3, 7), (7, 8), (7, 15), (8, 9), (8, 10), (9, 13), (9, 14), (10, 13), (13, 14), (14, 15)])
([487], [1, 8, 9, 10, 11, 12, 14, 15], [(1, 8), (1, 9), (1, 15), (8, 10), (8, 15), (9, 12), (9, 10), (10, 11), (11, 12), (11, 14), (12, 14), (14, 15)])
([491], [1, 5, 6, 9, 10, 11, 12, 14], [(1, 10), (1, 11), (1, 6), (5, 6), (5, 12), (5, 14), (6, 14), (9, 10), (9, 12), (9, 14), (10, 11), (11, 12)])
([492], [1, 4, 5, 8, 10, 11, 12, 15], [(1, 10), (1, 11), (1, 5), (4, 5), (4, 8), (4, 12), (5, 8), (8, 15), (10, 11), (10, 15), (11, 12), (12, 15)])
([494], [1, 4, 5, 8, 10, 11, 12, 14], [(1, 10), (1, 11), (1, 5), (4, 5), (4, 8), (4, 12), (5, 8), (8, 14), (10, 11), (10, 14), (11, 12), (12, 14)])
([495], [1, 8, 9, 10, 11, 13, 14, 15], [(1, 8), (1, 15), (1, 13), (8, 15), (8, 9), (9, 11), (9, 13), (10, 11), (10, 13), (10, 14), (11, 14), (14, 15)])
([497], [0, 3, 6, 7, 10, 11, 12, 14], [(0, 11), (0, 3), (0, 7), (3, 6), (3, 14), (6, 11), (6, 10), (7, 12), (7, 14), (10, 11), (10, 12), (12, 14)])
([498], [1, 8, 9, 10, 11, 13, 14, 15], [(1, 8), (1, 9), (1, 15), (8, 10), (8, 15), (9, 10), (9, 13), (10, 11), (11, 13), (11, 14), (13, 14), (14, 15)])
([500], [3, 7, 8, 9, 11, 13, 14, 15], [(3, 15), (3, 13), (3, 7), (7, 8), (7, 15), (8, 9), (8, 13), (9, 11), (9, 14), (11, 13), (11, 14), (14, 15)])
([510], [1, 4, 6, 8, 10, 11, 12, 15], [(1, 10), (1, 11), (1, 4), (4, 8), (4, 6), (6, 8), (6, 15), (8, 12), (10, 11), (10, 15), (11, 12), (12, 15)])
([511], [1, 4, 6, 8, 10, 11, 13, 15], [(1, 10), (1, 11), (1, 4), (4, 8), (4, 6), (6, 8), (6, 15), (8, 13), (10, 11), (10, 15), (11, 13), (13, 15)])
([512], [0, 4, 7, 9, 11, 12, 13, 15], [(0, 11), (0, 4), (0, 13), (4, 9), (4, 7), (7, 9), (7, 15), (9, 12), (11, 13), (11, 15), (12, 13), (12, 15)])
([519], [0, 1, 5, 8, 10, 11, 12, 15], [(0, 8), (0, 5), (0, 15), (1, 10), (1, 11), (1, 5), (5, 8), (8, 12), (10, 11), (10, 15), (11, 12), (12, 15)])
([521], [3, 5, 6, 9, 10, 11, 12, 14], [(3, 9), (3, 5), (3, 6), (5, 9), (5, 14), (6, 11), (6, 12), (9, 10), (10, 11), (10, 14), (11, 12), (12, 14)])
([522], [1, 5, 6, 9, 10, 11, 12, 14], [(1, 9), (1, 11), (1, 6), (5, 6), (5, 10), (5, 14), (6, 14), (9, 11), (9, 12), (10, 11), (10, 12), (12, 14)])
([525], [2, 5, 6, 9, 10, 11, 12, 14], [(2, 6), (2, 10), (2, 14), (5, 9), (5, 12), (5, 14), (6, 11), (6, 12), (9, 10), (9, 11), (10, 14), (11, 12)])
([528], [2, 5, 6, 9, 10, 11, 13, 14], [(2, 6), (2, 10), (2, 14), (5, 9), (5, 13), (5, 14), (6, 11), (6, 13), (9, 10), (9, 11), (10, 14), (11, 13)])
([532], [0, 9, 10, 11, 12, 13, 14, 15], [(0, 10), (0, 15), (0, 9), (9, 11), (9, 15), (10, 11), (10, 12), (11, 13), (12, 13), (12, 14), (13, 14), (14, 15)])
([535], [0, 2, 6, 9, 10, 11, 13, 14], [(0, 2), (0, 10), (0, 14), (2, 10), (2, 6), (6, 11), (6, 13), (9, 10), (9, 11), (9, 14), (11, 13), (13, 14)])
([536], [1, 4, 7, 9, 11, 12, 13, 15], [(1, 12), (1, 4), (1, 7), (4, 13), (4, 15), (7, 9), (7, 12), (9, 11), (9, 15), (11, 12), (11, 13), (13, 15)])
([537], [1, 4, 6, 8, 10, 11, 12, 14], [(1, 10), (1, 11), (1, 4), (4, 8), (4, 6), (6, 8), (6, 14), (8, 12), (10, 11), (10, 14), (11, 12), (12, 14)])
([539], [1, 4, 5, 8, 10, 11, 13, 15], [(1, 10), (1, 11), (1, 5), (4, 8), (4, 5), (4, 13), (5, 8), (8, 15), (10, 11), (10, 15), (11, 13), (13, 15)])
([540], [3, 7, 8, 9, 10, 13, 14, 15], [(3, 15), (3, 13), (3, 7), (7, 8), (7, 15), (8, 9), (8, 13), (9, 10), (9, 14), (10, 13), (10, 14), (14, 15)])
([544], [0, 2, 5, 6, 9, 11, 13, 14], [(0, 2), (0, 11), (0, 6), (2, 9), (2, 5), (5, 11), (5, 13), (6, 9), (6, 14), (9, 14), (11, 13), (13, 14)])
([545], [0, 5, 8, 10, 11, 12, 13, 14], [(0, 11), (0, 5), (0, 13), (5, 8), (5, 14), (8, 12), (8, 14), (10, 11), (10, 12), (10, 14), (11, 13), (12, 13)])
([551], [0, 2, 5, 6, 9, 11, 13, 14], [(0, 2), (0, 11), (0, 6), (2, 5), (2, 14), (5, 11), (5, 13), (6, 9), (6, 14), (9, 14), (9, 13), (11, 13)])
([570], [1, 5, 6, 9, 10, 11, 13, 14], [(1, 10), (1, 11), (1, 6), (5, 14), (5, 13), (5, 6), (6, 14), (9, 10), (9, 13), (9, 14), (10, 11), (11, 13)])
([573], [1, 5, 6, 9, 10, 11, 13, 14], [(1, 9), (1, 11), (1, 6), (5, 10), (5, 14), (5, 6), (6, 14), (9, 11), (9, 13), (10, 11), (10, 13), (13, 14)])
([592], [1, 7, 8, 9, 10, 13, 14, 15], [(1, 7), (1, 10), (1, 15), (7, 8), (7, 15), (8, 9), (8, 10), (9, 13), (9, 14), (10, 13), (13, 14), (14, 15)])
([596], [1, 4, 7, 9, 10, 11, 13, 14], [(1, 10), (1, 4), (1, 14), (4, 11), (4, 13), (7, 9), (7, 13), (7, 14), (9, 10), (9, 11), (10, 14), (11, 13)])
([597], [0, 8, 9, 10, 11, 13, 14, 15], [(0, 8), (0, 13), (0, 15), (8, 9), (8, 15), (9, 11), (9, 13), (10, 11), (10, 13), (10, 14), (11, 14), (14, 15)])
([602], [5, 8, 9, 10, 11, 12, 14, 15], [(5, 8), (5, 9), (5, 15), (8, 10), (8, 15), (9, 10), (9, 12), (10, 11), (11, 12), (11, 14), (12, 14), (14, 15)])
([604], [0, 1, 5, 8, 9, 10, 13, 14], [(0, 5), (0, 14), (0, 13), (1, 8), (1, 9), (1, 5), (5, 14), (8, 13), (8, 9), (9, 10), (10, 13), (10, 14)])
([606], [0, 3, 6, 8, 10, 11, 12, 15], [(0, 11), (0, 10), (0, 3), (3, 8), (3, 6), (6, 8), (6, 15), (8, 12), (10, 11), (10, 15), (11, 12), (12, 15)])
([607], [0, 8, 9, 10, 11, 13, 14, 15], [(0, 8), (0, 9), (0, 15), (8, 10), (8, 15), (9, 10), (9, 13), (10, 11), (11, 13), (11, 14), (13, 14), (14, 15)])
([610], [0, 3, 5, 6, 9, 10, 12, 14], [(0, 9), (0, 3), (0, 6), (3, 5), (3, 14), (5, 9), (5, 10), (6, 12), (6, 14), (9, 10), (10, 12), (12, 14)])
([611], [2, 4, 7, 9, 10, 11, 12, 14], [(2, 7), (2, 4), (2, 9), (4, 11), (4, 12), (7, 9), (7, 14), (9, 10), (10, 11), (10, 14), (11, 12), (12, 14)])
([612], [0, 4, 7, 9, 10, 11, 12, 14], [(0, 9), (0, 11), (0, 4), (4, 14), (4, 7), (7, 10), (7, 14), (9, 11), (9, 12), (10, 11), (10, 12), (12, 14)])
([616], [1, 4, 7, 9, 10, 11, 12, 14], [(1, 10), (1, 4), (1, 14), (4, 11), (4, 12), (7, 9), (7, 12), (7, 14), (9, 10), (9, 11), (10, 14), (11, 12)])
([617], [1, 5, 8, 9, 10, 11, 12, 14], [(1, 5), (1, 9), (1, 12), (5, 10), (5, 11), (8, 9), (8, 11), (8, 14), (9, 12), (10, 11), (10, 14), (12, 14)])
([618], [0, 3, 6, 8, 10, 11, 12, 14], [(0, 11), (0, 10), (0, 3), (3, 8), (3, 6), (6, 8), (6, 14), (8, 12), (10, 11), (10, 14), (11, 12), (12, 14)])
([619], [0, 4, 6, 9, 10, 11, 12, 14], [(0, 9), (0, 11), (0, 4), (4, 14), (4, 6), (6, 12), (6, 14), (9, 11), (9, 12), (10, 11), (10, 12), (10, 14)])
([623], [0, 8, 9, 10, 11, 12, 14, 15], [(0, 8), (0, 12), (0, 15), (8, 9), (8, 15), (9, 11), (9, 12), (10, 11), (10, 12), (10, 14), (11, 14), (14, 15)])
([631], [1, 4, 5, 8, 9, 10, 12, 14], [(1, 8), (1, 9), (1, 5), (4, 10), (4, 5), (4, 14), (5, 14), (8, 12), (8, 9), (9, 10), (10, 12), (12, 14)])
([641], [1, 4, 5, 8, 9, 11, 13, 14], [(1, 8), (1, 9), (1, 5), (4, 11), (4, 5), (4, 14), (5, 14), (8, 13), (8, 9), (9, 11), (11, 13), (13, 14)])
([642], [0, 4, 7, 9, 10, 11, 13, 14], [(0, 9), (0, 11), (0, 4), (4, 14), (4, 7), (7, 10), (7, 14), (9, 11), (9, 13), (10, 11), (10, 13), (13, 14)])
([651], [5, 8, 9, 10, 11, 13, 14, 15], [(5, 8), (5, 9), (5, 15), (8, 10), (8, 15), (9, 10), (9, 13), (10, 11), (11, 13), (11, 14), (13, 14), (14, 15)])
([654], [6, 9, 10, 11, 12, 13, 14, 15], [(6, 9), (6, 10), (6, 15), (9, 11), (9, 15), (10, 11), (10, 12), (11, 13), (12, 13), (12, 14), (13, 14), (14, 15)])
([657], [1, 7, 8, 9, 10, 13, 14, 15], [(1, 15), (1, 13), (1, 7), (7, 8), (7, 15), (8, 9), (8, 13), (9, 10), (9, 14), (10, 13), (10, 14), (14, 15)])
([658], [0, 8, 9, 10, 11, 12, 14, 15], [(0, 8), (0, 9), (0, 15), (8, 10), (8, 15), (9, 10), (9, 12), (10, 11), (11, 12), (11, 14), (12, 14), (14, 15)])
([659], [1, 7, 8, 9, 10, 12, 14, 15], [(1, 15), (1, 12), (1, 7), (7, 8), (7, 15), (8, 9), (8, 12), (9, 10), (9, 14), (10, 12), (10, 14), (14, 15)])
([660], [1, 7, 8, 9, 11, 13, 14, 15], [(1, 15), (1, 13), (1, 7), (7, 8), (7, 15), (8, 9), (8, 13), (9, 11), (9, 14), (11, 13), (11, 14), (14, 15)])
([661], [5, 8, 9, 10, 11, 13, 14, 15], [(5, 8), (5, 13), (5, 15), (8, 9), (8, 15), (9, 11), (9, 13), (10, 11), (10, 13), (10, 14), (11, 14), (14, 15)])
([662], [6, 8, 9, 10, 11, 12, 14, 15], [(6, 8), (6, 15), (6, 12), (8, 11), (8, 15), (9, 10), (9, 12), (9, 14), (10, 11), (10, 14), (11, 12), (14, 15)])
([664], [0, 4, 7, 9, 10, 11, 13, 14], [(0, 10), (0, 11), (0, 4), (4, 14), (4, 7), (7, 13), (7, 14), (9, 10), (9, 13), (9, 14), (10, 11), (11, 13)])
([673], [0, 5, 8, 9, 10, 11, 12, 14], [(0, 9), (0, 11), (0, 5), (5, 12), (5, 14), (8, 9), (8, 10), (8, 12), (9, 11), (10, 11), (10, 14), (12, 14)])
([675], [0, 2, 5, 6, 9, 11, 12, 14], [(0, 9), (0, 2), (0, 6), (2, 12), (2, 5), (5, 9), (5, 11), (6, 12), (6, 14), (9, 11), (11, 14), (12, 14)])
([676], [0, 3, 6, 8, 10, 11, 13, 15], [(0, 11), (0, 10), (0, 3), (3, 8), (3, 6), (6, 8), (6, 15), (8, 13), (10, 11), (10, 15), (11, 13), (13, 15)])
([683], [1, 4, 7, 9, 10, 11, 13, 14], [(1, 9), (1, 4), (1, 7), (4, 11), (4, 13), (7, 9), (7, 14), (9, 10), (10, 11), (10, 14), (11, 13), (13, 14)])
([690], [0, 4, 7, 8, 9, 10, 12, 14], [(0, 8), (0, 9), (0, 4), (4, 12), (4, 14), (7, 8), (7, 10), (7, 12), (8, 9), (9, 10), (10, 14), (12, 14)])
([691], [0, 4, 7, 8, 9, 11, 12, 14], [(0, 9), (0, 4), (0, 7), (4, 12), (4, 14), (7, 9), (7, 11), (8, 9), (8, 11), (8, 14), (11, 12), (12, 14)])
([698], [7, 8, 9, 10, 11, 12, 13, 14], [(7, 9), (7, 13), (7, 14), (8, 9), (8, 10), (8, 14), (9, 11), (10, 11), (10, 12), (11, 12), (12, 13), (13, 14)])
([702], [1, 4, 7, 8, 9, 11, 12, 14], [(1, 8), (1, 4), (1, 12), (4, 11), (4, 9), (7, 8), (7, 9), (7, 14), (8, 12), (9, 11), (11, 14), (12, 14)])
([705], [4, 7, 8, 9, 11, 13, 14, 15], [(4, 15), (4, 13), (4, 7), (7, 8), (7, 15), (8, 9), (8, 13), (9, 11), (9, 14), (11, 13), (11, 14), (14, 15)])
([706], [5, 8, 9, 10, 11, 13, 14, 15], [(5, 8), (5, 9), (5, 15), (8, 10), (8, 15), (9, 10), (9, 13), (10, 11), (11, 13), (11, 14), (13, 14), (14, 15)])
([707], [4, 7, 8, 9, 10, 13, 14, 15], [(4, 10), (4, 15), (4, 7), (7, 8), (7, 15), (8, 9), (8, 10), (9, 13), (9, 14), (10, 13), (13, 14), (14, 15)])
([709], [5, 8, 9, 10, 11, 12, 14, 15], [(5, 8), (5, 9), (5, 15), (8, 10), (8, 15), (9, 10), (9, 12), (10, 11), (11, 12), (11, 14), (12, 14), (14, 15)])
([710], [5, 8, 9, 10, 11, 13, 14, 15], [(5, 8), (5, 13), (5, 15), (8, 9), (8, 15), (9, 11), (9, 13), (10, 11), (10, 13), (10, 14), (11, 14), (14, 15)])
([712], [5, 8, 9, 10, 11, 12, 14, 15], [(5, 8), (5, 12), (5, 15), (8, 9), (8, 15), (9, 11), (9, 12), (10, 11), (10, 12), (10, 14), (11, 14), (14, 15)])
([721], [0, 7, 8, 9, 10, 12, 14, 15], [(0, 15), (0, 12), (0, 7), (7, 8), (7, 15), (8, 9), (8, 12), (9, 10), (9, 14), (10, 12), (10, 14), (14, 15)])
([722], [4, 7, 8, 9, 10, 12, 14, 15], [(4, 15), (4, 12), (4, 7), (7, 8), (7, 15), (8, 9), (8, 12), (9, 10), (9, 14), (10, 12), (10, 14), (14, 15)])
([723], [0, 3, 6, 8, 9, 10, 13, 14], [(0, 8), (0, 9), (0, 3), (3, 14), (3, 6), (6, 10), (6, 14), (8, 9), (8, 13), (9, 10), (10, 13), (13, 14)])
([724], [0, 3, 6, 8, 9, 11, 13, 14], [(0, 8), (0, 9), (0, 3), (3, 14), (3, 6), (6, 11), (6, 14), (8, 9), (8, 13), (9, 11), (11, 13), (13, 14)])
([732], [0, 7, 8, 9, 10, 13, 14, 15], [(0, 15), (0, 13), (0, 7), (7, 8), (7, 15), (8, 9), (8, 13), (9, 10), (9, 14), (10, 13), (10, 14), (14, 15)])
([734], [0, 7, 8, 9, 11, 13, 14, 15], [(0, 15), (0, 13), (0, 7), (7, 8), (7, 15), (8, 9), (8, 13), (9, 11), (9, 14), (11, 13), (11, 14), (14, 15)])
([743], [0, 3, 6, 8, 9, 10, 12, 14], [(0, 8), (0, 9), (0, 3), (3, 14), (3, 6), (6, 10), (6, 14), (8, 9), (8, 12), (9, 10), (10, 12), (12, 14)])
([744], [0, 3, 6, 8, 9, 10, 13, 14], [(0, 8), (0, 9), (0, 3), (3, 14), (3, 6), (6, 13), (6, 14), (8, 9), (8, 10), (9, 13), (10, 13), (10, 14)])
([756], [0, 7, 8, 9, 10, 13, 14, 15], [(0, 7), (0, 10), (0, 15), (7, 8), (7, 15), (8, 9), (8, 10), (9, 13), (9, 14), (10, 13), (13, 14), (14, 15)])
([774], [2, 4, 7, 8, 9, 10, 12, 14], [(2, 4), (2, 14), (2, 7), (4, 9), (4, 10), (7, 8), (7, 14), (8, 9), (8, 12), (9, 10), (10, 12), (12, 14)])
([779], [4, 7, 8, 9, 10, 13, 14, 15], [(4, 15), (4, 13), (4, 7), (7, 8), (7, 15), (8, 9), (8, 13), (9, 10), (9, 14), (10, 13), (10, 14), (14, 15)])
([806], [4, 7, 8, 9, 10, 13, 14, 15], [(4, 10), (4, 15), (4, 7), (7, 8), (7, 15), (8, 9), (8, 10), (9, 13), (9, 14), (10, 13), (13, 14), (14, 15)])
([813], [6, 7, 8, 9, 10, 12, 13, 14], [(6, 8), (6, 13), (6, 14), (7, 8), (7, 10), (7, 14), (8, 9), (9, 10), (9, 12), (10, 12), (12, 13), (13, 14)])
([815], [6, 7, 8, 9, 11, 12, 13, 14], [(6, 13), (6, 14), (6, 7), (7, 9), (7, 11), (8, 9), (8, 11), (8, 12), (9, 12), (11, 14), (12, 13), (13, 14)])
([816], [6, 7, 8, 9, 11, 12, 13, 14], [(6, 8), (6, 13), (6, 14), (7, 8), (7, 11), (7, 14), (8, 9), (9, 11), (9, 12), (11, 12), (12, 13), (13, 14)])
([817], [6, 7, 8, 9, 10, 12, 13, 14], [(6, 13), (6, 14), (6, 7), (7, 9), (7, 10), (8, 10), (8, 12), (8, 9), (9, 12), (10, 14), (12, 13), (13, 14)])
([820], [5, 7, 8, 9, 10, 12, 14, 15], [(5, 10), (5, 15), (5, 7), (7, 9), (7, 15), (8, 9), (8, 12), (8, 14), (9, 10), (10, 12), (12, 14), (14, 15)])
([828], [5, 7, 8, 9, 11, 13, 14, 15], [(5, 11), (5, 15), (5, 7), (7, 9), (7, 15), (8, 9), (8, 13), (8, 14), (9, 11), (11, 13), (13, 14), (14, 15)])
([842], [5, 7, 8, 9, 10, 13, 14, 15], [(5, 15), (5, 13), (5, 7), (7, 9), (7, 15), (8, 9), (8, 10), (8, 14), (9, 13), (10, 13), (10, 14), (14, 15)])
([858], [0, 3, 6, 7, 9, 11, 12, 14], [(0, 3), (0, 6), (0, 7), (3, 12), (3, 14), (6, 11), (6, 7), (7, 9), (9, 11), (9, 14), (11, 12), (12, 14)])
([860], [0, 3, 6, 7, 8, 11, 12, 14], [(0, 3), (0, 6), (0, 7), (3, 12), (3, 14), (6, 8), (6, 7), (7, 11), (8, 11), (8, 12), (11, 14), (12, 14)])
([864], [0, 3, 6, 7, 8, 10, 12, 14], [(0, 3), (0, 6), (0, 7), (3, 12), (3, 14), (6, 10), (6, 7), (7, 8), (8, 10), (8, 14), (10, 12), (12, 14)])
([899], [5, 6, 7, 9, 11, 12, 13, 14], [(5, 14), (5, 13), (5, 6), (6, 11), (6, 7), (7, 9), (7, 12), (9, 11), (9, 12), (11, 14), (12, 13), (13, 14)])
([906], [5, 6, 7, 8, 11, 12, 13, 14], [(5, 14), (5, 13), (5, 6), (6, 8), (6, 7), (7, 11), (7, 12), (8, 11), (8, 14), (11, 12), (12, 13), (13, 14)])
([907], [5, 6, 7, 8, 11, 12, 13, 14], [(5, 14), (5, 13), (5, 6), (6, 11), (6, 7), (7, 8), (7, 12), (8, 11), (8, 12), (11, 14), (12, 13), (13, 14)])
([908], [5, 6, 7, 8, 10, 12, 13, 14], [(5, 14), (5, 13), (5, 6), (6, 10), (6, 7), (7, 8), (7, 12), (8, 10), (8, 12), (10, 14), (12, 13), (13, 14)])
