20
30
41
48
57
62
63
68
73
76
77
78
80
82
83
84
85
88
90
92
96
98
102
104
106
108
113
114
115
120
121
123
124
126
155
162
164
175
176
177
178
179
180
188
192
193
194
195
199
200
202
203
205
206
207
225
228
230
232
233
234
237
238
240
248
251
252
253
254
257
260
269
270
271
272
273
274
279
280
281
282
283
284
285
296
301
303
306
308
314
317
337
342
344
345
346
349
350
356
366
368
375
376
377
389
397
398
402
404
406
408
409
422
423
424
425
426
427
431
432
437
440
441
442
444
445
446
449
453
458
459
460
461
463
464
470
472
473
474
475
476
479
483
484
486
487
491
492
494
495
497
498
500
510
511
512
519
521
522
525
528
532
535
536
537
539
540
544
545
551
570
573
592
596
597
602
604
606
607
610
611
612
616
617
618
619
623
631
641
642
651
654
657
658
659
660
661
662
664
673
675
676
683
690
691
698
702
705
706
707
709
710
712
721
722
723
724
732
734
743
744
756
774
779
806
813
815
816
817
820
828
842
858
860
864
899
906
907
908
