([253], [3, 6, 7, 8, 9, 12, 19, 20], [(3, 6), (3, 6), (3, 7), (6, 7), (7, 8), (8, 9), (8, 12), (9, 20), (9, 12), (12, 20), (19, 19), (19, 20)])
([414], [1, 4, 5, 6, 7, 10, 19, 20], [(1, 4), (1, 4), (1, 5), (4, 5), (5, 6), (6, 10), (6, 7), (7, 10), (7, 20), (10, 20), (19, 19), (19, 20)])
([505], [3, 6, 7, 8, 9, 12, 19, 20], [(3, 6), (3, 6), (3, 7), (6, 7), (7, 8), (8, 9), (8, 12), (9, 20), (9, 12), (12, 20), (19, 19), (19, 20)])
([594], [3, 6, 7, 8, 9, 17, 19, 20], [(3, 6), (3, 6), (3, 7), (6, 7), (7, 8), (8, 9), (8, 17), (9, 17), (9, 20), (17, 20), (19, 19), (19, 20)])
([709], [3, 6, 7, 8, 9, 15, 19, 20], [(3, 6), (3, 6), (3, 7), (6, 7), (7, 8), (8, 9), (8, 15), (9, 20), (9, 15), (15, 20), (19, 19), (19, 20)])
([879], [0, 3, 4, 5, 6, 9, 19, 20], [(0, 3), (0, 3), (0, 4), (3, 4), (4, 5), (5, 9), (5, 6), (6, 9), (6, 20), (9, 20), (19, 19), (19, 20)])
([951], [1, 4, 5, 6, 7, 17, 19, 20], [(1, 4), (1, 4), (1, 5), (4, 5), (5, 6), (6, 17), (6, 7), (7, 17), (7, 20), (17, 20), (19, 19), (19, 20)])
([952], [3, 6, 7, 8, 9, 18, 19, 20], [(3, 6), (3, 6), (3, 7), (6, 7), (7, 8), (8, 9), (8, 20), (9, 19), (9, 20), (18, 18), (18, 19), (19, 20)])
([953], [3, 6, 7, 8, 9, 16, 19, 20], [(3, 6), (3, 6), (3, 7), (6, 7), (7, 8), (8, 16), (8, 9), (9, 16), (9, 20), (16, 20), (19, 19), (19, 20)])
([974], [3, 6, 7, 8, 9, 12, 19, 20], [(3, 6), (3, 6), (3, 7), (6, 7), (7, 8), (8, 9), (8, 12), (9, 20), (9, 12), (12, 20), (19, 19), (19, 20)])
([1029], [3, 4, 5, 6, 9, 17, 19, 20], [(3, 17), (3, 17), (3, 4), (4, 17), (4, 5), (5, 9), (5, 6), (6, 9), (6, 20), (9, 20), (19, 19), (19, 20)])
([1030], [1, 4, 5, 6, 7, 10, 19, 20], [(1, 4), (1, 4), (1, 5), (4, 5), (5, 6), (6, 10), (6, 7), (7, 10), (7, 20), (10, 20), (19, 19), (19, 20)])
([1031], [1, 3, 4, 5, 6, 9, 19, 20], [(1, 3), (1, 3), (1, 4), (3, 4), (4, 5), (5, 9), (5, 6), (6, 9), (6, 20), (9, 20), (19, 19), (19, 20)])
([1250], [3, 6, 7, 8, 9, 14, 19, 20], [(3, 6), (3, 6), (3, 7), (6, 7), (7, 8), (8, 9), (8, 14), (9, 20), (9, 14), (14, 20), (19, 19), (19, 20)])
([1251], [1, 4, 5, 6, 7, 16, 19, 20], [(1, 4), (1, 4), (1, 5), (4, 5), (5, 6), (6, 16), (6, 7), (7, 16), (7, 20), (16, 20), (19, 19), (19, 20)])
([1252], [3, 6, 7, 8, 9, 18, 19, 20], [(3, 6), (3, 6), (3, 7), (6, 7), (7, 8), (8, 9), (8, 20), (9, 19), (9, 20), (18, 18), (18, 19), (19, 20)])
([1439], [3, 4, 5, 6, 15, 17, 19, 20], [(3, 4), (3, 15), (3, 15), (4, 5), (4, 15), (5, 17), (5, 6), (6, 17), (6, 20), (17, 20), (19, 19), (19, 20)])
([1477], [1, 4, 5, 6, 7, 10, 19, 20], [(1, 4), (1, 4), (1, 5), (4, 5), (5, 6), (6, 10), (6, 7), (7, 10), (7, 20), (10, 20), (19, 19), (19, 20)])
([1610], [2, 3, 4, 5, 8, 15, 19, 20], [(2, 3), (2, 15), (2, 15), (3, 4), (3, 15), (4, 8), (4, 5), (5, 8), (5, 20), (8, 20), (19, 19), (19, 20)])
([1611], [1, 3, 4, 5, 6, 9, 19, 20], [(1, 4), (1, 3), (1, 3), (3, 4), (4, 5), (5, 9), (5, 6), (6, 9), (6, 20), (9, 20), (19, 19), (19, 20)])
([1612], [1, 3, 4, 5, 6, 17, 19, 20], [(1, 4), (1, 3), (1, 3), (3, 4), (4, 5), (5, 17), (5, 6), (6, 17), (6, 20), (17, 20), (19, 19), (19, 20)])
([1767], [1, 4, 5, 6, 7, 18, 19, 20], [(1, 4), (1, 4), (1, 5), (4, 5), (5, 6), (6, 20), (6, 7), (7, 19), (7, 20), (18, 18), (18, 19), (19, 20)])
([1865], [0, 3, 4, 5, 6, 9, 19, 20], [(0, 3), (0, 3), (0, 4), (3, 4), (4, 5), (5, 9), (5, 6), (6, 9), (6, 20), (9, 20), (19, 19), (19, 20)])
([1866], [3, 4, 5, 6, 9, 15, 19, 20], [(3, 4), (3, 15), (3, 15), (4, 5), (4, 15), (5, 9), (5, 6), (6, 9), (6, 20), (9, 20), (19, 19), (19, 20)])
([1867], [1, 4, 5, 6, 7, 15, 19, 20], [(1, 4), (1, 4), (1, 5), (4, 5), (5, 6), (6, 15), (6, 7), (7, 20), (7, 15), (15, 20), (19, 19), (19, 20)])
([1895], [0, 3, 4, 5, 6, 17, 19, 20], [(0, 3), (0, 3), (0, 4), (3, 4), (4, 5), (5, 17), (5, 6), (6, 17), (6, 20), (17, 20), (19, 19), (19, 20)])
([1914], [2, 3, 4, 5, 8, 17, 19, 20], [(2, 3), (2, 17), (2, 17), (3, 17), (3, 4), (4, 8), (4, 5), (5, 8), (5, 20), (8, 20), (19, 19), (19, 20)])
([1915], [2, 3, 4, 5, 8, 17, 19, 20], [(2, 3), (2, 17), (2, 17), (3, 17), (3, 4), (4, 8), (4, 5), (5, 8), (5, 20), (8, 20), (19, 19), (19, 20)])
([1931], [3, 6, 7, 8, 9, 18, 19, 20], [(3, 6), (3, 6), (3, 7), (6, 7), (7, 8), (8, 9), (8, 20), (9, 19), (9, 20), (18, 18), (18, 19), (19, 20)])
([2124], [3, 6, 7, 8, 9, 12, 19, 20], [(3, 6), (3, 6), (3, 7), (6, 7), (7, 8), (8, 9), (8, 12), (9, 20), (9, 12), (12, 20), (19, 19), (19, 20)])
([2125], [3, 6, 7, 8, 9, 14, 19, 20], [(3, 6), (3, 6), (3, 7), (6, 7), (7, 8), (8, 9), (8, 14), (9, 20), (9, 14), (14, 20), (19, 19), (19, 20)])
([2126], [3, 6, 7, 8, 9, 11, 17, 18], [(3, 6), (3, 6), (3, 7), (6, 7), (7, 8), (8, 9), (8, 11), (9, 18), (9, 11), (11, 18), (17, 17), (17, 18)])
([2263], [0, 3, 4, 5, 6, 18, 19, 20], [(0, 3), (0, 3), (0, 4), (3, 4), (4, 5), (5, 20), (5, 6), (6, 19), (6, 20), (18, 18), (18, 19), (19, 20)])
([2315], [1, 2, 3, 4, 7, 17, 19, 20], [(1, 17), (1, 17), (1, 2), (2, 3), (2, 17), (3, 4), (3, 7), (4, 20), (4, 7), (7, 20), (19, 19), (19, 20)])
([2317], [2, 3, 4, 5, 8, 15, 19, 20], [(2, 3), (2, 15), (2, 15), (3, 4), (3, 15), (4, 8), (4, 5), (5, 8), (5, 20), (8, 20), (19, 19), (19, 20)])
([2318], [2, 3, 4, 5, 15, 17, 19, 20], [(2, 3), (2, 15), (2, 15), (3, 4), (3, 15), (4, 17), (4, 5), (5, 17), (5, 20), (17, 20), (19, 19), (19, 20)])
([2319], [1, 2, 3, 4, 7, 15, 19, 20], [(1, 2), (1, 15), (1, 15), (2, 3), (2, 15), (3, 4), (3, 7), (4, 20), (4, 7), (7, 20), (19, 19), (19, 20)])
([2519], [1, 3, 4, 5, 6, 9, 19, 20], [(1, 3), (1, 3), (1, 4), (3, 4), (4, 5), (5, 9), (5, 6), (6, 9), (6, 20), (9, 20), (19, 19), (19, 20)])
([2546], [1, 4, 5, 6, 7, 10, 19, 20], [(1, 4), (1, 4), (1, 5), (4, 5), (5, 6), (6, 10), (6, 7), (7, 10), (7, 20), (10, 20), (19, 19), (19, 20)])
([2647], [3, 4, 5, 6, 15, 16, 19, 20], [(3, 4), (3, 15), (3, 15), (4, 5), (4, 15), (5, 16), (5, 6), (6, 16), (6, 20), (16, 20), (19, 19), (19, 20)])
([2705], [3, 6, 7, 8, 9, 18, 19, 20], [(3, 6), (3, 6), (3, 7), (6, 7), (7, 8), (8, 9), (8, 20), (9, 19), (9, 20), (18, 18), (18, 19), (19, 20)])
([2710], [2, 3, 4, 5, 8, 13, 19, 20], [(2, 3), (2, 13), (2, 13), (3, 4), (3, 13), (4, 8), (4, 5), (5, 8), (5, 20), (8, 20), (19, 19), (19, 20)])
([2759], [3, 6, 7, 8, 9, 18, 19, 20], [(3, 6), (3, 6), (3, 7), (6, 7), (7, 8), (8, 9), (8, 20), (9, 19), (9, 20), (18, 18), (18, 19), (19, 20)])
([2760], [1, 4, 5, 6, 7, 18, 19, 20], [(1, 4), (1, 4), (1, 5), (4, 5), (5, 6), (6, 20), (6, 7), (7, 19), (7, 20), (18, 18), (18, 19), (19, 20)])
([2769], [2, 3, 4, 5, 13, 17, 19, 20], [(2, 3), (2, 13), (2, 13), (3, 4), (3, 13), (4, 17), (4, 5), (5, 17), (5, 20), (17, 20), (19, 19), (19, 20)])
([2943], [1, 4, 5, 6, 7, 9, 17, 18], [(1, 4), (1, 4), (1, 5), (4, 5), (5, 6), (6, 9), (6, 7), (7, 9), (7, 18), (9, 18), (17, 17), (17, 18)])
([2970], [3, 4, 5, 6, 15, 18, 19, 20], [(3, 4), (3, 15), (3, 15), (4, 5), (4, 15), (5, 20), (5, 6), (6, 19), (6, 20), (18, 18), (18, 19), (19, 20)])
([3046], [2, 3, 4, 5, 8, 12, 19, 20], [(2, 3), (2, 12), (2, 12), (3, 12), (3, 4), (4, 8), (4, 5), (5, 8), (5, 20), (8, 20), (19, 19), (19, 20)])
([3149], [3, 6, 7, 8, 9, 13, 19, 20], [(3, 6), (3, 6), (3, 7), (6, 7), (7, 8), (8, 9), (8, 13), (9, 20), (9, 13), (13, 20), (19, 19), (19, 20)])
([3232], [1, 3, 4, 5, 6, 15, 19, 20], [(1, 3), (1, 3), (1, 4), (3, 4), (4, 5), (5, 6), (5, 15), (6, 20), (6, 15), (15, 20), (19, 19), (19, 20)])
([3246], [0, 3, 4, 5, 6, 15, 19, 20], [(0, 4), (0, 3), (0, 3), (3, 4), (4, 5), (5, 6), (5, 15), (6, 20), (6, 15), (15, 20), (19, 19), (19, 20)])
([3389], [1, 4, 5, 6, 7, 18, 19, 20], [(1, 4), (1, 4), (1, 5), (4, 5), (5, 6), (6, 20), (6, 7), (7, 19), (7, 20), (18, 18), (18, 19), (19, 20)])
([3417], [1, 3, 4, 5, 6, 18, 19, 20], [(1, 4), (1, 3), (1, 3), (3, 4), (4, 5), (5, 20), (5, 6), (6, 19), (6, 20), (18, 18), (18, 19), (19, 20)])
([3487], [2, 3, 4, 5, 15, 17, 19, 20], [(2, 3), (2, 15), (2, 15), (3, 4), (3, 15), (4, 17), (4, 5), (5, 17), (5, 20), (17, 20), (19, 20), (19, 19)])
([3506], [1, 4, 5, 6, 7, 14, 19, 20], [(1, 4), (1, 4), (1, 5), (4, 5), (5, 6), (6, 14), (6, 7), (7, 20), (7, 14), (14, 20), (19, 19), (19, 20)])
([3513], [0, 3, 4, 5, 6, 9, 19, 20], [(0, 4), (0, 3), (0, 3), (3, 4), (4, 5), (5, 9), (5, 6), (6, 9), (6, 20), (9, 20), (19, 19), (19, 20)])
([3529], [1, 4, 5, 6, 7, 14, 19, 20], [(1, 4), (1, 4), (1, 5), (4, 5), (5, 6), (6, 14), (6, 7), (7, 20), (7, 14), (14, 20), (19, 19), (19, 20)])
([3548], [2, 3, 4, 5, 8, 15, 19, 20], [(2, 3), (2, 15), (2, 15), (3, 4), (3, 15), (4, 8), (4, 5), (5, 8), (5, 20), (8, 20), (19, 19), (19, 20)])
([3575], [3, 4, 5, 6, 13, 15, 19, 20], [(3, 4), (3, 13), (3, 13), (4, 5), (4, 13), (5, 6), (5, 15), (6, 20), (6, 15), (15, 20), (19, 19), (19, 20)])
([3630], [3, 6, 7, 8, 9, 14, 19, 20], [(3, 6), (3, 6), (3, 7), (6, 7), (7, 8), (8, 9), (8, 14), (9, 20), (9, 14), (14, 20), (19, 19), (19, 20)])
([3707], [3, 4, 5, 6, 9, 14, 19, 20], [(3, 4), (3, 14), (3, 14), (4, 5), (4, 14), (5, 9), (5, 6), (6, 9), (6, 20), (9, 20), (19, 19), (19, 20)])
([3722], [0, 3, 4, 5, 6, 16, 19, 20], [(0, 3), (0, 3), (0, 4), (3, 4), (4, 5), (5, 16), (5, 6), (6, 16), (6, 20), (16, 20), (19, 19), (19, 20)])
([3741], [1, 3, 4, 5, 6, 16, 19, 20], [(1, 4), (1, 3), (1, 3), (3, 4), (4, 5), (5, 16), (5, 6), (6, 16), (6, 20), (16, 20), (19, 19), (19, 20)])
([3757], [3, 6, 7, 8, 9, 13, 17, 18], [(3, 6), (3, 6), (3, 7), (6, 7), (7, 8), (8, 9), (8, 13), (9, 18), (9, 13), (13, 18), (17, 17), (17, 18)])
([3829], [3, 6, 7, 8, 9, 18, 19, 20], [(3, 6), (3, 6), (3, 7), (6, 7), (7, 8), (8, 9), (8, 20), (9, 19), (9, 20), (18, 18), (18, 19), (19, 20)])
([3878], [3, 4, 5, 6, 12, 14, 19, 20], [(3, 12), (3, 12), (3, 4), (4, 12), (4, 5), (5, 14), (5, 6), (6, 20), (6, 14), (14, 20), (19, 19), (19, 20)])
([4111], [2, 3, 4, 5, 8, 14, 19, 20], [(2, 3), (2, 14), (2, 14), (3, 4), (3, 14), (4, 8), (4, 5), (5, 8), (5, 20), (8, 20), (19, 19), (19, 20)])
([4112], [2, 3, 4, 5, 13, 15, 19, 20], [(2, 3), (2, 13), (2, 13), (3, 4), (3, 13), (4, 5), (4, 15), (5, 20), (5, 15), (15, 20), (19, 19), (19, 20)])
([4113], [1, 2, 3, 4, 7, 15, 19, 20], [(1, 2), (1, 15), (1, 15), (2, 3), (2, 15), (3, 4), (3, 7), (4, 20), (4, 7), (7, 20), (19, 19), (19, 20)])
([4114], [2, 3, 4, 5, 8, 11, 19, 20], [(2, 11), (2, 11), (2, 3), (3, 11), (3, 4), (4, 8), (4, 5), (5, 8), (5, 20), (8, 20), (19, 19), (19, 20)])
([4626], [1, 4, 5, 6, 7, 14, 19, 20], [(1, 4), (1, 4), (1, 5), (4, 5), (5, 6), (6, 14), (6, 7), (7, 20), (7, 14), (14, 20), (19, 19), (19, 20)])
([4679], [1, 3, 4, 5, 6, 14, 19, 20], [(1, 3), (1, 3), (1, 4), (3, 4), (4, 5), (5, 14), (5, 6), (6, 20), (6, 14), (14, 20), (19, 19), (19, 20)])
([4683], [1, 4, 5, 6, 7, 18, 19, 20], [(1, 4), (1, 4), (1, 5), (4, 5), (5, 6), (6, 20), (6, 7), (7, 19), (7, 20), (18, 18), (18, 19), (19, 20)])
([4684], [0, 3, 4, 5, 6, 18, 19, 20], [(0, 3), (0, 3), (0, 4), (3, 4), (4, 5), (5, 20), (5, 6), (6, 19), (6, 20), (18, 18), (18, 19), (19, 20)])
([4685], [3, 4, 5, 6, 15, 18, 19, 20], [(3, 4), (3, 15), (3, 15), (4, 5), (4, 15), (5, 20), (5, 6), (6, 19), (6, 20), (18, 18), (18, 19), (19, 20)])
([4686], [1, 4, 5, 6, 7, 18, 19, 20], [(1, 4), (1, 4), (1, 5), (4, 5), (5, 6), (6, 20), (6, 7), (7, 19), (7, 20), (18, 18), (18, 19), (19, 20)])
([4687], [1, 3, 4, 5, 6, 18, 19, 20], [(1, 4), (1, 3), (1, 3), (3, 4), (4, 5), (5, 20), (5, 6), (6, 19), (6, 20), (18, 18), (18, 19), (19, 20)])
([4836], [1, 3, 4, 5, 6, 14, 19, 20], [(1, 3), (1, 3), (1, 4), (3, 4), (4, 5), (5, 14), (5, 6), (6, 20), (6, 14), (14, 20), (19, 19), (19, 20)])
([4873], [1, 2, 3, 4, 7, 12, 19, 20], [(1, 2), (1, 12), (1, 12), (2, 3), (2, 12), (3, 4), (3, 7), (4, 20), (4, 7), (7, 20), (19, 19), (19, 20)])
([4949], [1, 3, 4, 5, 6, 8, 17, 18], [(1, 3), (1, 3), (1, 4), (3, 4), (4, 5), (5, 8), (5, 6), (6, 8), (6, 18), (8, 18), (17, 17), (17, 18)])
([4968], [3, 6, 7, 8, 9, 13, 19, 20], [(3, 6), (3, 6), (3, 7), (6, 7), (7, 8), (8, 9), (8, 13), (9, 20), (9, 13), (13, 20), (19, 19), (19, 20)])
([4969], [1, 4, 5, 6, 7, 13, 19, 20], [(1, 4), (1, 4), (1, 5), (4, 5), (5, 6), (6, 13), (6, 7), (7, 20), (7, 13), (13, 20), (19, 19), (19, 20)])
([4970], [3, 6, 7, 8, 9, 12, 17, 18], [(3, 6), (3, 6), (3, 7), (6, 7), (7, 8), (8, 9), (8, 12), (9, 18), (9, 12), (12, 18), (17, 17), (17, 18)])
([4971], [3, 6, 7, 8, 9, 18, 19, 20], [(3, 6), (3, 6), (3, 7), (6, 7), (7, 8), (8, 9), (8, 20), (9, 19), (9, 20), (18, 18), (18, 19), (19, 20)])
([4977], [2, 3, 4, 5, 8, 14, 19, 20], [(2, 3), (2, 14), (2, 14), (3, 4), (3, 14), (4, 8), (4, 5), (5, 8), (5, 20), (8, 20), (19, 19), (19, 20)])
([4978], [2, 3, 4, 5, 13, 15, 19, 20], [(2, 3), (2, 13), (2, 13), (3, 4), (3, 13), (4, 5), (4, 15), (5, 20), (5, 15), (15, 20), (19, 19), (19, 20)])
([4979], [1, 2, 3, 4, 7, 13, 19, 20], [(1, 2), (1, 13), (1, 13), (2, 3), (2, 13), (3, 4), (3, 7), (4, 20), (4, 7), (7, 20), (19, 19), (19, 20)])
([5001], [2, 3, 4, 5, 15, 18, 19, 20], [(2, 3), (2, 15), (2, 15), (3, 4), (3, 15), (4, 20), (4, 5), (5, 20), (5, 19), (18, 18), (18, 19), (19, 20)])
([5002], [3, 4, 5, 6, 13, 18, 19, 20], [(3, 4), (3, 13), (3, 13), (4, 5), (4, 13), (5, 20), (5, 6), (6, 19), (6, 20), (18, 19), (18, 18), (19, 20)])
([5003], [2, 3, 4, 5, 13, 18, 19, 20], [(2, 3), (2, 13), (2, 13), (3, 4), (3, 13), (4, 20), (4, 5), (5, 20), (5, 19), (18, 19), (18, 18), (19, 20)])
([5004], [2, 3, 4, 5, 15, 18, 19, 20], [(2, 3), (2, 15), (2, 15), (3, 4), (3, 15), (4, 20), (4, 5), (5, 20), (5, 19), (18, 18), (18, 19), (19, 20)])
([5011], [3, 6, 7, 8, 9, 18, 19, 20], [(3, 6), (3, 6), (3, 7), (6, 7), (7, 8), (8, 9), (8, 20), (9, 19), (9, 20), (18, 18), (18, 19), (19, 20)])
([5012], [1, 4, 5, 6, 7, 18, 19, 20], [(1, 4), (1, 4), (1, 5), (4, 5), (5, 6), (6, 20), (6, 7), (7, 19), (7, 20), (18, 18), (18, 19), (19, 20)])
([5013], [3, 6, 7, 8, 9, 16, 17, 20], [(3, 6), (3, 6), (3, 7), (6, 7), (7, 8), (8, 9), (8, 20), (9, 17), (9, 20), (16, 16), (16, 17), (17, 20)])
([5030], [0, 3, 4, 5, 6, 9, 19, 20], [(0, 4), (0, 3), (0, 3), (3, 4), (4, 5), (5, 9), (5, 6), (6, 9), (6, 20), (9, 20), (19, 19), (19, 20)])
([5116], [2, 3, 4, 5, 11, 15, 19, 20], [(2, 11), (2, 11), (2, 3), (3, 11), (3, 4), (4, 5), (4, 15), (5, 20), (5, 15), (15, 20), (19, 19), (19, 20)])
([5134], [3, 6, 7, 8, 9, 18, 19, 20], [(3, 6), (3, 6), (3, 7), (6, 7), (7, 8), (8, 9), (8, 20), (9, 19), (9, 20), (18, 18), (18, 19), (19, 20)])
([5229], [0, 3, 4, 5, 6, 18, 19, 20], [(0, 4), (0, 3), (0, 3), (3, 4), (4, 5), (5, 20), (5, 6), (6, 19), (6, 20), (18, 19), (18, 18), (19, 20)])
([5364], [2, 3, 4, 5, 8, 12, 19, 20], [(2, 3), (2, 12), (2, 12), (3, 12), (3, 4), (4, 8), (4, 5), (5, 8), (5, 20), (8, 20), (19, 19), (19, 20)])
([5448], [1, 3, 4, 5, 6, 18, 19, 20], [(1, 3), (1, 3), (1, 4), (3, 4), (4, 5), (5, 20), (5, 6), (6, 19), (6, 20), (18, 19), (18, 18), (19, 20)])
([5516], [0, 3, 4, 5, 6, 14, 19, 20], [(0, 3), (0, 3), (0, 4), (3, 4), (4, 5), (5, 14), (5, 6), (6, 20), (6, 14), (14, 20), (19, 19), (19, 20)])
([5517], [1, 4, 5, 6, 7, 13, 17, 18], [(1, 4), (1, 4), (1, 5), (4, 5), (5, 6), (6, 13), (6, 7), (7, 18), (7, 13), (13, 18), (17, 17), (17, 18)])
([5606], [0, 3, 4, 5, 6, 14, 19, 20], [(0, 4), (0, 3), (0, 3), (3, 4), (4, 5), (5, 14), (5, 6), (6, 20), (6, 14), (14, 20), (19, 19), (19, 20)])
([5607], [3, 4, 5, 6, 13, 14, 19, 20], [(3, 4), (3, 13), (3, 13), (4, 5), (4, 13), (5, 14), (5, 6), (6, 20), (6, 14), (14, 20), (19, 19), (19, 20)])
([5703], [1, 3, 4, 5, 6, 9, 19, 20], [(1, 3), (1, 3), (1, 4), (3, 4), (4, 5), (5, 9), (5, 6), (6, 9), (6, 20), (9, 20), (19, 19), (19, 20)])
([5845], [1, 2, 3, 4, 13, 17, 19, 20], [(1, 2), (1, 13), (1, 13), (2, 3), (2, 13), (3, 17), (3, 4), (4, 17), (4, 20), (17, 20), (19, 20), (19, 19)])
([5875], [3, 4, 5, 6, 8, 13, 17, 18], [(3, 4), (3, 13), (3, 13), (4, 5), (4, 13), (5, 8), (5, 6), (6, 8), (6, 18), (8, 18), (17, 17), (17, 18)])
([5876], [3, 4, 5, 6, 9, 14, 19, 20], [(3, 4), (3, 14), (3, 14), (4, 5), (4, 14), (5, 9), (5, 6), (6, 9), (6, 20), (9, 20), (19, 19), (19, 20)])
([6121], [2, 3, 4, 5, 15, 16, 19, 20], [(2, 3), (2, 15), (2, 15), (3, 4), (3, 15), (4, 16), (4, 5), (5, 16), (5, 20), (16, 20), (19, 20), (19, 19)])
([6122], [1, 2, 3, 4, 15, 17, 19, 20], [(1, 2), (1, 15), (1, 15), (2, 3), (2, 15), (3, 17), (3, 4), (4, 17), (4, 20), (17, 20), (19, 19), (19, 20)])
([6123], [2, 3, 4, 5, 11, 17, 19, 20], [(2, 11), (2, 11), (2, 3), (3, 11), (3, 4), (4, 17), (4, 5), (5, 17), (5, 20), (17, 20), (19, 19), (19, 20)])
([6136], [0, 3, 4, 5, 6, 8, 17, 18], [(0, 3), (0, 3), (0, 4), (3, 4), (4, 5), (5, 8), (5, 6), (6, 8), (6, 18), (8, 18), (17, 17), (17, 18)])
([6145], [2, 3, 4, 5, 13, 16, 19, 20], [(2, 3), (2, 13), (2, 13), (3, 4), (3, 13), (4, 16), (4, 5), (5, 16), (5, 20), (16, 20), (19, 19), (19, 20)])
([6279], [2, 3, 4, 5, 15, 16, 19, 20], [(2, 3), (2, 15), (2, 15), (3, 4), (3, 15), (4, 16), (4, 5), (5, 16), (5, 20), (16, 20), (19, 19), (19, 20)])
([6453], [2, 3, 4, 5, 13, 14, 19, 20], [(2, 3), (2, 13), (2, 13), (3, 4), (3, 13), (4, 5), (4, 14), (5, 20), (5, 14), (14, 20), (19, 19), (19, 20)])
([6759], [2, 3, 4, 5, 13, 14, 19, 20], [(2, 3), (2, 13), (2, 13), (3, 4), (3, 13), (4, 5), (4, 14), (5, 20), (5, 14), (14, 20), (19, 19), (19, 20)])
([6833], [3, 4, 5, 6, 12, 13, 19, 20], [(3, 12), (3, 12), (3, 4), (4, 12), (4, 5), (5, 13), (5, 6), (6, 20), (6, 13), (13, 20), (19, 19), (19, 20)])
([6834], [0, 3, 4, 5, 6, 13, 19, 20], [(0, 3), (0, 3), (0, 4), (3, 4), (4, 5), (5, 13), (5, 6), (6, 20), (6, 13), (13, 20), (19, 19), (19, 20)])
([6835], [1, 4, 5, 6, 7, 12, 17, 18], [(1, 4), (1, 4), (1, 5), (4, 5), (5, 6), (6, 12), (6, 7), (7, 18), (7, 12), (12, 18), (17, 17), (17, 18)])
([6836], [1, 4, 5, 6, 7, 13, 19, 20], [(1, 4), (1, 4), (1, 5), (4, 5), (5, 6), (6, 13), (6, 7), (7, 20), (7, 13), (13, 20), (19, 19), (19, 20)])
([6837], [1, 4, 5, 6, 7, 18, 19, 20], [(1, 4), (1, 4), (1, 5), (4, 5), (5, 6), (6, 20), (6, 7), (7, 19), (7, 20), (18, 18), (18, 19), (19, 20)])
([6838], [1, 3, 4, 5, 6, 13, 19, 20], [(1, 3), (1, 3), (1, 4), (3, 4), (4, 5), (5, 13), (5, 6), (6, 20), (6, 13), (13, 20), (19, 19), (19, 20)])
([7191], [2, 3, 4, 5, 11, 14, 19, 20], [(2, 11), (2, 11), (2, 3), (3, 11), (3, 4), (4, 5), (4, 14), (5, 20), (5, 14), (14, 20), (19, 19), (19, 20)])
([7195], [2, 3, 4, 5, 13, 18, 19, 20], [(2, 3), (2, 13), (2, 13), (3, 4), (3, 13), (4, 20), (4, 5), (5, 20), (5, 19), (18, 18), (18, 19), (19, 20)])
([7196], [2, 3, 4, 5, 15, 18, 19, 20], [(2, 3), (2, 15), (2, 15), (3, 4), (3, 15), (4, 20), (4, 5), (5, 20), (5, 19), (18, 18), (18, 19), (19, 20)])
([7197], [1, 2, 3, 4, 15, 18, 19, 20], [(1, 2), (1, 15), (1, 15), (2, 3), (2, 15), (3, 20), (3, 4), (4, 19), (4, 20), (18, 18), (18, 19), (19, 20)])
([7198], [2, 3, 4, 5, 11, 18, 19, 20], [(2, 11), (2, 11), (2, 3), (3, 11), (3, 4), (4, 20), (4, 5), (5, 20), (5, 19), (18, 18), (18, 19), (19, 20)])
([7319], [1, 2, 3, 4, 7, 14, 19, 20], [(1, 2), (1, 14), (1, 14), (2, 3), (2, 14), (3, 4), (3, 7), (4, 20), (4, 7), (7, 20), (19, 19), (19, 20)])
([7532], [2, 3, 4, 5, 10, 16, 19, 20], [(2, 10), (2, 10), (2, 3), (3, 4), (3, 10), (4, 16), (4, 5), (5, 16), (5, 20), (16, 20), (19, 19), (19, 20)])
([7651], [2, 3, 4, 5, 10, 15, 19, 20], [(2, 10), (2, 10), (2, 3), (3, 4), (3, 10), (4, 5), (4, 15), (5, 20), (5, 15), (15, 20), (19, 19), (19, 20)])
([7769], [2, 3, 4, 5, 7, 13, 17, 18], [(2, 3), (2, 13), (2, 13), (3, 4), (3, 13), (4, 5), (4, 7), (5, 18), (5, 7), (7, 18), (17, 17), (17, 18)])
([7770], [3, 4, 5, 6, 11, 13, 17, 18], [(3, 11), (3, 11), (3, 4), (4, 11), (4, 5), (5, 13), (5, 6), (6, 18), (6, 13), (13, 18), (17, 17), (17, 18)])
([7771], [2, 3, 4, 5, 7, 13, 17, 18], [(2, 3), (2, 13), (2, 13), (3, 4), (3, 13), (4, 5), (4, 7), (5, 18), (5, 7), (7, 18), (17, 17), (17, 18)])
([7772], [2, 3, 4, 5, 7, 11, 17, 18], [(2, 11), (2, 11), (2, 3), (3, 11), (3, 4), (4, 5), (4, 7), (5, 18), (5, 7), (7, 18), (17, 17), (17, 18)])
([7818], [1, 2, 3, 4, 15, 16, 19, 20], [(1, 2), (1, 15), (1, 15), (2, 3), (2, 15), (3, 16), (3, 4), (4, 16), (4, 20), (16, 20), (19, 19), (19, 20)])
([7826], [0, 3, 4, 5, 6, 18, 19, 20], [(0, 3), (0, 3), (0, 4), (3, 4), (4, 5), (5, 20), (5, 6), (6, 19), (6, 20), (18, 19), (18, 18), (19, 20)])
([7827], [0, 3, 4, 5, 6, 18, 19, 20], [(0, 4), (0, 3), (0, 3), (3, 4), (4, 5), (5, 20), (5, 6), (6, 19), (6, 20), (18, 18), (18, 19), (19, 20)])
([7961], [3, 6, 7, 8, 9, 18, 19, 20], [(3, 6), (3, 6), (3, 7), (6, 7), (7, 8), (8, 9), (8, 20), (9, 19), (9, 20), (18, 18), (18, 19), (19, 20)])
([7962], [1, 4, 5, 6, 7, 18, 19, 20], [(1, 4), (1, 4), (1, 5), (4, 5), (5, 6), (6, 20), (6, 7), (7, 19), (7, 20), (18, 18), (18, 19), (19, 20)])
([8084], [2, 3, 4, 5, 12, 14, 19, 20], [(2, 3), (2, 12), (2, 12), (3, 12), (3, 4), (4, 5), (4, 14), (5, 20), (5, 14), (14, 20), (19, 19), (19, 20)])
([8085], [3, 4, 5, 6, 12, 14, 19, 20], [(3, 12), (3, 12), (3, 4), (4, 12), (4, 5), (5, 14), (5, 6), (6, 20), (6, 14), (14, 20), (19, 19), (19, 20)])
([8086], [3, 4, 5, 6, 12, 18, 19, 20], [(3, 12), (3, 12), (3, 4), (4, 12), (4, 5), (5, 20), (5, 6), (6, 19), (6, 20), (18, 18), (18, 19), (19, 20)])
([8087], [2, 3, 4, 5, 10, 14, 19, 20], [(2, 10), (2, 10), (2, 3), (3, 4), (3, 10), (4, 5), (4, 14), (5, 20), (5, 14), (14, 20), (19, 19), (19, 20)])
([8089], [2, 3, 4, 5, 12, 14, 19, 20], [(2, 3), (2, 12), (2, 12), (3, 12), (3, 4), (4, 5), (4, 14), (5, 20), (5, 14), (14, 20), (19, 19), (19, 20)])
([8303], [1, 2, 3, 4, 13, 15, 19, 20], [(1, 2), (1, 13), (1, 13), (2, 3), (2, 13), (3, 4), (3, 15), (4, 20), (4, 15), (15, 20), (19, 19), (19, 20)])
([8304], [1, 2, 3, 4, 11, 17, 19, 20], [(1, 2), (1, 11), (1, 11), (2, 11), (2, 3), (3, 17), (3, 4), (4, 17), (4, 20), (17, 20), (19, 19), (19, 20)])
([8453], [2, 3, 4, 5, 8, 12, 19, 20], [(2, 3), (2, 12), (2, 12), (3, 12), (3, 4), (4, 8), (4, 5), (5, 8), (5, 20), (8, 20), (19, 19), (19, 20)])
([8561], [3, 6, 7, 8, 9, 16, 17, 20], [(3, 6), (3, 6), (3, 7), (6, 7), (7, 8), (8, 9), (8, 20), (9, 17), (9, 20), (16, 16), (16, 17), (17, 20)])
([8643], [0, 3, 4, 5, 6, 14, 19, 20], [(0, 3), (0, 3), (0, 4), (3, 4), (4, 5), (5, 14), (5, 6), (6, 20), (6, 14), (14, 20), (19, 19), (19, 20)])
([8644], [1, 4, 5, 6, 7, 18, 19, 20], [(1, 4), (1, 4), (1, 5), (4, 5), (5, 6), (6, 20), (6, 7), (7, 19), (7, 20), (18, 18), (18, 19), (19, 20)])
([8645], [1, 3, 4, 5, 6, 14, 19, 20], [(1, 3), (1, 3), (1, 4), (3, 4), (4, 5), (5, 14), (5, 6), (6, 20), (6, 14), (14, 20), (19, 19), (19, 20)])
([8666], [1, 3, 4, 5, 6, 13, 17, 18], [(1, 3), (1, 3), (1, 4), (3, 4), (4, 5), (5, 13), (5, 6), (6, 18), (6, 13), (13, 18), (17, 17), (17, 18)])
([8667], [1, 3, 4, 5, 6, 18, 19, 20], [(1, 3), (1, 3), (1, 4), (3, 4), (4, 5), (5, 20), (5, 6), (6, 19), (6, 20), (18, 18), (18, 19), (19, 20)])
([8780], [1, 3, 4, 5, 6, 18, 19, 20], [(1, 3), (1, 3), (1, 4), (3, 4), (4, 5), (5, 20), (5, 6), (6, 19), (6, 20), (18, 18), (18, 19), (19, 20)])
([8810], [1, 2, 3, 4, 7, 11, 19, 20], [(1, 2), (1, 11), (1, 11), (2, 11), (2, 3), (3, 4), (3, 7), (4, 20), (4, 7), (7, 20), (19, 19), (19, 20)])
([8811], [1, 2, 3, 4, 7, 14, 19, 20], [(1, 2), (1, 14), (1, 14), (2, 3), (2, 14), (3, 4), (3, 7), (4, 20), (4, 7), (7, 20), (19, 19), (19, 20)])
([8994], [2, 3, 4, 5, 8, 10, 19, 20], [(2, 10), (2, 10), (2, 3), (3, 4), (3, 10), (4, 8), (4, 5), (5, 8), (5, 20), (8, 20), (19, 19), (19, 20)])
([8996], [2, 3, 4, 5, 11, 18, 19, 20], [(2, 11), (2, 11), (2, 3), (3, 11), (3, 4), (4, 20), (4, 5), (5, 20), (5, 19), (18, 18), (18, 19), (19, 20)])
([8997], [1, 2, 3, 4, 11, 15, 19, 20], [(1, 2), (1, 11), (1, 11), (2, 11), (2, 3), (3, 4), (3, 15), (4, 20), (4, 15), (15, 20), (19, 19), (19, 20)])
([9085], [1, 4, 5, 6, 7, 16, 17, 20], [(1, 4), (1, 4), (1, 5), (4, 5), (5, 6), (6, 20), (6, 7), (7, 17), (7, 20), (16, 16), (16, 17), (17, 20)])
([9206], [1, 2, 3, 4, 7, 12, 19, 20], [(1, 2), (1, 12), (1, 12), (2, 3), (2, 12), (3, 4), (3, 7), (4, 20), (4, 7), (7, 20), (19, 19), (19, 20)])
([9235], [1, 2, 3, 4, 13, 16, 19, 20], [(1, 2), (1, 13), (1, 13), (2, 3), (2, 13), (3, 16), (3, 4), (4, 16), (4, 20), (16, 20), (19, 20), (19, 19)])
([9302], [3, 6, 7, 8, 9, 18, 19, 20], [(3, 6), (3, 6), (3, 7), (6, 7), (7, 8), (8, 9), (8, 20), (9, 19), (9, 20), (18, 18), (18, 19), (19, 20)])
([9478], [0, 3, 4, 5, 6, 13, 17, 18], [(0, 3), (0, 3), (0, 4), (3, 4), (4, 5), (5, 13), (5, 6), (6, 18), (6, 13), (13, 18), (17, 17), (17, 18)])
([9479], [0, 3, 4, 5, 6, 18, 19, 20], [(0, 3), (0, 3), (0, 4), (3, 4), (4, 5), (5, 20), (5, 6), (6, 19), (6, 20), (18, 18), (18, 19), (19, 20)])
([9667], [2, 3, 4, 5, 15, 18, 19, 20], [(2, 3), (2, 15), (2, 15), (3, 4), (3, 15), (4, 20), (4, 5), (5, 20), (5, 19), (18, 18), (18, 19), (19, 20)])
([9677], [2, 3, 4, 5, 13, 18, 19, 20], [(2, 3), (2, 13), (2, 13), (3, 4), (3, 13), (4, 20), (4, 5), (5, 20), (5, 19), (18, 19), (18, 18), (19, 20)])
([9683], [1, 2, 3, 4, 13, 18, 19, 20], [(1, 2), (1, 13), (1, 13), (2, 3), (2, 13), (3, 20), (3, 4), (4, 19), (4, 20), (18, 18), (18, 19), (19, 20)])
([9737], [1, 3, 4, 5, 6, 18, 19, 20], [(1, 3), (1, 3), (1, 4), (3, 4), (4, 5), (5, 20), (5, 6), (6, 19), (6, 20), (18, 18), (18, 19), (19, 20)])
([9821], [2, 3, 4, 5, 13, 18, 19, 20], [(2, 3), (2, 13), (2, 13), (3, 4), (3, 13), (4, 20), (4, 5), (5, 20), (5, 19), (18, 18), (18, 19), (19, 20)])
([9864], [2, 3, 4, 5, 8, 14, 19, 20], [(2, 3), (2, 14), (2, 14), (3, 4), (3, 14), (4, 8), (4, 5), (5, 8), (5, 20), (8, 20), (19, 19), (19, 20)])
([9865], [2, 3, 4, 5, 8, 14, 19, 20], [(2, 3), (2, 14), (2, 14), (3, 4), (3, 14), (4, 8), (4, 5), (5, 8), (5, 20), (8, 20), (19, 19), (19, 20)])
([9911], [3, 4, 5, 6, 16, 18, 19, 20], [(3, 16), (3, 16), (3, 4), (4, 16), (4, 5), (5, 20), (5, 6), (6, 19), (6, 20), (18, 18), (18, 19), (19, 20)])
([9954], [3, 4, 5, 6, 13, 18, 19, 20], [(3, 4), (3, 13), (3, 13), (4, 5), (4, 13), (5, 20), (5, 6), (6, 19), (6, 20), (18, 18), (18, 19), (19, 20)])
([10017], [2, 3, 4, 5, 16, 18, 19, 20], [(2, 16), (2, 16), (2, 3), (3, 16), (3, 4), (4, 20), (4, 5), (5, 20), (5, 19), (18, 18), (18, 19), (19, 20)])
([10018], [2, 3, 4, 5, 13, 18, 19, 20], [(2, 3), (2, 13), (2, 13), (3, 4), (3, 13), (4, 20), (4, 5), (5, 20), (5, 19), (18, 18), (18, 19), (19, 20)])
([10019], [1, 2, 3, 4, 15, 18, 19, 20], [(1, 2), (1, 15), (1, 15), (2, 3), (2, 15), (3, 20), (3, 4), (4, 19), (4, 20), (18, 18), (18, 19), (19, 20)])
([10021], [2, 3, 4, 5, 10, 18, 19, 20], [(2, 10), (2, 10), (2, 3), (3, 4), (3, 10), (4, 20), (4, 5), (5, 20), (5, 19), (18, 18), (18, 19), (19, 20)])
([10183], [1, 2, 3, 4, 12, 14, 19, 20], [(1, 2), (1, 12), (1, 12), (2, 3), (2, 12), (3, 4), (3, 14), (4, 20), (4, 14), (14, 20), (19, 19), (19, 20)])
([10184], [1, 2, 3, 4, 13, 18, 19, 20], [(1, 2), (1, 13), (1, 13), (2, 3), (2, 13), (3, 20), (3, 4), (4, 19), (4, 20), (18, 18), (18, 19), (19, 20)])
([10185], [1, 2, 3, 4, 13, 14, 19, 20], [(1, 2), (1, 13), (1, 13), (2, 3), (2, 13), (3, 4), (3, 14), (4, 20), (4, 14), (14, 20), (19, 19), (19, 20)])
([10186], [1, 2, 3, 4, 10, 15, 19, 20], [(1, 2), (1, 10), (1, 10), (2, 10), (2, 3), (3, 4), (3, 15), (4, 20), (4, 15), (15, 20), (19, 19), (19, 20)])
([10250], [0, 3, 4, 5, 6, 16, 17, 20], [(0, 3), (0, 3), (0, 4), (3, 4), (4, 5), (5, 20), (5, 6), (6, 17), (6, 20), (16, 16), (16, 17), (17, 20)])
([10253], [2, 3, 4, 5, 12, 14, 19, 20], [(2, 3), (2, 12), (2, 12), (3, 12), (3, 4), (4, 5), (4, 14), (5, 20), (5, 14), (14, 20), (19, 19), (19, 20)])
([10254], [0, 3, 4, 5, 6, 18, 19, 20], [(0, 3), (0, 3), (0, 4), (3, 4), (4, 5), (5, 20), (5, 6), (6, 19), (6, 20), (18, 18), (18, 19), (19, 20)])
([10255], [0, 3, 4, 5, 6, 13, 19, 20], [(0, 3), (0, 3), (0, 4), (3, 4), (4, 5), (5, 13), (5, 6), (6, 20), (6, 13), (13, 20), (19, 19), (19, 20)])
([10284], [1, 3, 4, 5, 6, 18, 19, 20], [(1, 3), (1, 3), (1, 4), (3, 4), (4, 5), (5, 20), (5, 6), (6, 19), (6, 20), (18, 18), (18, 19), (19, 20)])
([10285], [2, 3, 4, 5, 10, 18, 19, 20], [(2, 10), (2, 10), (2, 3), (3, 4), (3, 10), (4, 20), (4, 5), (5, 20), (5, 19), (18, 18), (18, 19), (19, 20)])
([10286], [1, 3, 4, 5, 6, 16, 17, 20], [(1, 3), (1, 3), (1, 4), (3, 4), (4, 5), (5, 20), (5, 6), (6, 17), (6, 20), (16, 16), (16, 17), (17, 20)])
([10287], [1, 3, 4, 5, 6, 18, 19, 20], [(1, 3), (1, 3), (1, 4), (3, 4), (4, 5), (5, 20), (5, 6), (6, 19), (6, 20), (18, 18), (18, 19), (19, 20)])
([10713], [1, 2, 3, 4, 6, 13, 17, 18], [(1, 2), (1, 13), (1, 13), (2, 3), (2, 13), (3, 4), (3, 6), (4, 18), (4, 6), (6, 18), (17, 17), (17, 18)])
([10715], [2, 3, 4, 5, 11, 13, 17, 18], [(2, 11), (2, 11), (2, 3), (3, 11), (3, 4), (4, 5), (4, 13), (5, 18), (5, 13), (13, 18), (17, 17), (17, 18)])
([10716], [1, 2, 3, 4, 6, 11, 17, 18], [(1, 2), (1, 11), (1, 11), (2, 11), (2, 3), (3, 4), (3, 6), (4, 18), (4, 6), (6, 18), (17, 17), (17, 18)])
([11364], [1, 2, 3, 4, 7, 10, 19, 20], [(1, 2), (1, 10), (1, 10), (2, 10), (2, 3), (3, 4), (3, 7), (4, 20), (4, 7), (7, 20), (19, 19), (19, 20)])
([11365], [1, 2, 3, 4, 7, 13, 19, 20], [(1, 2), (1, 13), (1, 13), (2, 3), (2, 13), (3, 4), (3, 7), (4, 20), (4, 7), (7, 20), (19, 19), (19, 20)])
([11658], [2, 3, 4, 5, 12, 18, 19, 20], [(2, 3), (2, 12), (2, 12), (3, 12), (3, 4), (4, 20), (4, 5), (5, 20), (5, 19), (18, 18), (18, 19), (19, 20)])
([11659], [2, 3, 4, 5, 13, 18, 19, 20], [(2, 3), (2, 13), (2, 13), (3, 4), (3, 13), (4, 20), (4, 5), (5, 20), (5, 19), (18, 18), (18, 19), (19, 20)])
([11660], [1, 2, 3, 4, 11, 18, 19, 20], [(1, 2), (1, 11), (1, 11), (2, 11), (2, 3), (3, 20), (3, 4), (4, 19), (4, 20), (18, 18), (18, 19), (19, 20)])
([11683], [2, 3, 4, 5, 11, 13, 17, 18], [(2, 11), (2, 11), (2, 3), (3, 11), (3, 4), (4, 5), (4, 13), (5, 18), (5, 13), (13, 18), (17, 17), (17, 18)])
([11684], [0, 3, 4, 5, 6, 12, 17, 18], [(0, 3), (0, 3), (0, 4), (3, 4), (4, 5), (5, 12), (5, 6), (6, 18), (6, 12), (12, 18), (17, 17), (17, 18)])
([11694], [3, 4, 5, 6, 12, 18, 19, 20], [(3, 12), (3, 12), (3, 4), (4, 12), (4, 5), (5, 20), (5, 6), (6, 19), (6, 20), (18, 18), (18, 19), (19, 20)])
([11695], [1, 4, 5, 6, 7, 18, 19, 20], [(1, 4), (1, 4), (1, 5), (4, 5), (5, 6), (6, 20), (6, 7), (7, 19), (7, 20), (18, 18), (18, 19), (19, 20)])
([11937], [11, 12, 14, 16, 17, 18, 19, 20], [(11, 19), (11, 14), (11, 14), (12, 17), (12, 18), (12, 20), (14, 19), (16, 16), (16, 17), (17, 18), (18, 20), (19, 20)])
([12174], [2, 3, 4, 5, 12, 18, 19, 20], [(2, 3), (2, 12), (2, 12), (3, 12), (3, 4), (4, 20), (4, 5), (5, 20), (5, 19), (18, 18), (18, 19), (19, 20)])
([12464], [2, 3, 4, 5, 11, 18, 19, 20], [(2, 11), (2, 11), (2, 3), (3, 11), (3, 4), (4, 20), (4, 5), (5, 20), (5, 19), (18, 18), (18, 19), (19, 20)])
([12553], [1, 2, 3, 4, 11, 18, 19, 20], [(1, 2), (1, 11), (1, 11), (2, 11), (2, 3), (3, 20), (3, 4), (4, 19), (4, 20), (18, 18), (18, 19), (19, 20)])
([12617], [3, 4, 5, 6, 12, 18, 19, 20], [(3, 12), (3, 12), (3, 4), (4, 12), (4, 5), (5, 20), (5, 6), (6, 19), (6, 20), (18, 18), (18, 19), (19, 20)])
([12750], [3, 4, 5, 6, 11, 16, 17, 20], [(3, 11), (3, 11), (3, 4), (4, 11), (4, 5), (5, 20), (5, 6), (6, 17), (6, 20), (16, 16), (16, 17), (17, 20)])
([12751], [1, 4, 5, 6, 7, 16, 17, 20], [(1, 4), (1, 4), (1, 5), (4, 5), (5, 6), (6, 20), (6, 7), (7, 17), (7, 20), (16, 16), (16, 17), (17, 20)])
([12798], [0, 3, 4, 5, 6, 18, 19, 20], [(0, 3), (0, 3), (0, 4), (3, 4), (4, 5), (5, 20), (5, 6), (6, 19), (6, 20), (18, 19), (18, 18), (19, 20)])
([12894], [1, 2, 3, 4, 10, 16, 19, 20], [(1, 2), (1, 10), (1, 10), (2, 10), (2, 3), (3, 16), (3, 4), (4, 16), (4, 20), (16, 20), (19, 19), (19, 20)])
([13101], [2, 3, 4, 5, 12, 13, 19, 20], [(2, 3), (2, 12), (2, 12), (3, 12), (3, 4), (4, 5), (4, 13), (5, 20), (5, 13), (13, 20), (19, 19), (19, 20)])
([13103], [2, 3, 4, 5, 9, 14, 19, 20], [(2, 3), (2, 9), (2, 9), (3, 9), (3, 4), (4, 5), (4, 14), (5, 20), (5, 14), (14, 20), (19, 19), (19, 20)])
([13136], [1, 3, 4, 5, 6, 18, 19, 20], [(1, 4), (1, 3), (1, 3), (3, 4), (4, 5), (5, 20), (5, 6), (6, 19), (6, 20), (18, 19), (18, 18), (19, 20)])
([13166], [2, 3, 4, 5, 14, 18, 19, 20], [(2, 3), (2, 14), (2, 14), (3, 4), (3, 14), (4, 20), (4, 5), (5, 20), (5, 19), (18, 18), (18, 19), (19, 20)])
([13343], [2, 3, 4, 5, 8, 9, 19, 20], [(2, 3), (2, 9), (2, 9), (3, 9), (3, 4), (4, 8), (4, 5), (5, 8), (5, 20), (8, 20), (19, 19), (19, 20)])
([13498], [1, 3, 4, 5, 6, 13, 19, 20], [(1, 3), (1, 3), (1, 4), (3, 4), (4, 5), (5, 13), (5, 6), (6, 20), (6, 13), (13, 20), (19, 19), (19, 20)])
([13593], [1, 2, 3, 4, 11, 14, 19, 20], [(1, 2), (1, 11), (1, 11), (2, 11), (2, 3), (3, 4), (3, 14), (4, 20), (4, 14), (14, 20), (19, 19), (19, 20)])
([13668], [2, 3, 4, 5, 7, 9, 17, 18], [(2, 3), (2, 9), (2, 9), (3, 9), (3, 4), (4, 5), (4, 7), (5, 18), (5, 7), (7, 18), (17, 17), (17, 18)])
([13819], [2, 3, 4, 5, 10, 13, 19, 20], [(2, 10), (2, 10), (2, 3), (3, 4), (3, 10), (4, 5), (4, 13), (5, 20), (5, 13), (13, 20), (19, 19), (19, 20)])
([13820], [1, 3, 4, 5, 6, 12, 17, 18], [(1, 3), (1, 3), (1, 4), (3, 4), (4, 5), (5, 12), (5, 6), (6, 18), (6, 12), (12, 18), (17, 17), (17, 18)])
([13882], [0, 3, 4, 5, 6, 18, 19, 20], [(0, 3), (0, 3), (0, 4), (3, 4), (4, 5), (5, 20), (5, 6), (6, 19), (6, 20), (18, 18), (18, 19), (19, 20)])
([14064], [3, 4, 5, 6, 14, 18, 19, 20], [(3, 4), (3, 14), (3, 14), (4, 5), (4, 14), (5, 20), (5, 6), (6, 19), (6, 20), (18, 19), (18, 18), (19, 20)])
([14065], [1, 4, 5, 6, 7, 18, 19, 20], [(1, 4), (1, 4), (1, 5), (4, 5), (5, 6), (6, 20), (6, 7), (7, 19), (7, 20), (18, 18), (18, 19), (19, 20)])
([14290], [3, 4, 5, 6, 12, 13, 19, 20], [(3, 12), (3, 12), (3, 4), (4, 12), (4, 5), (5, 13), (5, 6), (6, 20), (6, 13), (13, 20), (19, 19), (19, 20)])
([14372], [2, 3, 4, 5, 12, 13, 19, 20], [(2, 3), (2, 12), (2, 12), (3, 12), (3, 4), (4, 5), (4, 13), (5, 20), (5, 13), (13, 20), (19, 19), (19, 20)])
([14525], [1, 2, 3, 4, 13, 18, 19, 20], [(1, 2), (1, 13), (1, 13), (2, 3), (2, 13), (3, 20), (3, 4), (4, 19), (4, 20), (18, 18), (18, 19), (19, 20)])
([14545], [1, 2, 3, 4, 7, 14, 19, 20], [(1, 2), (1, 14), (1, 14), (2, 3), (2, 14), (3, 4), (3, 7), (4, 20), (4, 7), (7, 20), (19, 19), (19, 20)])
([14637], [2, 3, 4, 5, 12, 14, 19, 20], [(2, 3), (2, 12), (2, 12), (3, 12), (3, 4), (4, 5), (4, 14), (5, 20), (5, 14), (14, 20), (19, 19), (19, 20)])
([14656], [1, 2, 3, 4, 10, 14, 19, 20], [(1, 2), (1, 10), (1, 10), (2, 10), (2, 3), (3, 4), (3, 14), (4, 20), (4, 14), (14, 20), (19, 19), (19, 20)])
([14679], [3, 4, 5, 6, 11, 12, 17, 18], [(3, 11), (3, 11), (3, 4), (4, 11), (4, 5), (5, 12), (5, 6), (6, 18), (6, 12), (12, 18), (17, 17), (17, 18)])
([14680], [2, 3, 4, 5, 9, 13, 17, 18], [(2, 9), (2, 9), (2, 3), (3, 9), (3, 4), (4, 5), (4, 13), (5, 18), (5, 13), (13, 18), (17, 17), (17, 18)])
([14691], [1, 2, 3, 4, 13, 17, 19, 20], [(1, 2), (1, 13), (1, 13), (2, 3), (2, 13), (3, 17), (3, 4), (4, 17), (4, 20), (17, 20), (19, 19), (19, 20)])
([14745], [2, 3, 4, 5, 10, 14, 19, 20], [(2, 10), (2, 10), (2, 3), (3, 4), (3, 10), (4, 5), (4, 14), (5, 20), (5, 14), (14, 20), (19, 19), (19, 20)])
([14746], [1, 2, 3, 4, 7, 12, 19, 20], [(1, 2), (1, 12), (1, 12), (2, 3), (2, 12), (3, 4), (3, 7), (4, 20), (4, 7), (7, 20), (19, 19), (19, 20)])
([14767], [3, 6, 7, 8, 9, 16, 17, 20], [(3, 6), (3, 6), (3, 7), (6, 7), (7, 8), (8, 9), (8, 20), (9, 17), (9, 20), (16, 16), (16, 17), (17, 20)])
([14958], [2, 3, 4, 5, 9, 14, 19, 20], [(2, 3), (2, 9), (2, 9), (3, 9), (3, 4), (4, 5), (4, 14), (5, 20), (5, 14), (14, 20), (19, 19), (19, 20)])
([14995], [3, 6, 7, 8, 9, 18, 19, 20], [(3, 6), (3, 6), (3, 7), (6, 7), (7, 8), (8, 9), (8, 20), (9, 19), (9, 20), (18, 18), (18, 19), (19, 20)])
([15052], [2, 3, 4, 5, 10, 18, 19, 20], [(2, 10), (2, 10), (2, 3), (3, 4), (3, 10), (4, 20), (4, 5), (5, 20), (5, 19), (18, 18), (18, 19), (19, 20)])
([15086], [2, 3, 4, 5, 16, 18, 19, 20], [(2, 16), (2, 16), (2, 3), (3, 16), (3, 4), (4, 20), (4, 5), (5, 20), (5, 19), (18, 18), (18, 19), (19, 20)])
([15462], [2, 3, 4, 5, 11, 12, 17, 18], [(2, 11), (2, 11), (2, 3), (3, 11), (3, 4), (4, 12), (4, 5), (5, 12), (5, 18), (12, 18), (17, 17), (17, 18)])
([15463], [0, 3, 4, 5, 6, 16, 17, 20], [(0, 3), (0, 3), (0, 4), (3, 4), (4, 5), (5, 20), (5, 6), (6, 17), (6, 20), (16, 16), (16, 17), (17, 20)])
([15655], [1, 2, 3, 4, 12, 15, 19, 20], [(1, 2), (1, 12), (1, 12), (2, 3), (2, 12), (3, 4), (3, 15), (4, 20), (4, 15), (15, 20), (19, 19), (19, 20)])
([15656], [1, 2, 3, 4, 13, 18, 19, 20], [(1, 2), (1, 13), (1, 13), (2, 3), (2, 13), (3, 20), (3, 4), (4, 19), (4, 20), (18, 18), (18, 19), (19, 20)])
([15657], [1, 2, 3, 4, 12, 16, 19, 20], [(1, 2), (1, 12), (1, 12), (2, 3), (2, 12), (3, 16), (3, 4), (4, 16), (4, 20), (16, 20), (19, 19), (19, 20)])
([15990], [2, 3, 4, 5, 12, 18, 19, 20], [(2, 3), (2, 12), (2, 12), (3, 12), (3, 4), (4, 20), (4, 5), (5, 20), (5, 19), (18, 18), (18, 19), (19, 20)])
([16372], [1, 2, 3, 4, 11, 13, 17, 18], [(1, 2), (1, 11), (1, 11), (2, 11), (2, 3), (3, 4), (3, 13), (4, 18), (4, 13), (13, 18), (17, 17), (17, 18)])
([16373], [2, 3, 4, 5, 11, 16, 17, 20], [(2, 11), (2, 11), (2, 3), (3, 11), (3, 4), (4, 20), (4, 5), (5, 17), (5, 20), (16, 16), (16, 17), (17, 20)])
([16374], [2, 3, 4, 5, 11, 12, 17, 18], [(2, 11), (2, 11), (2, 3), (3, 11), (3, 4), (4, 12), (4, 5), (5, 12), (5, 18), (12, 18), (17, 17), (17, 18)])
([16375], [1, 2, 3, 4, 9, 13, 17, 18], [(1, 9), (1, 9), (1, 2), (2, 3), (2, 9), (3, 4), (3, 13), (4, 18), (4, 13), (13, 18), (17, 17), (17, 18)])
([16585], [9, 10, 14, 16, 17, 18, 19, 20], [(9, 19), (9, 14), (9, 14), (10, 17), (10, 18), (10, 20), (14, 19), (16, 16), (16, 17), (17, 18), (18, 20), (19, 20)])
([16644], [10, 12, 13, 16, 17, 18, 19, 20], [(10, 17), (10, 18), (10, 20), (12, 19), (12, 13), (12, 13), (13, 19), (16, 16), (16, 17), (17, 18), (18, 20), (19, 20)])
([16673], [2, 3, 4, 5, 14, 18, 19, 20], [(2, 3), (2, 14), (2, 14), (3, 4), (3, 14), (4, 20), (4, 5), (5, 20), (5, 19), (18, 18), (18, 19), (19, 20)])
([16733], [11, 13, 14, 16, 17, 18, 19, 20], [(11, 17), (11, 18), (11, 20), (13, 19), (13, 14), (13, 14), (14, 19), (16, 16), (16, 17), (17, 18), (18, 20), (19, 20)])
([16783], [2, 3, 4, 5, 8, 14, 19, 20], [(2, 8), (2, 8), (2, 3), (3, 8), (3, 4), (4, 5), (4, 14), (5, 20), (5, 14), (14, 20), (19, 19), (19, 20)])
([17067], [2, 3, 4, 5, 12, 13, 19, 20], [(2, 3), (2, 12), (2, 12), (3, 12), (3, 4), (4, 5), (4, 13), (5, 20), (5, 13), (13, 20), (19, 19), (19, 20)])
([17068], [1, 2, 3, 4, 12, 13, 19, 20], [(1, 2), (1, 12), (1, 12), (2, 3), (2, 12), (3, 4), (3, 13), (4, 20), (4, 13), (13, 20), (19, 19), (19, 20)])
([17069], [2, 3, 4, 5, 12, 18, 19, 20], [(2, 3), (2, 12), (2, 12), (3, 12), (3, 4), (4, 20), (4, 5), (5, 20), (5, 19), (18, 18), (18, 19), (19, 20)])
([17070], [1, 2, 3, 4, 10, 13, 19, 20], [(1, 2), (1, 10), (1, 10), (2, 10), (2, 3), (3, 4), (3, 13), (4, 20), (4, 13), (13, 20), (19, 19), (19, 20)])
([17072], [3, 4, 5, 6, 11, 16, 17, 20], [(3, 11), (3, 11), (3, 4), (4, 11), (4, 5), (5, 20), (5, 6), (6, 17), (6, 20), (16, 16), (16, 17), (17, 20)])
([17073], [2, 3, 4, 5, 9, 12, 17, 18], [(2, 9), (2, 9), (2, 3), (3, 9), (3, 4), (4, 12), (4, 5), (5, 12), (5, 18), (12, 18), (17, 17), (17, 18)])
([17205], [1, 2, 3, 4, 7, 9, 19, 20], [(1, 9), (1, 9), (1, 2), (2, 3), (2, 9), (3, 4), (3, 7), (4, 20), (4, 7), (7, 20), (19, 19), (19, 20)])
([17238], [1, 2, 3, 4, 13, 18, 19, 20], [(1, 2), (1, 13), (1, 13), (2, 3), (2, 13), (3, 20), (3, 4), (4, 19), (4, 20), (18, 18), (18, 19), (19, 20)])
([17239], [1, 2, 3, 4, 11, 18, 19, 20], [(1, 2), (1, 11), (1, 11), (2, 11), (2, 3), (3, 20), (3, 4), (4, 19), (4, 20), (18, 18), (18, 19), (19, 20)])
([17712], [1, 2, 3, 4, 10, 14, 19, 20], [(1, 2), (1, 10), (1, 10), (2, 10), (2, 3), (3, 4), (3, 14), (4, 20), (4, 14), (14, 20), (19, 19), (19, 20)])
([17947], [3, 4, 5, 6, 12, 18, 19, 20], [(3, 12), (3, 12), (3, 4), (4, 12), (4, 5), (5, 20), (5, 6), (6, 19), (6, 20), (18, 18), (18, 19), (19, 20)])
([18144], [2, 3, 4, 5, 8, 13, 19, 20], [(2, 8), (2, 8), (2, 3), (3, 8), (3, 4), (4, 5), (4, 13), (5, 20), (5, 13), (13, 20), (19, 19), (19, 20)])
([18145], [2, 3, 4, 5, 9, 18, 19, 20], [(2, 3), (2, 9), (2, 9), (3, 9), (3, 4), (4, 20), (4, 5), (5, 20), (5, 19), (18, 18), (18, 19), (19, 20)])
([18146], [1, 2, 3, 4, 9, 14, 19, 20], [(1, 9), (1, 9), (1, 2), (2, 3), (2, 9), (3, 4), (3, 14), (4, 20), (4, 14), (14, 20), (19, 19), (19, 20)])
([18515], [1, 3, 4, 5, 6, 18, 19, 20], [(1, 3), (1, 3), (1, 4), (3, 4), (4, 5), (5, 20), (5, 6), (6, 19), (6, 20), (18, 18), (18, 19), (19, 20)])
([18651], [2, 3, 4, 5, 12, 18, 19, 20], [(2, 3), (2, 12), (2, 12), (3, 12), (3, 4), (4, 20), (4, 5), (5, 20), (5, 19), (18, 18), (18, 19), (19, 20)])
([18652], [0, 3, 4, 5, 6, 18, 19, 20], [(0, 3), (0, 3), (0, 4), (3, 4), (4, 5), (5, 20), (5, 6), (6, 19), (6, 20), (18, 18), (18, 19), (19, 20)])
([18673], [2, 3, 4, 5, 12, 18, 19, 20], [(2, 3), (2, 12), (2, 12), (3, 12), (3, 4), (4, 20), (4, 5), (5, 20), (5, 19), (18, 18), (18, 19), (19, 20)])
([18922], [1, 3, 4, 5, 6, 18, 19, 20], [(1, 3), (1, 3), (1, 4), (3, 4), (4, 5), (5, 20), (5, 6), (6, 19), (6, 20), (18, 18), (18, 19), (19, 20)])
([18923], [2, 3, 4, 5, 10, 18, 19, 20], [(2, 10), (2, 10), (2, 3), (3, 4), (3, 10), (4, 20), (4, 5), (5, 20), (5, 19), (18, 18), (18, 19), (19, 20)])
([18924], [1, 3, 4, 5, 6, 16, 17, 20], [(1, 3), (1, 3), (1, 4), (3, 4), (4, 5), (5, 20), (5, 6), (6, 17), (6, 20), (16, 16), (16, 17), (17, 20)])
([18986], [2, 3, 4, 5, 10, 13, 19, 20], [(2, 10), (2, 10), (2, 3), (3, 4), (3, 10), (4, 5), (4, 13), (5, 20), (5, 13), (13, 20), (19, 19), (19, 20)])
([19041], [1, 2, 3, 4, 10, 18, 19, 20], [(1, 2), (1, 10), (1, 10), (2, 10), (2, 3), (3, 20), (3, 4), (4, 19), (4, 20), (18, 18), (18, 19), (19, 20)])
([19231], [1, 4, 5, 6, 7, 18, 19, 20], [(1, 4), (1, 4), (1, 5), (4, 5), (5, 6), (6, 20), (6, 7), (7, 19), (7, 20), (18, 18), (18, 19), (19, 20)])
([19593], [1, 2, 3, 4, 12, 14, 19, 20], [(1, 2), (1, 12), (1, 12), (2, 3), (2, 12), (3, 4), (3, 14), (4, 20), (4, 14), (14, 20), (19, 19), (19, 20)])
([19738], [2, 3, 4, 5, 14, 18, 19, 20], [(2, 3), (2, 14), (2, 14), (3, 4), (3, 14), (4, 20), (4, 5), (5, 20), (5, 19), (18, 18), (18, 19), (19, 20)])
([19805], [0, 3, 4, 5, 6, 18, 19, 20], [(0, 4), (0, 3), (0, 3), (3, 4), (4, 5), (5, 20), (5, 6), (6, 19), (6, 20), (18, 18), (18, 19), (19, 20)])
([19806], [3, 4, 5, 6, 13, 18, 19, 20], [(3, 4), (3, 13), (3, 13), (4, 5), (4, 13), (5, 20), (5, 6), (6, 19), (6, 20), (18, 18), (18, 19), (19, 20)])
([19807], [1, 4, 5, 6, 7, 16, 17, 20], [(1, 4), (1, 4), (1, 5), (4, 5), (5, 6), (6, 20), (6, 7), (7, 17), (7, 20), (16, 16), (16, 17), (17, 20)])
([20140], [2, 3, 4, 5, 12, 13, 19, 20], [(2, 3), (2, 12), (2, 12), (3, 12), (3, 4), (4, 5), (4, 13), (5, 20), (5, 13), (13, 20), (19, 19), (19, 20)])
([20165], [1, 2, 3, 4, 14, 18, 19, 20], [(1, 2), (1, 14), (1, 14), (2, 3), (2, 14), (3, 20), (3, 4), (4, 19), (4, 20), (18, 18), (18, 19), (19, 20)])
([20175], [1, 2, 3, 4, 16, 18, 19, 20], [(1, 16), (1, 16), (1, 2), (2, 16), (2, 3), (3, 20), (3, 4), (4, 19), (4, 20), (18, 18), (18, 19), (19, 20)])
([20472], [1, 2, 3, 4, 10, 18, 19, 20], [(1, 2), (1, 10), (1, 10), (2, 10), (2, 3), (3, 20), (3, 4), (4, 19), (4, 20), (18, 18), (18, 19), (19, 20)])
([20486], [2, 3, 4, 5, 8, 13, 17, 18], [(2, 8), (2, 8), (2, 3), (3, 8), (3, 4), (4, 5), (4, 13), (5, 18), (5, 13), (13, 18), (17, 17), (17, 18)])
([20487], [1, 2, 3, 4, 6, 9, 17, 18], [(1, 9), (1, 9), (1, 2), (2, 3), (2, 9), (3, 4), (3, 6), (4, 18), (4, 6), (6, 18), (17, 17), (17, 18)])
([20530], [2, 3, 4, 5, 9, 18, 19, 20], [(2, 3), (2, 9), (2, 9), (3, 9), (3, 4), (4, 20), (4, 5), (5, 20), (5, 19), (18, 18), (18, 19), (19, 20)])
([20531], [1, 2, 3, 4, 10, 18, 19, 20], [(1, 2), (1, 10), (1, 10), (2, 10), (2, 3), (3, 20), (3, 4), (4, 19), (4, 20), (18, 18), (18, 19), (19, 20)])
([20997], [2, 3, 4, 5, 12, 18, 19, 20], [(2, 3), (2, 12), (2, 12), (3, 12), (3, 4), (4, 20), (4, 5), (5, 20), (5, 19), (18, 18), (18, 19), (19, 20)])
([21157], [2, 3, 4, 5, 11, 16, 17, 20], [(2, 11), (2, 11), (2, 3), (3, 11), (3, 4), (4, 20), (4, 5), (5, 17), (5, 20), (16, 16), (16, 17), (17, 20)])
([21250], [2, 3, 4, 5, 10, 18, 19, 20], [(2, 10), (2, 10), (2, 3), (3, 4), (3, 10), (4, 20), (4, 5), (5, 20), (5, 19), (18, 18), (18, 19), (19, 20)])
([21360], [2, 3, 4, 5, 9, 16, 17, 20], [(2, 9), (2, 9), (2, 3), (3, 9), (3, 4), (4, 20), (4, 5), (5, 17), (5, 20), (16, 16), (16, 17), (17, 20)])
([21371], [2, 3, 4, 5, 10, 18, 19, 20], [(2, 10), (2, 10), (2, 3), (3, 4), (3, 10), (4, 20), (4, 5), (5, 20), (5, 19), (18, 18), (18, 19), (19, 20)])
([21550], [11, 12, 14, 16, 17, 18, 19, 20], [(11, 19), (11, 14), (11, 14), (12, 18), (12, 20), (12, 17), (14, 19), (16, 16), (16, 17), (17, 18), (18, 20), (19, 20)])
([21650], [1, 2, 3, 4, 12, 18, 19, 20], [(1, 2), (1, 12), (1, 12), (2, 3), (2, 12), (3, 20), (3, 4), (4, 19), (4, 20), (18, 18), (18, 19), (19, 20)])
([21656], [1, 2, 3, 4, 7, 12, 19, 20], [(1, 2), (1, 12), (1, 12), (2, 3), (2, 12), (3, 4), (3, 7), (4, 20), (4, 7), (7, 20), (19, 19), (19, 20)])
([21839], [1, 2, 3, 4, 9, 14, 19, 20], [(1, 9), (1, 9), (1, 2), (2, 3), (2, 9), (3, 4), (3, 14), (4, 20), (4, 14), (14, 20), (19, 19), (19, 20)])
([21860], [11, 12, 13, 16, 17, 18, 19, 20], [(11, 19), (11, 13), (11, 13), (12, 17), (12, 18), (12, 20), (13, 19), (16, 16), (16, 17), (17, 18), (18, 20), (19, 20)])
([22384], [1, 2, 3, 4, 12, 18, 19, 20], [(1, 2), (1, 12), (1, 12), (2, 3), (2, 12), (3, 20), (3, 4), (4, 19), (4, 20), (18, 18), (18, 19), (19, 20)])
([22397], [2, 3, 4, 5, 11, 16, 17, 20], [(2, 11), (2, 11), (2, 3), (3, 11), (3, 4), (4, 20), (4, 5), (5, 17), (5, 20), (16, 16), (16, 17), (17, 20)])
([22533], [1, 2, 3, 4, 12, 18, 19, 20], [(1, 2), (1, 12), (1, 12), (2, 3), (2, 12), (3, 20), (3, 4), (4, 19), (4, 20), (18, 18), (18, 19), (19, 20)])
([22534], [1, 2, 3, 4, 12, 18, 19, 20], [(1, 2), (1, 12), (1, 12), (2, 3), (2, 12), (3, 20), (3, 4), (4, 19), (4, 20), (18, 18), (18, 19), (19, 20)])
([22786], [1, 2, 3, 4, 11, 14, 19, 20], [(1, 2), (1, 11), (1, 11), (2, 11), (2, 3), (3, 4), (3, 14), (4, 20), (4, 14), (14, 20), (19, 19), (19, 20)])
([22840], [1, 2, 3, 4, 9, 12, 17, 18], [(1, 9), (1, 9), (1, 2), (2, 3), (2, 9), (3, 12), (3, 4), (4, 18), (4, 12), (12, 18), (17, 17), (17, 18)])
([23027], [9, 10, 14, 16, 17, 18, 19, 20], [(9, 19), (9, 14), (9, 14), (10, 18), (10, 20), (10, 17), (14, 19), (16, 16), (16, 17), (17, 18), (18, 20), (19, 20)])
([23258], [0, 3, 4, 5, 6, 18, 19, 20], [(0, 4), (0, 3), (0, 3), (3, 4), (4, 5), (5, 20), (5, 6), (6, 19), (6, 20), (18, 18), (18, 19), (19, 20)])
([23486], [2, 3, 4, 5, 13, 18, 19, 20], [(2, 3), (2, 13), (2, 13), (3, 4), (3, 13), (4, 20), (4, 5), (5, 20), (5, 19), (18, 18), (18, 19), (19, 20)])
([23487], [2, 3, 4, 5, 12, 18, 19, 20], [(2, 3), (2, 12), (2, 12), (3, 12), (3, 4), (4, 20), (4, 5), (5, 20), (5, 19), (18, 18), (18, 19), (19, 20)])
([23489], [2, 3, 4, 5, 8, 18, 19, 20], [(2, 8), (2, 8), (2, 3), (3, 8), (3, 4), (4, 20), (4, 5), (5, 20), (5, 19), (18, 18), (18, 19), (19, 20)])
([23515], [1, 2, 3, 4, 8, 14, 19, 20], [(1, 8), (1, 8), (1, 2), (2, 8), (2, 3), (3, 4), (3, 14), (4, 20), (4, 14), (14, 20), (19, 19), (19, 20)])
([23567], [1, 2, 3, 4, 7, 11, 19, 20], [(1, 2), (1, 11), (1, 11), (2, 11), (2, 3), (3, 4), (3, 7), (4, 20), (4, 7), (7, 20), (19, 19), (19, 20)])
([23569], [1, 2, 3, 4, 6, 11, 17, 18], [(1, 2), (1, 11), (1, 11), (2, 11), (2, 3), (3, 4), (3, 6), (4, 18), (4, 6), (6, 18), (17, 17), (17, 18)])
([23822], [8, 12, 13, 16, 17, 18, 19, 20], [(8, 17), (8, 18), (8, 20), (12, 19), (12, 13), (12, 13), (13, 19), (16, 16), (16, 17), (17, 18), (18, 20), (19, 20)])
([24211], [10, 11, 14, 16, 17, 18, 19, 20], [(10, 19), (10, 14), (10, 14), (11, 17), (11, 18), (11, 20), (14, 19), (16, 16), (16, 17), (17, 18), (18, 20), (19, 20)])
([24212], [11, 13, 14, 16, 17, 18, 19, 20], [(11, 18), (11, 20), (11, 17), (13, 19), (13, 14), (13, 14), (14, 19), (16, 16), (16, 17), (17, 18), (18, 20), (19, 20)])
([24213], [11, 12, 13, 16, 17, 18, 19, 20], [(11, 19), (11, 13), (11, 13), (12, 18), (12, 20), (12, 17), (13, 19), (16, 16), (16, 17), (17, 18), (18, 20), (19, 20)])
([24214], [9, 10, 14, 16, 17, 18, 19, 20], [(9, 19), (9, 14), (9, 14), (10, 18), (10, 20), (10, 17), (14, 19), (16, 16), (16, 17), (17, 18), (18, 20), (19, 20)])
([24215], [10, 12, 13, 16, 17, 18, 19, 20], [(10, 18), (10, 20), (10, 17), (12, 19), (12, 13), (12, 13), (13, 19), (16, 16), (16, 17), (17, 18), (18, 20), (19, 20)])
([25163], [2, 3, 4, 5, 12, 18, 19, 20], [(2, 3), (2, 12), (2, 12), (3, 12), (3, 4), (4, 20), (4, 5), (5, 20), (5, 19), (18, 18), (18, 19), (19, 20)])
([25559], [1, 2, 3, 4, 8, 13, 19, 20], [(1, 8), (1, 8), (1, 2), (2, 8), (2, 3), (3, 4), (3, 13), (4, 20), (4, 13), (13, 20), (19, 19), (19, 20)])
([25560], [1, 2, 3, 4, 9, 18, 19, 20], [(1, 9), (1, 9), (1, 2), (2, 3), (2, 9), (3, 20), (3, 4), (4, 19), (4, 20), (18, 18), (18, 19), (19, 20)])
([25561], [1, 2, 3, 4, 11, 14, 19, 20], [(1, 2), (1, 11), (1, 11), (2, 11), (2, 3), (3, 4), (3, 14), (4, 20), (4, 14), (14, 20), (19, 19), (19, 20)])
([26136], [1, 2, 3, 4, 9, 16, 17, 20], [(1, 9), (1, 9), (1, 2), (2, 3), (2, 9), (3, 20), (3, 4), (4, 17), (4, 20), (16, 16), (16, 17), (17, 20)])
([26302], [2, 3, 4, 5, 7, 13, 19, 20], [(2, 3), (2, 7), (2, 7), (3, 4), (3, 7), (4, 5), (4, 13), (5, 20), (5, 13), (13, 20), (19, 19), (19, 20)])
([26389], [1, 2, 3, 4, 12, 18, 19, 20], [(1, 2), (1, 12), (1, 12), (2, 3), (2, 12), (3, 20), (3, 4), (4, 19), (4, 20), (18, 18), (18, 19), (19, 20)])
([26740], [11, 12, 13, 16, 17, 18, 19, 20], [(11, 17), (11, 18), (11, 20), (12, 19), (12, 13), (12, 13), (13, 19), (16, 16), (16, 17), (17, 18), (18, 20), (19, 20)])
([26799], [0, 3, 4, 5, 6, 16, 17, 20], [(0, 3), (0, 3), (0, 4), (3, 4), (4, 5), (5, 20), (5, 6), (6, 17), (6, 20), (16, 16), (16, 17), (17, 20)])
([26804], [1, 2, 3, 4, 10, 13, 19, 20], [(1, 2), (1, 10), (1, 10), (2, 10), (2, 3), (3, 4), (3, 13), (4, 20), (4, 13), (13, 20), (19, 19), (19, 20)])
([26805], [1, 2, 3, 4, 10, 18, 19, 20], [(1, 2), (1, 10), (1, 10), (2, 10), (2, 3), (3, 20), (3, 4), (4, 19), (4, 20), (18, 18), (18, 19), (19, 20)])
([26806], [2, 3, 4, 5, 9, 16, 17, 20], [(2, 9), (2, 9), (2, 3), (3, 9), (3, 4), (4, 20), (4, 5), (5, 17), (5, 20), (16, 16), (16, 17), (17, 20)])
([27324], [1, 2, 3, 4, 10, 18, 19, 20], [(1, 2), (1, 10), (1, 10), (2, 10), (2, 3), (3, 20), (3, 4), (4, 19), (4, 20), (18, 18), (18, 19), (19, 20)])
([27723], [1, 2, 3, 4, 12, 18, 19, 20], [(1, 2), (1, 12), (1, 12), (2, 3), (2, 12), (3, 20), (3, 4), (4, 19), (4, 20), (18, 18), (18, 19), (19, 20)])
([27724], [1, 2, 3, 4, 10, 18, 19, 20], [(1, 2), (1, 10), (1, 10), (2, 10), (2, 3), (3, 20), (3, 4), (4, 19), (4, 20), (18, 18), (18, 19), (19, 20)])
([27736], [2, 3, 4, 5, 10, 18, 19, 20], [(2, 10), (2, 10), (2, 3), (3, 4), (3, 10), (4, 20), (4, 5), (5, 20), (5, 19), (18, 18), (18, 19), (19, 20)])
([27935], [1, 2, 3, 4, 12, 13, 19, 20], [(1, 2), (1, 12), (1, 12), (2, 3), (2, 12), (3, 4), (3, 13), (4, 20), (4, 13), (13, 20), (19, 19), (19, 20)])
([27951], [8, 9, 12, 16, 17, 18, 19, 20], [(8, 12), (8, 12), (8, 19), (9, 17), (9, 18), (9, 20), (12, 19), (16, 16), (16, 17), (17, 18), (18, 20), (19, 20)])
([28465], [3, 4, 5, 6, 13, 18, 19, 20], [(3, 4), (3, 13), (3, 13), (4, 5), (4, 13), (5, 20), (5, 6), (6, 19), (6, 20), (18, 18), (18, 19), (19, 20)])
([28466], [3, 4, 5, 6, 12, 16, 17, 20], [(3, 12), (3, 12), (3, 4), (4, 12), (4, 5), (5, 20), (5, 6), (6, 17), (6, 20), (16, 16), (16, 17), (17, 20)])
([28467], [2, 3, 4, 5, 13, 18, 19, 20], [(2, 3), (2, 13), (2, 13), (3, 4), (3, 13), (4, 20), (4, 5), (5, 20), (5, 19), (18, 18), (18, 19), (19, 20)])
([28468], [2, 3, 4, 5, 11, 18, 19, 20], [(2, 11), (2, 11), (2, 3), (3, 11), (3, 4), (4, 20), (4, 5), (5, 20), (5, 19), (18, 18), (18, 19), (19, 20)])
([28552], [1, 2, 3, 4, 14, 18, 19, 20], [(1, 2), (1, 14), (1, 14), (2, 3), (2, 14), (3, 20), (3, 4), (4, 19), (4, 20), (18, 18), (18, 19), (19, 20)])
([28767], [2, 3, 4, 5, 9, 18, 19, 20], [(2, 3), (2, 9), (2, 9), (3, 9), (3, 4), (4, 20), (4, 5), (5, 20), (5, 19), (18, 18), (18, 19), (19, 20)])
([29029], [2, 3, 4, 5, 11, 16, 17, 20], [(2, 11), (2, 11), (2, 3), (3, 11), (3, 4), (4, 20), (4, 5), (5, 17), (5, 20), (16, 16), (16, 17), (17, 20)])
([29100], [1, 2, 3, 4, 11, 16, 17, 20], [(1, 2), (1, 11), (1, 11), (2, 11), (2, 3), (3, 20), (3, 4), (4, 17), (4, 20), (16, 16), (16, 17), (17, 20)])
([29101], [1, 2, 3, 4, 9, 18, 19, 20], [(1, 9), (1, 9), (1, 2), (2, 3), (2, 9), (3, 20), (3, 4), (4, 19), (4, 20), (18, 18), (18, 19), (19, 20)])
([29102], [2, 3, 4, 5, 8, 16, 17, 20], [(2, 8), (2, 8), (2, 3), (3, 8), (3, 4), (4, 20), (4, 5), (5, 17), (5, 20), (16, 16), (16, 17), (17, 20)])
([29810], [1, 2, 3, 4, 8, 13, 17, 18], [(1, 8), (1, 8), (1, 2), (2, 8), (2, 3), (3, 4), (3, 13), (4, 18), (4, 13), (13, 18), (17, 17), (17, 18)])
([30123], [9, 10, 13, 16, 17, 18, 19, 20], [(9, 19), (9, 13), (9, 13), (10, 17), (10, 18), (10, 20), (13, 19), (16, 16), (16, 17), (17, 18), (18, 20), (19, 20)])
([30149], [1, 2, 3, 4, 11, 12, 17, 18], [(1, 2), (1, 11), (1, 11), (2, 11), (2, 3), (3, 12), (3, 4), (4, 18), (4, 12), (12, 18), (17, 17), (17, 18)])
([30155], [9, 13, 14, 16, 17, 18, 19, 20], [(9, 17), (9, 18), (9, 20), (13, 19), (13, 14), (13, 14), (14, 19), (16, 16), (16, 17), (17, 18), (18, 20), (19, 20)])
([30753], [2, 3, 4, 5, 8, 18, 19, 20], [(2, 8), (2, 8), (2, 3), (3, 8), (3, 4), (4, 20), (4, 5), (5, 20), (5, 19), (18, 18), (18, 19), (19, 20)])
([30918], [2, 3, 4, 5, 7, 12, 17, 18], [(2, 3), (2, 7), (2, 7), (3, 4), (3, 7), (4, 12), (4, 5), (5, 12), (5, 18), (12, 18), (17, 17), (17, 18)])
([30920], [1, 3, 4, 5, 6, 18, 19, 20], [(1, 3), (1, 3), (1, 4), (3, 4), (4, 5), (5, 20), (5, 6), (6, 19), (6, 20), (18, 18), (18, 19), (19, 20)])
([30982], [1, 3, 4, 5, 6, 16, 17, 20], [(1, 3), (1, 3), (1, 4), (3, 4), (4, 5), (5, 20), (5, 6), (6, 17), (6, 20), (16, 16), (16, 17), (17, 20)])
([31817], [7, 8, 14, 16, 17, 18, 19, 20], [(7, 19), (7, 14), (7, 14), (8, 18), (8, 20), (8, 17), (14, 19), (16, 16), (16, 17), (17, 18), (18, 20), (19, 20)])
([31818], [9, 10, 13, 16, 17, 18, 19, 20], [(9, 19), (9, 13), (9, 13), (10, 18), (10, 20), (10, 17), (13, 19), (16, 16), (16, 17), (17, 18), (18, 20), (19, 20)])
([31819], [8, 12, 13, 16, 17, 18, 19, 20], [(8, 18), (8, 20), (8, 17), (12, 19), (12, 13), (12, 13), (13, 19), (16, 16), (16, 17), (17, 18), (18, 20), (19, 20)])
([32056], [1, 2, 3, 4, 9, 16, 17, 20], [(1, 9), (1, 9), (1, 2), (2, 3), (2, 9), (3, 20), (3, 4), (4, 17), (4, 20), (16, 16), (16, 17), (17, 20)])
([32589], [1, 2, 3, 4, 11, 18, 19, 20], [(1, 2), (1, 11), (1, 11), (2, 11), (2, 3), (3, 20), (3, 4), (4, 19), (4, 20), (18, 18), (18, 19), (19, 20)])
([32633], [2, 3, 4, 5, 12, 16, 17, 20], [(2, 3), (2, 12), (2, 12), (3, 12), (3, 4), (4, 20), (4, 5), (5, 17), (5, 20), (16, 16), (16, 17), (17, 20)])
([32634], [1, 2, 3, 4, 11, 16, 17, 20], [(1, 2), (1, 11), (1, 11), (2, 11), (2, 3), (3, 20), (3, 4), (4, 17), (4, 20), (16, 16), (16, 17), (17, 20)])
([32635], [2, 3, 4, 5, 7, 16, 17, 20], [(2, 3), (2, 7), (2, 7), (3, 4), (3, 7), (4, 20), (4, 5), (5, 17), (5, 20), (16, 16), (16, 17), (17, 20)])
([33020], [8, 9, 14, 16, 17, 18, 19, 20], [(8, 19), (8, 14), (8, 14), (9, 17), (9, 18), (9, 20), (14, 19), (16, 16), (16, 17), (17, 18), (18, 20), (19, 20)])
([33062], [7, 10, 11, 16, 17, 18, 19, 20], [(7, 17), (7, 18), (7, 20), (10, 19), (10, 11), (10, 11), (11, 19), (16, 16), (16, 17), (17, 18), (18, 20), (19, 20)])
([33384], [2, 3, 4, 5, 11, 18, 19, 20], [(2, 11), (2, 11), (2, 3), (3, 11), (3, 4), (4, 20), (4, 5), (5, 20), (5, 19), (18, 18), (18, 19), (19, 20)])
([33385], [1, 2, 3, 4, 10, 18, 19, 20], [(1, 2), (1, 10), (1, 10), (2, 10), (2, 3), (3, 20), (3, 4), (4, 19), (4, 20), (18, 18), (18, 19), (19, 20)])
([33507], [10, 11, 13, 16, 17, 18, 19, 20], [(10, 19), (10, 13), (10, 13), (11, 17), (11, 18), (11, 20), (13, 19), (16, 16), (16, 17), (17, 18), (18, 20), (19, 20)])
([34275], [1, 2, 3, 4, 13, 18, 19, 20], [(1, 2), (1, 13), (1, 13), (2, 3), (2, 13), (3, 20), (3, 4), (4, 19), (4, 20), (18, 18), (18, 19), (19, 20)])
([34276], [1, 2, 3, 4, 12, 18, 19, 20], [(1, 2), (1, 12), (1, 12), (2, 3), (2, 12), (3, 20), (3, 4), (4, 19), (4, 20), (18, 18), (18, 19), (19, 20)])
([34278], [1, 2, 3, 4, 8, 18, 19, 20], [(1, 8), (1, 8), (1, 2), (2, 8), (2, 3), (3, 20), (3, 4), (4, 19), (4, 20), (18, 18), (18, 19), (19, 20)])
([34991], [2, 3, 4, 5, 13, 18, 19, 20], [(2, 3), (2, 13), (2, 13), (3, 4), (3, 13), (4, 20), (4, 5), (5, 20), (5, 19), (18, 18), (18, 19), (19, 20)])
([35743], [9, 12, 13, 16, 17, 18, 19, 20], [(9, 17), (9, 18), (9, 20), (12, 19), (12, 13), (12, 13), (13, 19), (16, 16), (16, 17), (17, 18), (18, 20), (19, 20)])
([35744], [8, 12, 13, 16, 17, 18, 19, 20], [(8, 18), (8, 20), (8, 17), (12, 19), (12, 13), (12, 13), (13, 19), (16, 16), (16, 17), (17, 18), (18, 20), (19, 20)])
([36663], [2, 3, 4, 5, 12, 16, 17, 20], [(2, 3), (2, 12), (2, 12), (3, 12), (3, 4), (4, 20), (4, 5), (5, 17), (5, 20), (16, 16), (16, 17), (17, 20)])
([36731], [10, 11, 12, 14, 15, 18, 19, 20], [(10, 18), (10, 20), (10, 15), (11, 19), (11, 12), (11, 12), (12, 19), (14, 14), (14, 15), (15, 18), (18, 20), (19, 20)])
([36894], [1, 2, 3, 4, 10, 13, 19, 20], [(1, 2), (1, 10), (1, 10), (2, 10), (2, 3), (3, 4), (3, 13), (4, 20), (4, 13), (13, 20), (19, 19), (19, 20)])
([37355], [1, 2, 3, 4, 7, 13, 19, 20], [(1, 2), (1, 7), (1, 7), (2, 3), (2, 7), (3, 4), (3, 13), (4, 20), (4, 13), (13, 20), (19, 19), (19, 20)])
([37432], [10, 13, 14, 16, 17, 18, 19, 20], [(10, 17), (10, 18), (10, 20), (13, 19), (13, 14), (13, 14), (14, 19), (16, 16), (16, 17), (17, 18), (18, 20), (19, 20)])
([37554], [9, 10, 13, 16, 17, 18, 19, 20], [(9, 19), (9, 13), (9, 13), (10, 18), (10, 20), (10, 17), (13, 19), (16, 16), (16, 17), (17, 18), (18, 20), (19, 20)])
([37642], [9, 13, 14, 16, 17, 18, 19, 20], [(9, 18), (9, 20), (9, 17), (13, 19), (13, 14), (13, 14), (14, 19), (16, 16), (16, 17), (17, 18), (18, 20), (19, 20)])
([38986], [1, 2, 3, 4, 8, 16, 17, 20], [(1, 8), (1, 8), (1, 2), (2, 8), (2, 3), (3, 20), (3, 4), (4, 17), (4, 20), (16, 16), (16, 17), (17, 20)])
([38987], [1, 2, 3, 4, 10, 13, 17, 18], [(1, 2), (1, 10), (1, 10), (2, 10), (2, 3), (3, 4), (3, 13), (4, 18), (4, 13), (13, 18), (17, 17), (17, 18)])
([38988], [1, 2, 3, 4, 7, 12, 17, 18], [(1, 2), (1, 7), (1, 7), (2, 3), (2, 7), (3, 12), (3, 4), (4, 18), (4, 12), (12, 18), (17, 17), (17, 18)])
([39385], [1, 2, 3, 4, 12, 18, 19, 20], [(1, 2), (1, 12), (1, 12), (2, 3), (2, 12), (3, 20), (3, 4), (4, 19), (4, 20), (18, 18), (18, 19), (19, 20)])
([39568], [2, 3, 4, 5, 13, 18, 19, 20], [(2, 3), (2, 13), (2, 13), (3, 4), (3, 13), (4, 20), (4, 5), (5, 20), (5, 19), (18, 18), (18, 19), (19, 20)])
([39569], [1, 2, 3, 4, 11, 18, 19, 20], [(1, 2), (1, 11), (1, 11), (2, 11), (2, 3), (3, 20), (3, 4), (4, 19), (4, 20), (18, 18), (18, 19), (19, 20)])
([39576], [2, 3, 4, 5, 10, 16, 17, 20], [(2, 10), (2, 10), (2, 3), (3, 4), (3, 10), (4, 20), (4, 5), (5, 17), (5, 20), (16, 16), (16, 17), (17, 20)])
([39653], [8, 9, 11, 16, 17, 18, 19, 20], [(8, 19), (8, 11), (8, 11), (9, 17), (9, 18), (9, 20), (11, 19), (16, 16), (16, 17), (17, 18), (18, 20), (19, 20)])
([39654], [9, 12, 13, 16, 17, 18, 19, 20], [(9, 17), (9, 18), (9, 20), (12, 19), (12, 13), (12, 13), (13, 19), (16, 16), (16, 17), (17, 18), (18, 20), (19, 20)])
([39723], [8, 11, 12, 16, 17, 18, 19, 20], [(8, 17), (8, 18), (8, 20), (11, 19), (11, 12), (11, 12), (12, 19), (16, 16), (16, 17), (17, 18), (18, 20), (19, 20)])
([39788], [2, 3, 4, 5, 7, 18, 19, 20], [(2, 3), (2, 7), (2, 7), (3, 4), (3, 7), (4, 20), (4, 5), (5, 20), (5, 19), (18, 18), (18, 19), (19, 20)])
([39789], [1, 2, 3, 4, 8, 18, 19, 20], [(1, 8), (1, 8), (1, 2), (2, 8), (2, 3), (3, 20), (3, 4), (4, 19), (4, 20), (18, 18), (18, 19), (19, 20)])
([40727], [2, 3, 4, 5, 8, 18, 19, 20], [(2, 8), (2, 8), (2, 3), (3, 8), (3, 4), (4, 20), (4, 5), (5, 20), (5, 19), (18, 18), (18, 19), (19, 20)])
([41216], [1, 2, 3, 4, 11, 18, 19, 20], [(1, 2), (1, 11), (1, 11), (2, 11), (2, 3), (3, 20), (3, 4), (4, 19), (4, 20), (18, 18), (18, 19), (19, 20)])
([41488], [11, 12, 13, 16, 17, 18, 19, 20], [(11, 18), (11, 20), (11, 17), (12, 19), (12, 13), (12, 13), (13, 19), (16, 16), (16, 17), (17, 18), (18, 20), (19, 20)])
([41766], [1, 2, 3, 4, 9, 18, 19, 20], [(1, 9), (1, 9), (1, 2), (2, 3), (2, 9), (3, 20), (3, 4), (4, 19), (4, 20), (18, 18), (18, 19), (19, 20)])
([42047], [8, 9, 13, 16, 17, 18, 19, 20], [(8, 19), (8, 13), (8, 13), (9, 17), (9, 18), (9, 20), (13, 19), (16, 16), (16, 17), (17, 18), (18, 20), (19, 20)])
([42227], [1, 2, 3, 4, 10, 14, 19, 20], [(1, 2), (1, 10), (1, 10), (2, 10), (2, 3), (3, 4), (3, 14), (4, 20), (4, 14), (14, 20), (19, 19), (19, 20)])
([42277], [8, 9, 12, 16, 17, 18, 19, 20], [(8, 19), (8, 12), (8, 12), (9, 18), (9, 20), (9, 17), (12, 19), (16, 16), (16, 17), (17, 18), (18, 20), (19, 20)])
([42446], [7, 8, 11, 14, 15, 18, 19, 20], [(7, 19), (7, 11), (7, 11), (8, 18), (8, 20), (8, 15), (11, 19), (14, 14), (14, 15), (15, 18), (18, 20), (19, 20)])
([42582], [7, 8, 12, 16, 17, 18, 19, 20], [(7, 19), (7, 12), (7, 12), (8, 17), (8, 18), (8, 20), (12, 19), (16, 16), (16, 17), (17, 18), (18, 20), (19, 20)])
([42583], [8, 13, 14, 16, 17, 18, 19, 20], [(8, 17), (8, 18), (8, 20), (13, 14), (13, 14), (13, 19), (14, 19), (16, 16), (16, 17), (17, 18), (18, 20), (19, 20)])
([42584], [8, 9, 13, 16, 17, 18, 19, 20], [(8, 19), (8, 13), (8, 13), (9, 17), (9, 18), (9, 20), (13, 19), (16, 16), (16, 17), (17, 18), (18, 20), (19, 20)])
([42585], [7, 12, 13, 16, 17, 18, 19, 20], [(7, 17), (7, 18), (7, 20), (12, 19), (12, 13), (12, 13), (13, 19), (16, 16), (16, 17), (17, 18), (18, 20), (19, 20)])
([43437], [6, 9, 10, 14, 15, 18, 19, 20], [(6, 18), (6, 20), (6, 15), (9, 19), (9, 10), (9, 10), (10, 19), (14, 14), (14, 15), (15, 18), (18, 20), (19, 20)])
([44105], [1, 2, 3, 4, 11, 18, 19, 20], [(1, 2), (1, 11), (1, 11), (2, 11), (2, 3), (3, 20), (3, 4), (4, 19), (4, 20), (18, 18), (18, 19), (19, 20)])
([44106], [1, 2, 3, 4, 10, 16, 17, 20], [(1, 2), (1, 10), (1, 10), (2, 10), (2, 3), (3, 20), (3, 4), (4, 17), (4, 20), (16, 16), (16, 17), (17, 20)])
([44923], [7, 10, 11, 16, 17, 18, 19, 20], [(7, 18), (7, 20), (7, 17), (10, 19), (10, 11), (10, 11), (11, 19), (16, 16), (16, 17), (17, 18), (18, 20), (19, 20)])
([44924], [6, 12, 13, 16, 17, 18, 19, 20], [(6, 18), (6, 20), (6, 17), (12, 19), (12, 13), (12, 13), (13, 19), (16, 16), (16, 17), (17, 18), (18, 20), (19, 20)])
([45814], [2, 3, 4, 5, 7, 16, 17, 20], [(2, 3), (2, 7), (2, 7), (3, 4), (3, 7), (4, 20), (4, 5), (5, 17), (5, 20), (16, 16), (16, 17), (17, 20)])
([46750], [8, 12, 13, 16, 17, 18, 19, 20], [(8, 17), (8, 18), (8, 20), (12, 19), (12, 13), (12, 13), (13, 19), (16, 16), (16, 17), (17, 18), (18, 20), (19, 20)])
([46751], [8, 11, 12, 16, 17, 18, 19, 20], [(8, 18), (8, 20), (8, 17), (11, 19), (11, 12), (11, 12), (12, 19), (16, 16), (16, 17), (17, 18), (18, 20), (19, 20)])
([46752], [7, 10, 11, 14, 15, 18, 19, 20], [(7, 18), (7, 20), (7, 15), (10, 19), (10, 11), (10, 11), (11, 19), (14, 14), (14, 15), (15, 18), (18, 20), (19, 20)])
([46753], [8, 10, 11, 16, 17, 18, 19, 20], [(8, 17), (8, 18), (8, 20), (10, 19), (10, 11), (10, 11), (11, 19), (16, 16), (16, 17), (17, 18), (18, 20), (19, 20)])
([47334], [1, 2, 3, 4, 13, 18, 19, 20], [(1, 2), (1, 13), (1, 13), (2, 3), (2, 13), (3, 20), (3, 4), (4, 19), (4, 20), (18, 18), (18, 19), (19, 20)])
([47335], [2, 3, 4, 5, 7, 18, 19, 20], [(2, 3), (2, 7), (2, 7), (3, 4), (3, 7), (4, 20), (4, 5), (5, 20), (5, 19), (18, 18), (18, 19), (19, 20)])
([47819], [8, 11, 12, 14, 15, 18, 19, 20], [(8, 18), (8, 20), (8, 15), (11, 19), (11, 12), (11, 12), (12, 19), (14, 14), (14, 15), (15, 18), (18, 20), (19, 20)])
([47999], [1, 2, 3, 4, 10, 18, 19, 20], [(1, 2), (1, 10), (1, 10), (2, 10), (2, 3), (3, 20), (3, 4), (4, 19), (4, 20), (18, 18), (18, 19), (19, 20)])
([48025], [1, 2, 3, 4, 7, 16, 17, 20], [(1, 2), (1, 7), (1, 7), (2, 3), (2, 7), (3, 20), (3, 4), (4, 17), (4, 20), (16, 16), (16, 17), (17, 20)])
([48088], [8, 9, 13, 16, 17, 18, 19, 20], [(8, 19), (8, 13), (8, 13), (9, 18), (9, 20), (9, 17), (13, 19), (16, 16), (16, 17), (17, 18), (18, 20), (19, 20)])
([48887], [10, 12, 13, 16, 17, 18, 19, 20], [(10, 17), (10, 18), (10, 20), (12, 19), (12, 13), (12, 13), (13, 19), (16, 16), (16, 17), (17, 18), (18, 20), (19, 20)])
([48888], [9, 12, 13, 16, 17, 18, 19, 20], [(9, 18), (9, 20), (9, 17), (12, 19), (12, 13), (12, 13), (13, 19), (16, 16), (16, 17), (17, 18), (18, 20), (19, 20)])
([48889], [10, 11, 12, 14, 15, 18, 19, 20], [(10, 18), (10, 20), (10, 15), (11, 19), (11, 12), (11, 12), (12, 19), (14, 14), (14, 15), (15, 18), (18, 20), (19, 20)])
([50851], [7, 8, 13, 16, 17, 18, 19, 20], [(7, 19), (7, 13), (7, 13), (8, 18), (8, 20), (8, 17), (13, 19), (16, 16), (16, 17), (17, 18), (18, 20), (19, 20)])
([51114], [7, 8, 10, 14, 15, 18, 19, 20], [(7, 10), (7, 10), (7, 19), (8, 18), (8, 20), (8, 15), (10, 19), (14, 14), (14, 15), (15, 18), (18, 20), (19, 20)])
([51750], [1, 2, 3, 4, 8, 18, 19, 20], [(1, 8), (1, 8), (1, 2), (2, 8), (2, 3), (3, 20), (3, 4), (4, 19), (4, 20), (18, 18), (18, 19), (19, 20)])
([51865], [8, 9, 12, 16, 17, 18, 19, 20], [(8, 12), (8, 12), (8, 19), (9, 17), (9, 18), (9, 20), (12, 19), (16, 16), (16, 17), (17, 18), (18, 20), (19, 20)])
([51866], [7, 11, 12, 16, 17, 18, 19, 20], [(7, 17), (7, 18), (7, 20), (11, 19), (11, 12), (11, 12), (12, 19), (16, 16), (16, 17), (17, 18), (18, 20), (19, 20)])
([52206], [1, 2, 3, 4, 10, 16, 17, 20], [(1, 2), (1, 10), (1, 10), (2, 10), (2, 3), (3, 20), (3, 4), (4, 17), (4, 20), (16, 16), (16, 17), (17, 20)])
([52336], [1, 2, 3, 4, 9, 12, 17, 18], [(1, 9), (1, 9), (1, 2), (2, 3), (2, 9), (3, 12), (3, 4), (4, 18), (4, 12), (12, 18), (17, 17), (17, 18)])
([52685], [8, 9, 11, 16, 17, 18, 19, 20], [(8, 19), (8, 11), (8, 11), (9, 18), (9, 20), (9, 17), (11, 19), (16, 16), (16, 17), (17, 18), (18, 20), (19, 20)])
([52883], [6, 7, 12, 16, 17, 18, 19, 20], [(6, 19), (6, 12), (6, 12), (7, 18), (7, 20), (7, 17), (12, 19), (16, 16), (16, 17), (17, 18), (18, 20), (19, 20)])
([53161], [1, 2, 3, 4, 11, 18, 19, 20], [(1, 2), (1, 11), (1, 11), (2, 11), (2, 3), (3, 20), (3, 4), (4, 19), (4, 20), (18, 18), (18, 19), (19, 20)])
([53864], [8, 11, 12, 14, 15, 18, 19, 20], [(8, 18), (8, 20), (8, 15), (11, 19), (11, 12), (11, 12), (12, 19), (14, 15), (14, 14), (15, 18), (18, 20), (19, 20)])
([54094], [9, 12, 15, 16, 17, 18, 19, 20], [(9, 17), (9, 18), (9, 20), (12, 19), (12, 15), (12, 15), (15, 19), (16, 16), (16, 17), (17, 18), (18, 20), (19, 20)])
([54745], [1, 2, 3, 4, 10, 18, 19, 20], [(1, 2), (1, 10), (1, 10), (2, 10), (2, 3), (3, 20), (3, 4), (4, 19), (4, 20), (18, 18), (18, 19), (19, 20)])
([54853], [1, 2, 3, 4, 7, 18, 19, 20], [(1, 2), (1, 7), (1, 7), (2, 3), (2, 7), (3, 20), (3, 4), (4, 19), (4, 20), (18, 18), (18, 19), (19, 20)])
([55718], [1, 2, 3, 4, 9, 13, 19, 20], [(1, 9), (1, 9), (1, 2), (2, 3), (2, 9), (3, 4), (3, 13), (4, 20), (4, 13), (13, 20), (19, 19), (19, 20)])
([56051], [1, 2, 3, 4, 12, 16, 17, 20], [(1, 2), (1, 12), (1, 12), (2, 3), (2, 12), (3, 20), (3, 4), (4, 17), (4, 20), (16, 16), (16, 17), (17, 20)])
([56197], [7, 8, 11, 14, 15, 18, 19, 20], [(7, 19), (7, 11), (7, 11), (8, 18), (8, 20), (8, 15), (11, 19), (14, 14), (14, 15), (15, 18), (18, 20), (19, 20)])
([57383], [7, 10, 11, 14, 15, 18, 19, 20], [(7, 18), (7, 20), (7, 15), (10, 19), (10, 11), (10, 11), (11, 19), (14, 14), (14, 15), (15, 18), (18, 20), (19, 20)])
([57384], [7, 9, 10, 14, 15, 18, 19, 20], [(7, 18), (7, 20), (7, 15), (9, 19), (9, 10), (9, 10), (10, 19), (14, 14), (14, 15), (15, 18), (18, 20), (19, 20)])
([58806], [8, 12, 13, 16, 17, 18, 19, 20], [(8, 17), (8, 18), (8, 20), (12, 19), (12, 13), (12, 13), (13, 19), (16, 16), (16, 17), (17, 18), (18, 20), (19, 20)])
([59260], [1, 2, 3, 4, 9, 16, 17, 20], [(1, 9), (1, 9), (1, 2), (2, 3), (2, 9), (3, 20), (3, 4), (4, 17), (4, 20), (16, 16), (16, 17), (17, 20)])
([59396], [7, 8, 10, 14, 15, 18, 19, 20], [(7, 19), (7, 10), (7, 10), (8, 18), (8, 20), (8, 15), (10, 19), (14, 14), (14, 15), (15, 18), (18, 20), (19, 20)])
([59619], [9, 11, 12, 14, 15, 18, 19, 20], [(9, 18), (9, 20), (9, 15), (11, 19), (11, 12), (11, 12), (12, 19), (14, 14), (14, 15), (15, 18), (18, 20), (19, 20)])
([59938], [8, 11, 12, 16, 17, 18, 19, 20], [(8, 17), (8, 18), (8, 20), (11, 19), (11, 12), (11, 12), (12, 19), (16, 16), (16, 17), (17, 18), (18, 20), (19, 20)])
([60431], [8, 12, 13, 16, 17, 18, 19, 20], [(8, 18), (8, 20), (8, 17), (12, 19), (12, 13), (12, 13), (13, 19), (16, 16), (16, 17), (17, 18), (18, 20), (19, 20)])
([61005], [7, 8, 13, 16, 17, 18, 19, 20], [(7, 19), (7, 13), (7, 13), (8, 17), (8, 18), (8, 20), (13, 19), (16, 16), (16, 17), (17, 18), (18, 20), (19, 20)])
([61006], [8, 9, 12, 16, 17, 18, 19, 20], [(8, 19), (8, 12), (8, 12), (9, 18), (9, 20), (9, 17), (12, 19), (16, 16), (16, 17), (17, 18), (18, 20), (19, 20)])
([61007], [6, 7, 13, 16, 17, 18, 19, 20], [(6, 19), (6, 13), (6, 13), (7, 18), (7, 20), (7, 17), (13, 19), (16, 16), (16, 17), (17, 18), (18, 20), (19, 20)])
([61008], [7, 11, 12, 16, 17, 18, 19, 20], [(7, 18), (7, 20), (7, 17), (11, 19), (11, 12), (11, 12), (12, 19), (16, 16), (16, 17), (17, 18), (18, 20), (19, 20)])
([62039], [5, 10, 11, 16, 17, 18, 19, 20], [(5, 18), (5, 20), (5, 17), (10, 19), (10, 11), (10, 11), (11, 19), (16, 16), (16, 17), (17, 18), (18, 20), (19, 20)])
([62040], [6, 11, 12, 14, 15, 18, 19, 20], [(6, 18), (6, 20), (6, 15), (11, 19), (11, 12), (11, 12), (12, 19), (14, 14), (14, 15), (15, 18), (18, 20), (19, 20)])
([62834], [1, 2, 3, 4, 7, 18, 19, 20], [(1, 2), (1, 7), (1, 7), (2, 3), (2, 7), (3, 20), (3, 4), (4, 19), (4, 20), (18, 18), (18, 19), (19, 20)])
([63210], [1, 2, 3, 4, 9, 18, 19, 20], [(1, 9), (1, 9), (1, 2), (2, 3), (2, 9), (3, 20), (3, 4), (4, 19), (4, 20), (18, 18), (18, 19), (19, 20)])
([65478], [7, 11, 12, 16, 17, 18, 19, 20], [(7, 17), (7, 18), (7, 20), (11, 19), (11, 12), (11, 12), (12, 19), (16, 16), (16, 17), (17, 18), (18, 20), (19, 20)])
([65479], [6, 7, 11, 14, 15, 18, 19, 20], [(6, 19), (6, 11), (6, 11), (7, 18), (7, 20), (7, 15), (11, 19), (14, 14), (14, 15), (15, 18), (18, 20), (19, 20)])
([65480], [7, 8, 11, 16, 17, 18, 19, 20], [(7, 19), (7, 11), (7, 11), (8, 17), (8, 18), (8, 20), (11, 19), (16, 16), (16, 17), (17, 18), (18, 20), (19, 20)])
([65481], [6, 10, 11, 16, 17, 18, 19, 20], [(6, 17), (6, 18), (6, 20), (10, 19), (10, 11), (10, 11), (11, 19), (16, 16), (16, 17), (17, 18), (18, 20), (19, 20)])
([66226], [7, 12, 15, 16, 17, 18, 19, 20], [(7, 17), (7, 18), (7, 20), (12, 19), (12, 15), (12, 15), (15, 19), (16, 16), (16, 17), (17, 18), (18, 20), (19, 20)])
([66791], [6, 9, 10, 14, 15, 18, 19, 20], [(6, 18), (6, 20), (6, 15), (9, 10), (9, 10), (9, 19), (10, 19), (14, 14), (14, 15), (15, 18), (18, 20), (19, 20)])
([67965], [7, 9, 10, 14, 15, 18, 19, 20], [(7, 18), (7, 20), (7, 15), (9, 19), (9, 10), (9, 10), (10, 19), (14, 14), (14, 15), (15, 18), (18, 20), (19, 20)])
([69692], [6, 7, 11, 16, 17, 18, 19, 20], [(6, 19), (6, 11), (6, 11), (7, 18), (7, 20), (7, 17), (11, 19), (16, 16), (16, 17), (17, 18), (18, 20), (19, 20)])
([69736], [1, 2, 3, 4, 7, 16, 17, 20], [(1, 2), (1, 7), (1, 7), (2, 3), (2, 7), (3, 20), (3, 4), (4, 17), (4, 20), (16, 16), (16, 17), (17, 20)])
([71148], [8, 11, 12, 14, 15, 18, 19, 20], [(8, 18), (8, 20), (8, 15), (11, 19), (11, 12), (11, 12), (12, 19), (14, 14), (14, 15), (15, 18), (18, 20), (19, 20)])
([71293], [1, 2, 3, 4, 10, 18, 19, 20], [(1, 2), (1, 10), (1, 10), (2, 10), (2, 3), (3, 20), (3, 4), (4, 19), (4, 20), (18, 18), (18, 19), (19, 20)])
([71573], [9, 11, 15, 16, 17, 18, 19, 20], [(9, 17), (9, 18), (9, 20), (11, 19), (11, 15), (11, 15), (15, 19), (16, 16), (16, 17), (17, 18), (18, 20), (19, 20)])
([71770], [8, 10, 11, 16, 17, 18, 19, 20], [(8, 18), (8, 20), (8, 17), (10, 19), (10, 11), (10, 11), (11, 19), (16, 16), (16, 17), (17, 18), (18, 20), (19, 20)])
([72161], [5, 6, 11, 14, 15, 18, 19, 20], [(5, 19), (5, 11), (5, 11), (6, 18), (6, 20), (6, 15), (11, 19), (14, 14), (14, 15), (15, 18), (18, 20), (19, 20)])
([72237], [1, 2, 3, 4, 9, 16, 17, 20], [(1, 9), (1, 9), (1, 2), (2, 3), (2, 9), (3, 20), (3, 4), (4, 17), (4, 20), (16, 16), (16, 17), (17, 20)])
([72892], [6, 8, 9, 12, 13, 18, 19, 20], [(6, 18), (6, 20), (6, 13), (8, 9), (8, 9), (8, 19), (9, 19), (12, 12), (12, 13), (13, 18), (18, 20), (19, 20)])
([76173], [7, 8, 12, 16, 17, 18, 19, 20], [(7, 19), (7, 12), (7, 12), (8, 17), (8, 18), (8, 20), (12, 19), (16, 16), (16, 17), (17, 18), (18, 20), (19, 20)])
([76174], [7, 10, 11, 16, 17, 18, 19, 20], [(7, 17), (7, 18), (7, 20), (10, 11), (10, 11), (10, 19), (11, 19), (16, 16), (16, 17), (17, 18), (18, 20), (19, 20)])
([76175], [6, 7, 10, 14, 15, 18, 19, 20], [(6, 10), (6, 10), (6, 19), (7, 18), (7, 20), (7, 15), (10, 19), (14, 14), (14, 15), (15, 18), (18, 20), (19, 20)])
([76582], [7, 12, 13, 16, 17, 18, 19, 20], [(7, 17), (7, 18), (7, 20), (12, 19), (12, 13), (12, 13), (13, 19), (16, 16), (16, 17), (17, 18), (18, 20), (19, 20)])
([78672], [7, 11, 15, 16, 17, 18, 19, 20], [(7, 17), (7, 18), (7, 20), (11, 19), (11, 15), (11, 15), (15, 19), (16, 16), (16, 17), (17, 18), (18, 20), (19, 20)])
([79268], [5, 6, 10, 14, 15, 18, 19, 20], [(5, 10), (5, 10), (5, 19), (6, 18), (6, 20), (6, 15), (10, 19), (14, 14), (14, 15), (15, 18), (18, 20), (19, 20)])
([79359], [7, 9, 10, 14, 15, 18, 19, 20], [(7, 18), (7, 20), (7, 15), (9, 10), (9, 10), (9, 19), (10, 19), (14, 14), (14, 15), (15, 18), (18, 20), (19, 20)])
([79454], [8, 10, 13, 14, 15, 18, 19, 20], [(8, 18), (8, 20), (8, 15), (10, 19), (10, 13), (10, 13), (13, 19), (14, 15), (14, 14), (15, 18), (18, 20), (19, 20)])
([79823], [6, 10, 11, 14, 15, 18, 19, 20], [(6, 18), (6, 20), (6, 15), (10, 11), (10, 11), (10, 19), (11, 19), (14, 14), (14, 15), (15, 18), (18, 20), (19, 20)])
([79824], [5, 9, 10, 14, 15, 18, 19, 20], [(5, 18), (5, 20), (5, 15), (9, 10), (9, 10), (9, 19), (10, 19), (14, 14), (14, 15), (15, 18), (18, 20), (19, 20)])
([80749], [6, 7, 12, 16, 17, 18, 19, 20], [(6, 19), (6, 12), (6, 12), (7, 18), (7, 20), (7, 17), (12, 19), (16, 16), (16, 17), (17, 18), (18, 20), (19, 20)])
([80750], [5, 11, 12, 16, 17, 18, 19, 20], [(5, 18), (5, 20), (5, 17), (11, 12), (11, 12), (11, 19), (12, 19), (16, 16), (16, 17), (17, 18), (18, 20), (19, 20)])
([81910], [4, 9, 10, 14, 15, 18, 19, 20], [(4, 18), (4, 20), (4, 15), (9, 19), (9, 10), (9, 10), (10, 19), (14, 14), (14, 15), (15, 18), (18, 20), (19, 20)])
([85914], [5, 9, 10, 14, 15, 18, 19, 20], [(5, 18), (5, 20), (5, 15), (9, 10), (9, 10), (9, 19), (10, 19), (14, 14), (14, 15), (15, 18), (18, 20), (19, 20)])
([86212], [7, 11, 12, 14, 15, 18, 19, 20], [(7, 18), (7, 20), (7, 15), (11, 12), (11, 12), (11, 19), (12, 19), (14, 15), (14, 14), (15, 18), (18, 20), (19, 20)])
([87210], [7, 9, 10, 14, 15, 18, 19, 20], [(7, 18), (7, 20), (7, 15), (9, 10), (9, 10), (9, 19), (10, 19), (14, 14), (14, 15), (15, 18), (18, 20), (19, 20)])
([87729], [8, 11, 12, 16, 17, 18, 19, 20], [(8, 18), (8, 20), (8, 17), (11, 19), (11, 12), (11, 12), (12, 19), (16, 16), (16, 17), (17, 18), (18, 20), (19, 20)])
([87972], [6, 10, 15, 16, 17, 18, 19, 20], [(6, 17), (6, 18), (6, 20), (10, 19), (10, 15), (10, 15), (15, 19), (16, 16), (16, 17), (17, 18), (18, 20), (19, 20)])
([88288], [7, 10, 11, 14, 15, 18, 19, 20], [(7, 18), (7, 20), (7, 15), (10, 19), (10, 11), (10, 11), (11, 19), (14, 14), (14, 15), (15, 18), (18, 20), (19, 20)])
([88432], [1, 2, 3, 4, 9, 18, 19, 20], [(1, 9), (1, 9), (1, 2), (2, 3), (2, 9), (3, 20), (3, 4), (4, 19), (4, 20), (18, 18), (18, 19), (19, 20)])
([89840], [6, 11, 12, 16, 17, 18, 19, 20], [(6, 17), (6, 18), (6, 20), (11, 19), (11, 12), (11, 12), (12, 19), (16, 16), (16, 17), (17, 18), (18, 20), (19, 20)])
([97051], [6, 11, 15, 16, 17, 18, 19, 20], [(6, 17), (6, 18), (6, 20), (11, 19), (11, 15), (11, 15), (15, 19), (16, 16), (16, 17), (17, 18), (18, 20), (19, 20)])
([97052], [7, 11, 12, 16, 17, 18, 19, 20], [(7, 17), (7, 18), (7, 20), (11, 19), (11, 12), (11, 12), (12, 19), (16, 16), (16, 17), (17, 18), (18, 20), (19, 20)])
([100238], [6, 8, 9, 12, 13, 18, 19, 20], [(6, 18), (6, 20), (6, 13), (8, 9), (8, 9), (8, 19), (9, 19), (12, 12), (12, 13), (13, 18), (18, 20), (19, 20)])
([102153], [6, 9, 10, 14, 15, 18, 19, 20], [(6, 18), (6, 20), (6, 15), (9, 19), (9, 10), (9, 10), (10, 19), (14, 14), (14, 15), (15, 18), (18, 20), (19, 20)])
([103461], [4, 8, 9, 12, 13, 18, 19, 20], [(4, 18), (4, 20), (4, 13), (8, 19), (8, 9), (8, 9), (9, 19), (12, 12), (12, 13), (13, 18), (18, 20), (19, 20)])
([105126], [7, 10, 11, 14, 15, 18, 19, 20], [(7, 18), (7, 20), (7, 15), (10, 19), (10, 11), (10, 11), (11, 19), (14, 14), (14, 15), (15, 18), (18, 20), (19, 20)])
([105480], [6, 9, 15, 16, 17, 18, 19, 20], [(6, 17), (6, 18), (6, 20), (9, 19), (9, 15), (9, 15), (15, 19), (16, 16), (16, 17), (17, 18), (18, 20), (19, 20)])
([106532], [5, 9, 13, 14, 15, 18, 19, 20], [(5, 18), (5, 20), (5, 15), (9, 19), (9, 13), (9, 13), (13, 19), (14, 14), (14, 15), (15, 18), (18, 20), (19, 20)])
([106945], [8, 10, 12, 13, 14, 16, 17, 18], [(8, 16), (8, 18), (8, 14), (10, 17), (10, 12), (10, 12), (12, 17), (13, 13), (13, 14), (14, 16), (16, 18), (17, 18)])
([107968], [6, 9, 10, 14, 15, 18, 19, 20], [(6, 18), (6, 20), (6, 15), (9, 10), (9, 10), (9, 19), (10, 19), (14, 14), (14, 15), (15, 18), (18, 20), (19, 20)])
([108184], [6, 10, 13, 14, 15, 18, 19, 20], [(6, 18), (6, 20), (6, 15), (10, 19), (10, 13), (10, 13), (13, 19), (14, 14), (14, 15), (15, 18), (18, 20), (19, 20)])
([108678], [5, 10, 11, 14, 15, 18, 19, 20], [(5, 18), (5, 20), (5, 15), (10, 19), (10, 11), (10, 11), (11, 19), (14, 14), (14, 15), (15, 18), (18, 20), (19, 20)])
([112136], [6, 10, 11, 14, 15, 18, 19, 20], [(6, 18), (6, 20), (6, 15), (10, 19), (10, 11), (10, 11), (11, 19), (14, 14), (14, 15), (15, 18), (18, 20), (19, 20)])
([116331], [5, 8, 13, 14, 15, 18, 19, 20], [(5, 18), (5, 20), (5, 15), (8, 19), (8, 13), (8, 13), (13, 19), (14, 15), (14, 14), (15, 18), (18, 20), (19, 20)])
([117538], [6, 10, 15, 16, 17, 18, 19, 20], [(6, 17), (6, 18), (6, 20), (10, 19), (10, 15), (10, 15), (15, 19), (16, 16), (16, 17), (17, 18), (18, 20), (19, 20)])
([118607], [5, 8, 9, 12, 13, 18, 19, 20], [(5, 18), (5, 20), (5, 13), (8, 9), (8, 9), (8, 19), (9, 19), (12, 12), (12, 13), (13, 18), (18, 20), (19, 20)])
([118608], [5, 8, 13, 14, 15, 18, 19, 20], [(5, 18), (5, 20), (5, 15), (8, 19), (8, 13), (8, 13), (13, 19), (14, 14), (14, 15), (15, 18), (18, 20), (19, 20)])
([121631], [6, 10, 12, 13, 14, 16, 17, 18], [(6, 16), (6, 18), (6, 14), (10, 17), (10, 12), (10, 12), (12, 17), (13, 13), (13, 14), (14, 16), (16, 18), (17, 18)])
([126146], [4, 7, 11, 12, 13, 18, 19, 20], [(4, 18), (4, 20), (4, 13), (7, 11), (7, 11), (7, 19), (11, 19), (12, 12), (12, 13), (13, 18), (18, 20), (19, 20)])
([130369], [5, 9, 13, 14, 15, 18, 19, 20], [(5, 18), (5, 20), (5, 15), (9, 19), (9, 13), (9, 13), (13, 19), (14, 14), (14, 15), (15, 18), (18, 20), (19, 20)])
([130370], [5, 8, 12, 13, 14, 16, 17, 18], [(5, 16), (5, 18), (5, 14), (8, 12), (8, 12), (8, 17), (12, 17), (13, 13), (13, 14), (14, 16), (16, 18), (17, 18)])
([132776], [7, 14, 15, 16, 17, 18, 19, 20], [(7, 16), (7, 16), (7, 20), (14, 18), (14, 19), (14, 15), (15, 18), (15, 19), (16, 20), (17, 17), (17, 18), (19, 20)])
([134808], [7, 14, 15, 16, 17, 18, 19, 20], [(7, 16), (7, 16), (7, 20), (14, 18), (14, 19), (14, 15), (15, 18), (15, 19), (16, 20), (17, 17), (17, 18), (19, 20)])
([135575], [10, 14, 15, 16, 17, 18, 19, 20], [(10, 16), (10, 16), (10, 20), (14, 19), (14, 18), (14, 15), (15, 18), (15, 19), (16, 20), (17, 17), (17, 18), (19, 20)])
([137175], [4, 7, 10, 11, 12, 16, 17, 18], [(4, 16), (4, 18), (4, 12), (7, 17), (7, 10), (7, 10), (10, 17), (11, 11), (11, 12), (12, 16), (16, 18), (17, 18)])
([138816], [6, 14, 15, 16, 17, 18, 19, 20], [(6, 16), (6, 16), (6, 20), (14, 18), (14, 19), (14, 15), (15, 18), (15, 19), (16, 20), (17, 17), (17, 18), (19, 20)])
([139215], [5, 14, 15, 16, 17, 18, 19, 20], [(5, 16), (5, 16), (5, 20), (14, 18), (14, 19), (14, 15), (15, 18), (15, 19), (16, 20), (17, 17), (17, 18), (19, 20)])
([139335], [5, 9, 12, 13, 14, 16, 17, 18], [(5, 16), (5, 18), (5, 14), (9, 12), (9, 12), (9, 17), (12, 17), (13, 13), (13, 14), (14, 16), (16, 18), (17, 18)])
([140629], [9, 14, 15, 16, 17, 18, 19, 20], [(9, 16), (9, 16), (9, 20), (14, 18), (14, 19), (14, 15), (15, 18), (15, 19), (16, 20), (17, 17), (17, 18), (19, 20)])
([140974], [6, 14, 15, 16, 17, 18, 19, 20], [(6, 16), (6, 16), (6, 20), (14, 19), (14, 18), (14, 15), (15, 18), (15, 19), (16, 20), (17, 17), (17, 18), (19, 20)])
([141507], [5, 14, 15, 16, 17, 18, 19, 20], [(5, 16), (5, 16), (5, 20), (14, 18), (14, 19), (14, 15), (15, 18), (15, 19), (16, 20), (17, 17), (17, 18), (19, 20)])
([142492], [9, 14, 15, 16, 17, 18, 19, 20], [(9, 16), (9, 16), (9, 20), (14, 18), (14, 19), (14, 15), (15, 18), (15, 19), (16, 20), (17, 17), (17, 18), (19, 20)])
([142493], [7, 14, 15, 16, 17, 18, 19, 20], [(7, 16), (7, 16), (7, 20), (14, 18), (14, 19), (14, 15), (15, 18), (15, 19), (16, 20), (17, 17), (17, 18), (19, 20)])
([142494], [9, 14, 15, 16, 17, 18, 19, 20], [(9, 16), (9, 16), (9, 20), (14, 18), (14, 19), (14, 15), (15, 18), (15, 19), (16, 20), (17, 17), (17, 18), (19, 20)])
([142721], [6, 14, 15, 16, 17, 18, 19, 20], [(6, 16), (6, 16), (6, 20), (14, 19), (14, 18), (14, 15), (15, 18), (15, 19), (16, 20), (17, 17), (17, 18), (19, 20)])
([143559], [5, 14, 15, 16, 17, 18, 19, 20], [(5, 16), (5, 16), (5, 20), (14, 19), (14, 18), (14, 15), (15, 18), (15, 19), (16, 20), (17, 17), (17, 18), (19, 20)])
([143607], [10, 14, 15, 16, 17, 18, 19, 20], [(10, 16), (10, 16), (10, 20), (14, 19), (14, 18), (14, 15), (15, 18), (15, 19), (16, 20), (17, 17), (17, 18), (19, 20)])
([143608], [8, 14, 15, 16, 17, 18, 19, 20], [(8, 16), (8, 16), (8, 20), (14, 18), (14, 19), (14, 15), (15, 18), (15, 19), (16, 20), (17, 17), (17, 18), (19, 20)])
([143610], [9, 14, 15, 16, 17, 18, 19, 20], [(9, 16), (9, 16), (9, 20), (14, 19), (14, 18), (14, 15), (15, 18), (15, 19), (16, 20), (17, 17), (17, 18), (19, 20)])
([144017], [6, 14, 15, 16, 17, 18, 19, 20], [(6, 16), (6, 16), (6, 20), (14, 18), (14, 19), (14, 15), (15, 18), (15, 19), (16, 20), (17, 17), (17, 18), (19, 20)])
([144039], [6, 14, 15, 16, 17, 18, 19, 20], [(6, 16), (6, 16), (6, 20), (14, 19), (14, 18), (14, 15), (15, 18), (15, 19), (16, 20), (17, 17), (17, 18), (19, 20)])
([144206], [8, 14, 15, 16, 17, 18, 19, 20], [(8, 16), (8, 16), (8, 20), (14, 18), (14, 19), (14, 15), (15, 18), (15, 19), (16, 20), (17, 17), (17, 18), (19, 20)])
([144260], [10, 14, 15, 16, 17, 18, 19, 20], [(10, 20), (10, 15), (10, 15), (14, 16), (14, 18), (14, 19), (15, 20), (16, 18), (16, 19), (17, 17), (17, 18), (19, 20)])
([144554], [5, 14, 15, 16, 17, 18, 19, 20], [(5, 16), (5, 16), (5, 20), (14, 18), (14, 19), (14, 15), (15, 18), (15, 19), (16, 20), (17, 17), (17, 18), (19, 20)])
([144590], [4, 14, 15, 16, 17, 18, 19, 20], [(4, 16), (4, 16), (4, 20), (14, 18), (14, 19), (14, 15), (15, 18), (15, 19), (16, 20), (17, 17), (17, 18), (19, 20)])
([144753], [7, 14, 15, 16, 17, 18, 19, 20], [(7, 16), (7, 16), (7, 20), (14, 19), (14, 18), (14, 15), (15, 18), (15, 19), (16, 20), (17, 17), (17, 18), (19, 20)])
([144754], [8, 14, 15, 16, 17, 18, 19, 20], [(8, 16), (8, 16), (8, 20), (14, 18), (14, 19), (14, 15), (15, 18), (15, 19), (16, 20), (17, 17), (17, 18), (19, 20)])
([144770], [7, 14, 15, 16, 17, 18, 19, 20], [(7, 16), (7, 16), (7, 20), (14, 18), (14, 19), (14, 15), (15, 18), (15, 19), (16, 20), (17, 17), (17, 18), (19, 20)])
([144839], [5, 12, 13, 14, 17, 18, 19, 20], [(5, 20), (5, 14), (5, 14), (12, 18), (12, 19), (12, 13), (13, 18), (13, 19), (14, 20), (17, 17), (17, 18), (19, 20)])
([144928], [8, 14, 15, 16, 17, 18, 19, 20], [(8, 16), (8, 16), (8, 20), (14, 18), (14, 19), (14, 15), (15, 18), (15, 19), (16, 20), (17, 17), (17, 18), (19, 20)])
([144929], [12, 14, 15, 16, 17, 18, 19, 20], [(12, 16), (12, 16), (12, 20), (14, 18), (14, 19), (14, 15), (15, 18), (15, 19), (16, 20), (17, 17), (17, 18), (19, 20)])
([144930], [9, 14, 15, 16, 17, 18, 19, 20], [(9, 16), (9, 16), (9, 20), (14, 19), (14, 18), (14, 15), (15, 18), (15, 19), (16, 20), (17, 17), (17, 18), (19, 20)])
([144941], [4, 14, 15, 16, 17, 18, 19, 20], [(4, 16), (4, 16), (4, 20), (14, 18), (14, 19), (14, 15), (15, 18), (15, 19), (16, 20), (17, 17), (17, 18), (19, 20)])
([144972], [7, 14, 15, 16, 17, 18, 19, 20], [(7, 16), (7, 16), (7, 20), (14, 18), (14, 19), (14, 15), (15, 18), (15, 19), (16, 20), (17, 17), (17, 18), (19, 20)])
([145079], [11, 14, 15, 16, 17, 18, 19, 20], [(11, 20), (11, 15), (11, 15), (14, 16), (14, 18), (14, 19), (15, 20), (16, 18), (16, 19), (17, 17), (17, 18), (19, 20)])
([145098], [7, 14, 15, 16, 17, 18, 19, 20], [(7, 16), (7, 16), (7, 20), (14, 18), (14, 19), (14, 15), (15, 18), (15, 19), (16, 20), (17, 17), (17, 18), (19, 20)])
([145173], [3, 14, 15, 16, 17, 18, 19, 20], [(3, 16), (3, 16), (3, 20), (14, 18), (14, 19), (14, 15), (15, 18), (15, 19), (16, 20), (17, 17), (17, 18), (19, 20)])
([145309], [6, 14, 15, 16, 17, 18, 19, 20], [(6, 16), (6, 16), (6, 20), (14, 18), (14, 19), (14, 15), (15, 18), (15, 19), (16, 20), (17, 17), (17, 18), (19, 20)])
([145469], [6, 14, 15, 16, 17, 18, 19, 20], [(6, 16), (6, 16), (6, 20), (14, 19), (14, 18), (14, 15), (15, 18), (15, 19), (16, 20), (17, 17), (17, 18), (19, 20)])
([145475], [9, 14, 15, 16, 17, 18, 19, 20], [(9, 16), (9, 16), (9, 20), (14, 18), (14, 19), (14, 15), (15, 18), (15, 19), (16, 20), (17, 17), (17, 18), (19, 20)])
([145542], [4, 14, 15, 16, 17, 18, 19, 20], [(4, 16), (4, 16), (4, 20), (14, 18), (14, 19), (14, 15), (15, 18), (15, 19), (16, 20), (17, 17), (17, 18), (19, 20)])
([145632], [8, 14, 15, 16, 17, 18, 19, 20], [(8, 16), (8, 16), (8, 20), (14, 18), (14, 19), (14, 15), (15, 18), (15, 19), (16, 20), (17, 17), (17, 18), (19, 20)])
([145633], [7, 14, 15, 16, 17, 18, 19, 20], [(7, 16), (7, 16), (7, 20), (14, 18), (14, 19), (14, 15), (15, 18), (15, 19), (16, 20), (17, 17), (17, 18), (19, 20)])
([145700], [11, 14, 15, 16, 17, 18, 19, 20], [(11, 16), (11, 16), (11, 20), (14, 18), (14, 19), (14, 15), (15, 18), (15, 19), (16, 20), (17, 17), (17, 18), (19, 20)])
([145743], [8, 14, 15, 16, 17, 18, 19, 20], [(8, 16), (8, 16), (8, 20), (14, 18), (14, 19), (14, 15), (15, 18), (15, 19), (16, 20), (17, 17), (17, 18), (19, 20)])
([145804], [6, 14, 15, 16, 17, 18, 19, 20], [(6, 16), (6, 16), (6, 20), (14, 19), (14, 18), (14, 15), (15, 18), (15, 19), (16, 20), (17, 17), (17, 18), (19, 20)])
([145894], [5, 14, 15, 16, 17, 18, 19, 20], [(5, 16), (5, 16), (5, 20), (14, 19), (14, 18), (14, 15), (15, 18), (15, 19), (16, 20), (17, 17), (17, 18), (19, 20)])
([146025], [7, 14, 15, 16, 17, 18, 19, 20], [(7, 16), (7, 16), (7, 20), (14, 18), (14, 19), (14, 15), (15, 18), (15, 19), (16, 20), (17, 17), (17, 18), (19, 20)])
([146026], [5, 14, 15, 16, 17, 18, 19, 20], [(5, 16), (5, 16), (5, 20), (14, 19), (14, 18), (14, 15), (15, 18), (15, 19), (16, 20), (17, 17), (17, 18), (19, 20)])
([146239], [5, 14, 15, 16, 17, 18, 19, 20], [(5, 16), (5, 16), (5, 20), (14, 18), (14, 19), (14, 15), (15, 18), (15, 19), (16, 20), (17, 17), (17, 18), (19, 20)])
([146271], [4, 14, 15, 16, 17, 18, 19, 20], [(4, 16), (4, 16), (4, 20), (14, 18), (14, 19), (14, 15), (15, 18), (15, 19), (16, 20), (17, 17), (17, 18), (19, 20)])
([146300], [10, 14, 15, 16, 17, 18, 19, 20], [(10, 20), (10, 15), (10, 15), (14, 16), (14, 18), (14, 19), (15, 20), (16, 18), (16, 19), (17, 17), (17, 18), (19, 20)])
([146334], [8, 14, 15, 16, 17, 18, 19, 20], [(8, 20), (8, 15), (8, 15), (14, 16), (14, 18), (14, 19), (15, 20), (16, 18), (16, 19), (17, 17), (17, 18), (19, 20)])
([146335], [6, 14, 15, 16, 17, 18, 19, 20], [(6, 20), (6, 15), (6, 15), (14, 16), (14, 18), (14, 19), (15, 20), (16, 18), (16, 19), (17, 17), (17, 18), (19, 20)])
([146336], [9, 14, 15, 16, 17, 18, 19, 20], [(9, 20), (9, 15), (9, 15), (14, 16), (14, 18), (14, 19), (15, 20), (16, 18), (16, 19), (17, 17), (17, 18), (19, 20)])
([146620], [7, 12, 13, 14, 17, 18, 19, 20], [(7, 20), (7, 14), (7, 14), (12, 18), (12, 19), (12, 13), (13, 18), (13, 19), (14, 20), (17, 17), (17, 18), (19, 20)])
([146638], [6, 14, 15, 16, 17, 18, 19, 20], [(6, 16), (6, 16), (6, 20), (14, 18), (14, 19), (14, 15), (15, 18), (15, 19), (16, 20), (17, 17), (17, 18), (19, 20)])
([146646], [11, 14, 15, 16, 17, 18, 19, 20], [(11, 16), (11, 16), (11, 20), (14, 18), (14, 19), (14, 15), (15, 18), (15, 19), (16, 20), (17, 17), (17, 18), (19, 20)])
([146754], [6, 14, 15, 16, 17, 18, 19, 20], [(6, 20), (6, 15), (6, 15), (14, 16), (14, 18), (14, 19), (15, 20), (16, 18), (16, 19), (17, 17), (17, 18), (19, 20)])
([146815], [4, 12, 13, 14, 17, 18, 19, 20], [(4, 20), (4, 14), (4, 14), (12, 18), (12, 19), (12, 13), (13, 18), (13, 19), (14, 20), (17, 17), (17, 18), (19, 20)])
([146816], [5, 12, 13, 14, 17, 18, 19, 20], [(5, 20), (5, 14), (5, 14), (12, 18), (12, 19), (12, 13), (13, 18), (13, 19), (14, 20), (17, 17), (17, 18), (19, 20)])
([146817], [6, 12, 13, 14, 17, 18, 19, 20], [(6, 20), (6, 14), (6, 14), (12, 18), (12, 19), (12, 13), (13, 18), (13, 19), (14, 20), (17, 17), (17, 18), (19, 20)])
([146818], [3, 12, 13, 14, 17, 18, 19, 20], [(3, 20), (3, 14), (3, 14), (12, 18), (12, 19), (12, 13), (13, 18), (13, 19), (14, 20), (17, 17), (17, 18), (19, 20)])
([146826], [6, 14, 15, 16, 17, 18, 19, 20], [(6, 16), (6, 16), (6, 20), (14, 19), (14, 18), (14, 15), (15, 18), (15, 19), (16, 20), (17, 17), (17, 18), (19, 20)])
([146842], [9, 14, 15, 16, 17, 18, 19, 20], [(9, 16), (9, 16), (9, 20), (14, 18), (14, 19), (14, 15), (15, 18), (15, 19), (16, 20), (17, 17), (17, 18), (19, 20)])
([146843], [7, 14, 15, 16, 17, 18, 19, 20], [(7, 16), (7, 16), (7, 20), (14, 18), (14, 19), (14, 15), (15, 18), (15, 19), (16, 20), (17, 17), (17, 18), (19, 20)])
([146844], [12, 14, 15, 16, 17, 18, 19, 20], [(12, 16), (12, 16), (12, 20), (14, 18), (14, 19), (14, 15), (15, 18), (15, 19), (16, 20), (17, 17), (17, 18), (19, 20)])
([146845], [7, 14, 15, 16, 17, 18, 19, 20], [(7, 16), (7, 16), (7, 20), (14, 18), (14, 19), (14, 15), (15, 18), (15, 19), (16, 20), (17, 17), (17, 18), (19, 20)])
([146865], [6, 14, 15, 16, 17, 18, 19, 20], [(6, 16), (6, 16), (6, 20), (14, 18), (14, 19), (14, 15), (15, 18), (15, 19), (16, 20), (17, 17), (17, 18), (19, 20)])
([146866], [9, 14, 15, 16, 17, 18, 19, 20], [(9, 16), (9, 16), (9, 20), (14, 19), (14, 18), (14, 15), (15, 18), (15, 19), (16, 20), (17, 17), (17, 18), (19, 20)])
([146867], [8, 14, 15, 16, 17, 18, 19, 20], [(8, 16), (8, 16), (8, 20), (14, 18), (14, 19), (14, 15), (15, 18), (15, 19), (16, 20), (17, 17), (17, 18), (19, 20)])
([146876], [7, 14, 15, 16, 17, 18, 19, 20], [(7, 16), (7, 16), (7, 20), (14, 18), (14, 19), (14, 15), (15, 18), (15, 19), (16, 20), (17, 17), (17, 18), (19, 20)])
([146877], [6, 14, 15, 16, 17, 18, 19, 20], [(6, 20), (6, 16), (6, 16), (14, 19), (14, 18), (14, 15), (15, 18), (15, 19), (16, 20), (17, 17), (17, 18), (19, 20)])
([146878], [5, 14, 15, 16, 17, 18, 19, 20], [(5, 16), (5, 16), (5, 20), (14, 18), (14, 19), (14, 15), (15, 18), (15, 19), (16, 20), (17, 17), (17, 18), (19, 20)])
([146910], [6, 14, 15, 16, 17, 18, 19, 20], [(6, 16), (6, 16), (6, 20), (14, 18), (14, 19), (14, 15), (15, 18), (15, 19), (16, 20), (17, 17), (17, 18), (19, 20)])
([146996], [8, 14, 15, 16, 17, 18, 19, 20], [(8, 20), (8, 15), (8, 15), (14, 16), (14, 18), (14, 19), (15, 20), (16, 18), (16, 19), (17, 17), (17, 18), (19, 20)])
([147007], [4, 14, 15, 16, 17, 18, 19, 20], [(4, 16), (4, 16), (4, 20), (14, 18), (14, 19), (14, 15), (15, 18), (15, 19), (16, 20), (17, 17), (17, 18), (19, 20)])
([147008], [6, 14, 15, 16, 17, 18, 19, 20], [(6, 16), (6, 16), (6, 20), (14, 18), (14, 19), (14, 15), (15, 18), (15, 19), (16, 20), (17, 17), (17, 18), (19, 20)])
([147035], [11, 14, 15, 16, 17, 18, 19, 20], [(11, 20), (11, 15), (11, 15), (14, 16), (14, 18), (14, 19), (15, 20), (16, 18), (16, 19), (17, 17), (17, 18), (19, 20)])
([147037], [5, 14, 15, 16, 17, 18, 19, 20], [(5, 16), (5, 16), (5, 20), (14, 19), (14, 18), (14, 15), (15, 18), (15, 19), (16, 20), (17, 17), (17, 18), (19, 20)])
([147069], [8, 14, 15, 16, 17, 18, 19, 20], [(8, 16), (8, 16), (8, 20), (14, 18), (14, 19), (14, 15), (15, 18), (15, 19), (16, 20), (17, 17), (17, 18), (19, 20)])
([147157], [12, 14, 15, 16, 17, 18, 19, 20], [(12, 16), (12, 16), (12, 20), (14, 18), (14, 19), (14, 15), (15, 18), (15, 19), (16, 20), (17, 17), (17, 18), (19, 20)])
([147182], [8, 14, 15, 16, 17, 18, 19, 20], [(8, 16), (8, 16), (8, 20), (14, 18), (14, 19), (14, 15), (15, 18), (15, 19), (16, 20), (17, 17), (17, 18), (19, 20)])
([147184], [8, 14, 15, 16, 17, 18, 19, 20], [(8, 16), (8, 16), (8, 20), (14, 19), (14, 18), (14, 15), (15, 18), (15, 19), (16, 20), (17, 17), (17, 18), (19, 20)])
([147202], [11, 14, 15, 16, 17, 18, 19, 20], [(11, 20), (11, 15), (11, 15), (14, 16), (14, 18), (14, 19), (15, 20), (16, 18), (16, 19), (17, 17), (17, 18), (19, 20)])
([147215], [4, 14, 15, 16, 17, 18, 19, 20], [(4, 16), (4, 16), (4, 20), (14, 18), (14, 19), (14, 15), (15, 18), (15, 19), (16, 20), (17, 17), (17, 18), (19, 20)])
([147220], [3, 14, 15, 16, 17, 18, 19, 20], [(3, 16), (3, 16), (3, 20), (14, 18), (14, 19), (14, 15), (15, 18), (15, 19), (16, 20), (17, 17), (17, 18), (19, 20)])
([147284], [7, 14, 15, 16, 17, 18, 19, 20], [(7, 20), (7, 15), (7, 15), (14, 16), (14, 18), (14, 19), (15, 20), (16, 18), (16, 19), (17, 17), (17, 18), (19, 20)])
([147361], [8, 12, 13, 14, 17, 18, 19, 20], [(8, 20), (8, 13), (8, 13), (12, 18), (12, 19), (12, 14), (13, 20), (14, 18), (14, 19), (17, 17), (17, 18), (19, 20)])
([147381], [12, 14, 15, 16, 17, 18, 19, 20], [(12, 16), (12, 16), (12, 20), (14, 18), (14, 19), (14, 15), (15, 18), (15, 19), (16, 20), (17, 17), (17, 18), (19, 20)])
([147383], [10, 14, 15, 16, 17, 18, 19, 20], [(10, 16), (10, 16), (10, 20), (14, 18), (14, 19), (14, 15), (15, 18), (15, 19), (16, 20), (17, 17), (17, 18), (19, 20)])
([147385], [12, 14, 15, 16, 17, 18, 19, 20], [(12, 16), (12, 16), (12, 20), (14, 18), (14, 19), (14, 15), (15, 18), (15, 19), (16, 20), (17, 17), (17, 18), (19, 20)])
([147402], [6, 12, 13, 14, 17, 18, 19, 20], [(6, 20), (6, 14), (6, 14), (12, 18), (12, 19), (12, 13), (13, 18), (13, 19), (14, 20), (17, 17), (17, 18), (19, 20)])
([147407], [7, 12, 13, 14, 17, 18, 19, 20], [(7, 20), (7, 14), (7, 14), (12, 18), (12, 19), (12, 13), (13, 18), (13, 19), (14, 20), (17, 17), (17, 18), (19, 20)])
([147438], [4, 14, 15, 16, 17, 18, 19, 20], [(4, 16), (4, 16), (4, 20), (14, 18), (14, 19), (14, 15), (15, 18), (15, 19), (16, 20), (17, 17), (17, 18), (19, 20)])
([147445], [7, 14, 15, 16, 17, 18, 19, 20], [(7, 16), (7, 16), (7, 20), (14, 18), (14, 19), (14, 15), (15, 18), (15, 19), (16, 20), (17, 17), (17, 18), (19, 20)])
([147471], [6, 12, 13, 14, 17, 18, 19, 20], [(6, 20), (6, 14), (6, 14), (12, 18), (12, 19), (12, 13), (13, 18), (13, 19), (14, 20), (17, 17), (17, 18), (19, 20)])
([147500], [6, 14, 15, 16, 17, 18, 19, 20], [(6, 20), (6, 15), (6, 15), (14, 16), (14, 18), (14, 19), (15, 20), (16, 18), (16, 19), (17, 17), (17, 18), (19, 20)])
([147513], [6, 12, 13, 14, 17, 18, 19, 20], [(6, 20), (6, 14), (6, 14), (12, 18), (12, 19), (12, 13), (13, 18), (13, 19), (14, 20), (17, 17), (17, 18), (19, 20)])
([147532], [6, 12, 13, 14, 17, 18, 19, 20], [(6, 20), (6, 14), (6, 14), (12, 18), (12, 19), (12, 13), (13, 18), (13, 19), (14, 20), (17, 17), (17, 18), (19, 20)])
([147562], [5, 14, 15, 16, 17, 18, 19, 20], [(5, 16), (5, 16), (5, 20), (14, 18), (14, 19), (14, 15), (15, 18), (15, 19), (16, 20), (17, 17), (17, 18), (19, 20)])
([147568], [3, 12, 13, 14, 17, 18, 19, 20], [(3, 20), (3, 14), (3, 14), (12, 18), (12, 19), (12, 13), (13, 18), (13, 19), (14, 20), (17, 17), (17, 18), (19, 20)])
([147574], [5, 14, 15, 16, 17, 18, 19, 20], [(5, 20), (5, 15), (5, 15), (14, 16), (14, 18), (14, 19), (15, 20), (16, 18), (16, 19), (17, 17), (17, 18), (19, 20)])
([147579], [7, 14, 15, 16, 17, 18, 19, 20], [(7, 16), (7, 16), (7, 20), (14, 19), (14, 18), (14, 15), (15, 18), (15, 19), (16, 20), (17, 17), (17, 18), (19, 20)])
([147587], [11, 14, 15, 16, 17, 18, 19, 20], [(11, 15), (11, 15), (11, 20), (14, 16), (14, 18), (14, 19), (15, 20), (16, 18), (16, 19), (17, 17), (17, 18), (19, 20)])
([147596], [6, 14, 15, 16, 17, 18, 19, 20], [(6, 16), (6, 16), (6, 20), (14, 18), (14, 19), (14, 15), (15, 18), (15, 19), (16, 20), (17, 17), (17, 18), (19, 20)])
([147598], [9, 14, 15, 16, 17, 18, 19, 20], [(9, 20), (9, 15), (9, 15), (14, 16), (14, 18), (14, 19), (15, 20), (16, 18), (16, 19), (17, 17), (17, 18), (19, 20)])
([147599], [8, 14, 15, 16, 17, 18, 19, 20], [(8, 20), (8, 15), (8, 15), (14, 16), (14, 18), (14, 19), (15, 20), (16, 18), (16, 19), (17, 17), (17, 18), (19, 20)])
([147613], [10, 14, 15, 16, 17, 18, 19, 20], [(10, 16), (10, 16), (10, 20), (14, 18), (14, 19), (14, 15), (15, 18), (15, 19), (16, 20), (17, 17), (17, 18), (19, 20)])
([147633], [4, 12, 13, 14, 17, 18, 19, 20], [(4, 20), (4, 14), (4, 14), (12, 18), (12, 19), (12, 13), (13, 18), (13, 19), (14, 20), (17, 17), (17, 18), (19, 20)])
([147642], [5, 14, 15, 16, 17, 18, 19, 20], [(5, 16), (5, 16), (5, 20), (14, 18), (14, 19), (14, 15), (15, 18), (15, 19), (16, 20), (17, 17), (17, 18), (19, 20)])
([147650], [9, 14, 15, 16, 17, 18, 19, 20], [(9, 20), (9, 15), (9, 15), (14, 16), (14, 19), (14, 18), (15, 20), (16, 18), (16, 19), (17, 17), (17, 18), (19, 20)])
([147660], [5, 14, 15, 16, 17, 18, 19, 20], [(5, 16), (5, 16), (5, 20), (14, 18), (14, 19), (14, 15), (15, 18), (15, 19), (16, 20), (17, 17), (17, 18), (19, 20)])
([147680], [4, 12, 13, 14, 17, 18, 19, 20], [(4, 20), (4, 14), (4, 14), (12, 18), (12, 19), (12, 13), (13, 18), (13, 19), (14, 20), (17, 17), (17, 18), (19, 20)])
([147701], [9, 12, 13, 14, 17, 18, 19, 20], [(9, 20), (9, 14), (9, 14), (12, 18), (12, 19), (12, 13), (13, 18), (13, 19), (14, 20), (17, 17), (17, 18), (19, 20)])
([147705], [6, 12, 13, 14, 17, 18, 19, 20], [(6, 20), (6, 13), (6, 13), (12, 18), (12, 19), (12, 14), (13, 20), (14, 18), (14, 19), (17, 17), (17, 18), (19, 20)])
([147706], [5, 14, 15, 16, 17, 18, 19, 20], [(5, 20), (5, 15), (5, 15), (14, 16), (14, 19), (14, 18), (15, 20), (16, 18), (16, 19), (17, 17), (17, 18), (19, 20)])
([147707], [9, 14, 15, 16, 17, 18, 19, 20], [(9, 20), (9, 15), (9, 15), (14, 16), (14, 19), (14, 18), (15, 20), (16, 18), (16, 19), (17, 17), (17, 18), (19, 20)])
([147711], [9, 14, 15, 16, 17, 18, 19, 20], [(9, 20), (9, 15), (9, 15), (14, 16), (14, 19), (14, 18), (15, 20), (16, 18), (16, 19), (17, 17), (17, 18), (19, 20)])
([147716], [9, 12, 13, 14, 17, 18, 19, 20], [(9, 20), (9, 13), (9, 13), (12, 18), (12, 19), (12, 14), (13, 20), (14, 18), (14, 19), (17, 17), (17, 18), (19, 20)])
([147756], [5, 12, 13, 14, 17, 18, 19, 20], [(5, 20), (5, 14), (5, 14), (12, 18), (12, 19), (12, 13), (13, 18), (13, 19), (14, 20), (17, 17), (17, 18), (19, 20)])
([147769], [8, 12, 13, 14, 17, 18, 19, 20], [(8, 20), (8, 13), (8, 13), (12, 18), (12, 19), (12, 14), (13, 20), (14, 18), (14, 19), (17, 17), (17, 18), (19, 20)])
([147771], [9, 12, 13, 14, 17, 18, 19, 20], [(9, 20), (9, 14), (9, 14), (12, 18), (12, 19), (12, 13), (13, 18), (13, 19), (14, 20), (17, 17), (17, 18), (19, 20)])
([147788], [5, 12, 13, 14, 17, 18, 19, 20], [(5, 20), (5, 14), (5, 14), (12, 18), (12, 19), (12, 13), (13, 18), (13, 19), (14, 20), (17, 17), (17, 18), (19, 20)])
([147802], [8, 12, 13, 14, 17, 18, 19, 20], [(8, 20), (8, 13), (8, 13), (12, 19), (12, 18), (12, 14), (13, 20), (14, 18), (14, 19), (17, 17), (17, 18), (19, 20)])
([147805], [5, 12, 13, 14, 17, 18, 19, 20], [(5, 20), (5, 14), (5, 14), (12, 18), (12, 19), (12, 13), (13, 18), (13, 19), (14, 20), (17, 17), (17, 18), (19, 20)])
([147817], [7, 14, 15, 16, 17, 18, 19, 20], [(7, 20), (7, 15), (7, 15), (14, 16), (14, 18), (14, 19), (15, 20), (16, 18), (16, 19), (17, 17), (17, 18), (19, 20)])
([147818], [5, 12, 13, 14, 17, 18, 19, 20], [(5, 20), (5, 13), (5, 13), (12, 19), (12, 18), (12, 14), (13, 20), (14, 18), (14, 19), (17, 17), (17, 18), (19, 20)])
([147850], [8, 12, 13, 14, 17, 18, 19, 20], [(8, 20), (8, 13), (8, 13), (12, 19), (12, 18), (12, 14), (13, 20), (14, 18), (14, 19), (17, 17), (17, 18), (19, 20)])
([147862], [9, 12, 13, 14, 17, 18, 19, 20], [(9, 20), (9, 13), (9, 13), (12, 19), (12, 18), (12, 14), (13, 20), (14, 18), (14, 19), (17, 17), (17, 18), (19, 20)])
([147886], [7, 12, 13, 14, 17, 18, 19, 20], [(7, 20), (7, 13), (7, 13), (12, 18), (12, 19), (12, 14), (13, 20), (14, 18), (14, 19), (17, 17), (17, 18), (19, 20)])
([147889], [6, 12, 13, 14, 17, 18, 19, 20], [(6, 20), (6, 13), (6, 13), (12, 18), (12, 19), (12, 14), (13, 20), (14, 18), (14, 19), (17, 17), (17, 18), (19, 20)])
([147902], [6, 10, 11, 12, 17, 18, 19, 20], [(6, 11), (6, 11), (6, 20), (10, 18), (10, 19), (10, 12), (11, 20), (12, 19), (12, 18), (17, 17), (17, 18), (19, 20)])
