([544], [5, 7, 14, 15, 16, 17, 19, 20], [(5, 14), (5, 7), (5, 7), (7, 14), (14, 15), (15, 16), (15, 19), (16, 17), (16, 17), (17, 19), (19, 20), (20, 20)])
([650], [5, 7, 12, 13, 16, 17, 19, 20], [(5, 12), (5, 7), (5, 7), (7, 12), (12, 13), (13, 16), (13, 19), (16, 17), (16, 17), (17, 19), (19, 20), (20, 20)])
([651], [3, 5, 12, 13, 16, 17, 19, 20], [(3, 12), (3, 5), (3, 5), (5, 12), (12, 13), (13, 16), (13, 19), (16, 17), (16, 17), (17, 19), (19, 20), (20, 20)])
([1276], [2, 4, 11, 12, 14, 17, 19, 20], [(2, 11), (2, 4), (2, 4), (4, 11), (11, 12), (12, 19), (12, 14), (14, 17), (14, 17), (17, 19), (19, 20), (20, 20)])
([1659], [5, 7, 11, 12, 14, 17, 19, 20], [(5, 11), (5, 7), (5, 7), (7, 11), (11, 12), (12, 19), (12, 14), (14, 17), (14, 17), (17, 19), (19, 20), (20, 20)])
([1741], [2, 4, 12, 13, 15, 17, 19, 20], [(2, 12), (2, 4), (2, 4), (4, 12), (12, 13), (13, 19), (13, 15), (15, 17), (15, 17), (17, 19), (19, 20), (20, 20)])
([2096], [3, 5, 10, 11, 16, 17, 19, 20], [(3, 10), (3, 5), (3, 5), (5, 10), (10, 11), (11, 16), (11, 19), (16, 17), (16, 17), (17, 19), (19, 20), (20, 20)])
([2160], [5, 11, 12, 14, 16, 17, 19, 20], [(5, 16), (5, 16), (5, 11), (11, 16), (11, 12), (12, 19), (12, 14), (14, 17), (14, 17), (17, 19), (19, 20), (20, 20)])
([2233], [2, 4, 11, 12, 14, 16, 17, 18], [(2, 11), (2, 4), (2, 4), (4, 11), (11, 12), (12, 17), (12, 14), (14, 16), (14, 16), (16, 17), (17, 18), (18, 18)])
([2234], [2, 4, 9, 10, 14, 17, 19, 20], [(2, 9), (2, 4), (2, 4), (4, 9), (9, 10), (10, 19), (10, 14), (14, 17), (14, 17), (17, 19), (19, 20), (20, 20)])
([2486], [3, 5, 9, 10, 14, 17, 19, 20], [(3, 9), (3, 5), (3, 5), (5, 9), (9, 10), (10, 19), (10, 14), (14, 17), (14, 17), (17, 19), (19, 20), (20, 20)])
([3066], [2, 4, 10, 11, 15, 17, 19, 20], [(2, 10), (2, 4), (2, 4), (4, 10), (10, 11), (11, 19), (11, 15), (15, 17), (15, 17), (17, 19), (19, 20), (20, 20)])
([3109], [5, 10, 11, 12, 14, 17, 19, 20], [(5, 10), (5, 14), (5, 14), (10, 11), (10, 14), (11, 19), (11, 12), (12, 17), (12, 17), (17, 19), (19, 20), (20, 20)])
([3448], [3, 9, 10, 14, 16, 17, 19, 20], [(3, 16), (3, 16), (3, 9), (9, 16), (9, 10), (10, 19), (10, 14), (14, 17), (14, 17), (17, 19), (19, 20), (20, 20)])
([3556], [5, 7, 10, 11, 13, 17, 19, 20], [(5, 10), (5, 7), (5, 7), (7, 10), (10, 11), (11, 19), (11, 13), (13, 17), (13, 17), (17, 19), (19, 20), (20, 20)])
([4259], [5, 9, 10, 11, 13, 17, 19, 20], [(5, 9), (5, 13), (5, 13), (9, 10), (9, 13), (10, 19), (10, 11), (11, 17), (11, 17), (17, 19), (19, 20), (20, 20)])
([4260], [3, 8, 9, 12, 14, 17, 19, 20], [(3, 8), (3, 14), (3, 14), (8, 9), (8, 14), (9, 19), (9, 12), (12, 17), (12, 17), (17, 19), (19, 20), (20, 20)])
([4261], [5, 10, 11, 12, 15, 18, 19, 20], [(5, 10), (5, 18), (5, 18), (10, 18), (10, 11), (11, 19), (11, 12), (12, 15), (12, 15), (15, 19), (19, 20), (20, 20)])
([4631], [5, 7, 9, 10, 12, 15, 19, 20], [(5, 9), (5, 7), (5, 7), (7, 9), (9, 10), (10, 19), (10, 12), (12, 15), (12, 15), (15, 19), (19, 20), (20, 20)])
([5080], [2, 9, 10, 13, 15, 17, 19, 20], [(2, 9), (2, 15), (2, 15), (9, 10), (9, 15), (10, 19), (10, 13), (13, 17), (13, 17), (17, 19), (19, 20), (20, 20)])
([5385], [2, 4, 9, 10, 13, 17, 19, 20], [(2, 9), (2, 4), (2, 4), (4, 9), (9, 10), (10, 19), (10, 13), (13, 17), (13, 17), (17, 19), (19, 20), (20, 20)])
([5582], [3, 5, 8, 9, 13, 17, 19, 20], [(3, 8), (3, 5), (3, 5), (5, 8), (8, 9), (9, 19), (9, 13), (13, 17), (13, 17), (17, 19), (19, 20), (20, 20)])
([5744], [2, 8, 9, 12, 14, 17, 19, 20], [(2, 8), (2, 14), (2, 14), (8, 9), (8, 14), (9, 19), (9, 12), (12, 17), (12, 17), (17, 19), (19, 20), (20, 20)])
([5874], [2, 4, 9, 10, 14, 16, 17, 18], [(2, 9), (2, 4), (2, 4), (4, 9), (9, 10), (10, 14), (10, 17), (14, 16), (14, 16), (16, 17), (17, 18), (18, 18)])
([6180], [2, 4, 8, 9, 12, 17, 19, 20], [(2, 8), (2, 4), (2, 4), (4, 8), (8, 9), (9, 19), (9, 12), (12, 17), (12, 17), (17, 19), (19, 20), (20, 20)])
([6349], [5, 8, 9, 10, 12, 15, 19, 20], [(5, 8), (5, 12), (5, 12), (8, 9), (8, 12), (9, 10), (9, 19), (10, 15), (10, 15), (15, 19), (19, 20), (20, 20)])
([6350], [3, 7, 8, 11, 13, 17, 19, 20], [(3, 13), (3, 13), (3, 7), (7, 8), (7, 13), (8, 19), (8, 11), (11, 17), (11, 17), (17, 19), (19, 20), (20, 20)])
([6351], [5, 9, 10, 11, 15, 18, 19, 20], [(5, 9), (5, 18), (5, 18), (9, 10), (9, 18), (10, 19), (10, 11), (11, 15), (11, 15), (15, 19), (19, 20), (20, 20)])
([6493], [3, 8, 9, 12, 15, 18, 19, 20], [(3, 8), (3, 18), (3, 18), (8, 9), (8, 18), (9, 19), (9, 12), (12, 15), (12, 15), (15, 19), (19, 20), (20, 20)])
([7947], [2, 4, 7, 8, 11, 17, 19, 20], [(2, 4), (2, 4), (2, 7), (4, 7), (7, 8), (8, 19), (8, 11), (11, 17), (11, 17), (17, 19), (19, 20), (20, 20)])
([8287], [2, 4, 8, 9, 12, 16, 17, 18], [(2, 8), (2, 4), (2, 4), (4, 8), (8, 9), (9, 17), (9, 12), (12, 16), (12, 16), (16, 17), (17, 18), (18, 18)])
([8514], [2, 4, 8, 9, 12, 17, 19, 20], [(2, 8), (2, 4), (2, 4), (4, 8), (8, 9), (9, 19), (9, 12), (12, 17), (12, 17), (17, 19), (19, 20), (20, 20)])
([9154], [2, 8, 9, 11, 13, 17, 19, 20], [(2, 8), (2, 13), (2, 13), (8, 9), (8, 13), (9, 19), (9, 11), (11, 17), (11, 17), (17, 19), (19, 20), (20, 20)])
([9193], [2, 8, 9, 12, 14, 16, 17, 18], [(2, 8), (2, 14), (2, 14), (8, 9), (8, 14), (9, 17), (9, 12), (12, 16), (12, 16), (16, 17), (17, 18), (18, 18)])
([9194], [2, 7, 8, 10, 12, 17, 19, 20], [(2, 12), (2, 12), (2, 7), (7, 8), (7, 12), (8, 10), (8, 19), (10, 17), (10, 17), (17, 19), (19, 20), (20, 20)])
([9352], [5, 7, 9, 10, 12, 16, 19, 20], [(5, 9), (5, 7), (5, 7), (7, 9), (9, 10), (10, 19), (10, 12), (12, 16), (12, 16), (16, 19), (19, 20), (20, 20)])
([9353], [3, 5, 7, 8, 12, 15, 19, 20], [(3, 5), (3, 5), (3, 7), (5, 7), (7, 8), (8, 19), (8, 12), (12, 15), (12, 15), (15, 19), (19, 20), (20, 20)])
([9354], [5, 6, 8, 9, 11, 14, 19, 20], [(5, 8), (5, 6), (5, 6), (6, 8), (8, 9), (9, 19), (9, 11), (11, 14), (11, 14), (14, 19), (19, 20), (20, 20)])
([10390], [3, 7, 8, 11, 15, 18, 19, 20], [(3, 18), (3, 18), (3, 7), (7, 8), (7, 18), (8, 19), (8, 11), (11, 15), (11, 15), (15, 19), (19, 20), (20, 20)])
([10568], [3, 4, 6, 7, 11, 14, 19, 20], [(3, 4), (3, 4), (3, 6), (4, 6), (6, 7), (7, 19), (7, 11), (11, 14), (11, 14), (14, 19), (19, 20), (20, 20)])
([10683], [5, 8, 9, 10, 12, 16, 19, 20], [(5, 8), (5, 12), (5, 12), (8, 9), (8, 12), (9, 10), (9, 19), (10, 16), (10, 16), (16, 19), (19, 20), (20, 20)])
([10684], [3, 6, 7, 10, 12, 15, 19, 20], [(3, 12), (3, 12), (3, 6), (6, 12), (6, 7), (7, 10), (7, 19), (10, 15), (10, 15), (15, 19), (19, 20), (20, 20)])
([10685], [5, 7, 8, 9, 11, 14, 19, 20], [(5, 11), (5, 11), (5, 7), (7, 8), (7, 11), (8, 9), (8, 19), (9, 14), (9, 14), (14, 19), (19, 20), (20, 20)])
([10686], [5, 8, 9, 10, 13, 16, 19, 20], [(5, 8), (5, 16), (5, 16), (8, 16), (8, 9), (9, 10), (9, 19), (10, 13), (10, 13), (13, 19), (19, 20), (20, 20)])
([10793], [2, 7, 8, 10, 12, 17, 19, 20], [(2, 12), (2, 12), (2, 7), (7, 8), (7, 12), (8, 10), (8, 19), (10, 17), (10, 17), (17, 19), (19, 20), (20, 20)])
([10794], [2, 8, 9, 11, 15, 18, 19, 20], [(2, 8), (2, 18), (2, 18), (8, 9), (8, 18), (9, 19), (9, 11), (11, 15), (11, 15), (15, 19), (19, 20), (20, 20)])
([11214], [2, 4, 7, 8, 11, 16, 17, 18], [(2, 4), (2, 4), (2, 7), (4, 7), (7, 8), (8, 17), (8, 11), (11, 16), (11, 16), (16, 17), (17, 18), (18, 18)])
([11215], [2, 7, 8, 10, 12, 16, 17, 18], [(2, 12), (2, 12), (2, 7), (7, 8), (7, 12), (8, 17), (8, 10), (10, 16), (10, 16), (16, 17), (17, 18), (18, 18)])
([11426], [2, 6, 7, 9, 11, 17, 19, 20], [(2, 11), (2, 11), (2, 6), (6, 11), (6, 7), (7, 9), (7, 19), (9, 17), (9, 17), (17, 19), (19, 20), (20, 20)])
([11427], [2, 7, 8, 10, 15, 18, 19, 20], [(2, 18), (2, 18), (2, 7), (7, 8), (7, 18), (8, 10), (8, 19), (10, 15), (10, 15), (15, 19), (19, 20), (20, 20)])
([12775], [2, 4, 6, 7, 10, 15, 19, 20], [(2, 4), (2, 4), (2, 6), (4, 6), (6, 7), (7, 10), (7, 19), (10, 15), (10, 15), (15, 19), (19, 20), (20, 20)])
([13652], [3, 5, 7, 8, 12, 16, 19, 20], [(3, 5), (3, 5), (3, 7), (5, 7), (7, 8), (8, 19), (8, 12), (12, 16), (12, 16), (16, 19), (19, 20), (20, 20)])
([14363], [5, 9, 10, 11, 14, 17, 18, 20], [(5, 9), (5, 20), (5, 20), (9, 10), (9, 20), (10, 11), (10, 17), (11, 14), (11, 14), (14, 17), (17, 18), (18, 18)])
([14981], [2, 4, 7, 8, 11, 15, 19, 20], [(2, 4), (2, 4), (2, 7), (4, 7), (7, 8), (8, 19), (8, 11), (11, 15), (11, 15), (15, 19), (19, 20), (20, 20)])
([16248], [2, 4, 6, 7, 10, 14, 17, 18], [(2, 4), (2, 4), (2, 6), (4, 6), (6, 7), (7, 17), (7, 10), (10, 14), (10, 14), (14, 17), (17, 18), (18, 18)])
([16249], [2, 6, 7, 9, 11, 16, 17, 18], [(2, 11), (2, 11), (2, 6), (6, 11), (6, 7), (7, 9), (7, 17), (9, 16), (9, 16), (16, 17), (17, 18), (18, 18)])
([17107], [2, 4, 6, 7, 10, 16, 19, 20], [(2, 4), (2, 4), (2, 6), (4, 6), (6, 7), (7, 10), (7, 19), (10, 16), (10, 16), (16, 19), (19, 20), (20, 20)])
([17324], [5, 8, 9, 10, 12, 17, 18, 20], [(5, 8), (5, 20), (5, 20), (8, 9), (8, 20), (9, 17), (9, 10), (10, 12), (10, 12), (12, 17), (17, 18), (18, 18)])
([17441], [3, 7, 8, 11, 14, 17, 18, 20], [(3, 20), (3, 20), (3, 7), (7, 8), (7, 20), (8, 17), (8, 11), (11, 14), (11, 14), (14, 17), (17, 18), (18, 18)])
([17797], [2, 6, 7, 9, 11, 15, 19, 20], [(2, 11), (2, 11), (2, 6), (6, 11), (6, 7), (7, 9), (7, 19), (9, 15), (9, 15), (15, 19), (19, 20), (20, 20)])
([17845], [2, 4, 7, 8, 11, 16, 19, 20], [(2, 4), (2, 4), (2, 7), (4, 7), (7, 8), (8, 19), (8, 11), (11, 16), (11, 16), (16, 19), (19, 20), (20, 20)])
([18130], [2, 6, 7, 9, 15, 18, 19, 20], [(2, 18), (2, 18), (2, 6), (6, 18), (6, 7), (7, 9), (7, 19), (9, 15), (9, 15), (15, 19), (19, 20), (20, 20)])
([18131], [2, 7, 8, 10, 14, 16, 17, 18], [(2, 16), (2, 16), (2, 7), (7, 8), (7, 16), (8, 17), (8, 10), (10, 14), (10, 14), (14, 17), (17, 18), (18, 18)])
([18439], [5, 8, 9, 10, 14, 17, 19, 20], [(5, 17), (5, 17), (5, 8), (8, 9), (8, 17), (9, 10), (9, 19), (10, 14), (10, 14), (14, 19), (19, 20), (20, 20)])
([18588], [2, 5, 6, 8, 10, 15, 19, 20], [(2, 10), (2, 10), (2, 5), (5, 10), (5, 6), (6, 8), (6, 19), (8, 15), (8, 15), (15, 19), (19, 20), (20, 20)])
([18884], [3, 6, 7, 10, 13, 16, 19, 20], [(3, 16), (3, 16), (3, 6), (6, 16), (6, 7), (7, 10), (7, 19), (10, 13), (10, 13), (13, 19), (19, 20), (20, 20)])
([20592], [2, 3, 6, 7, 10, 14, 19, 20], [(2, 3), (2, 3), (2, 6), (3, 6), (6, 7), (7, 10), (7, 19), (10, 14), (10, 14), (14, 19), (19, 20), (20, 20)])
([20846], [2, 7, 8, 10, 15, 18, 19, 20], [(2, 18), (2, 18), (2, 7), (7, 8), (7, 18), (8, 10), (8, 19), (10, 15), (10, 15), (15, 19), (19, 20), (20, 20)])
([20937], [2, 3, 5, 6, 9, 14, 19, 20], [(2, 3), (2, 3), (2, 5), (3, 5), (5, 6), (6, 9), (6, 19), (9, 14), (9, 14), (14, 19), (19, 20), (20, 20)])
([21227], [3, 6, 7, 10, 12, 16, 19, 20], [(3, 12), (3, 12), (3, 6), (6, 12), (6, 7), (7, 10), (7, 19), (10, 16), (10, 16), (16, 19), (19, 20), (20, 20)])
([21228], [3, 5, 6, 9, 11, 14, 19, 20], [(3, 11), (3, 11), (3, 5), (5, 11), (5, 6), (6, 9), (6, 19), (9, 14), (9, 14), (14, 19), (19, 20), (20, 20)])
([21866], [5, 7, 8, 9, 12, 15, 19, 20], [(5, 15), (5, 15), (5, 7), (7, 8), (7, 15), (8, 9), (8, 19), (9, 12), (9, 12), (12, 19), (19, 20), (20, 20)])
([22377], [2, 5, 6, 8, 10, 14, 19, 20], [(2, 10), (2, 10), (2, 5), (5, 10), (5, 6), (6, 8), (6, 19), (8, 14), (8, 14), (14, 19), (19, 20), (20, 20)])
([22729], [5, 7, 8, 9, 11, 17, 18, 20], [(5, 20), (5, 20), (5, 7), (7, 20), (7, 8), (8, 9), (8, 17), (9, 11), (9, 11), (11, 17), (17, 18), (18, 18)])
([23916], [2, 7, 8, 10, 14, 17, 18, 20], [(2, 20), (2, 20), (2, 7), (7, 8), (7, 20), (8, 17), (8, 10), (10, 14), (10, 14), (14, 17), (17, 18), (18, 18)])
([23917], [2, 6, 7, 9, 13, 16, 19, 20], [(2, 16), (2, 16), (2, 6), (6, 16), (6, 7), (7, 9), (7, 19), (9, 13), (9, 13), (13, 19), (19, 20), (20, 20)])
([25616], [3, 5, 6, 9, 12, 15, 19, 20], [(3, 5), (3, 15), (3, 15), (5, 6), (5, 15), (6, 9), (6, 19), (9, 12), (9, 12), (12, 19), (19, 20), (20, 20)])
([25789], [3, 6, 7, 10, 12, 17, 18, 20], [(3, 20), (3, 20), (3, 6), (6, 20), (6, 7), (7, 17), (7, 10), (10, 12), (10, 12), (12, 17), (17, 18), (18, 18)])
([27236], [2, 6, 7, 9, 14, 17, 18, 20], [(2, 20), (2, 20), (2, 6), (6, 20), (6, 7), (7, 9), (7, 17), (9, 14), (9, 14), (14, 17), (17, 18), (18, 18)])
([27737], [2, 5, 6, 8, 10, 16, 19, 20], [(2, 10), (2, 10), (2, 5), (5, 10), (5, 6), (6, 8), (6, 19), (8, 16), (8, 16), (16, 19), (19, 20), (20, 20)])
([27980], [2, 5, 6, 8, 13, 16, 19, 20], [(2, 16), (2, 16), (2, 5), (5, 16), (5, 6), (6, 8), (6, 19), (8, 13), (8, 13), (13, 19), (19, 20), (20, 20)])
([28196], [2, 5, 6, 8, 10, 14, 17, 18], [(2, 10), (2, 10), (2, 5), (5, 10), (5, 6), (6, 8), (6, 17), (8, 14), (8, 14), (14, 17), (17, 18), (18, 18)])
([28607], [2, 6, 7, 9, 11, 16, 19, 20], [(2, 11), (2, 11), (2, 6), (6, 11), (6, 7), (7, 9), (7, 19), (9, 16), (9, 16), (16, 19), (19, 20), (20, 20)])
([28740], [5, 8, 9, 10, 13, 17, 18, 20], [(5, 8), (5, 20), (5, 20), (8, 9), (8, 20), (9, 17), (9, 10), (10, 13), (10, 13), (13, 17), (17, 18), (18, 18)])
([28741], [5, 8, 9, 10, 12, 13, 18, 19], [(5, 8), (5, 12), (5, 12), (8, 9), (8, 12), (9, 10), (9, 18), (10, 13), (10, 13), (13, 18), (18, 19), (19, 19)])
([28825], [2, 4, 6, 7, 10, 15, 17, 18], [(2, 4), (2, 4), (2, 6), (4, 6), (6, 7), (7, 17), (7, 10), (10, 15), (10, 15), (15, 17), (17, 18), (18, 18)])
([29439], [3, 6, 7, 10, 14, 17, 19, 20], [(3, 17), (3, 17), (3, 6), (6, 17), (6, 7), (7, 10), (7, 19), (10, 14), (10, 14), (14, 19), (19, 20), (20, 20)])
([29464], [2, 4, 5, 7, 9, 14, 19, 20], [(2, 9), (2, 9), (2, 4), (4, 9), (4, 5), (5, 19), (5, 7), (7, 14), (7, 14), (14, 19), (19, 20), (20, 20)])
([29786], [2, 6, 7, 9, 14, 16, 17, 18], [(2, 16), (2, 16), (2, 6), (6, 16), (6, 7), (7, 9), (7, 17), (9, 14), (9, 14), (14, 17), (17, 18), (18, 18)])
([30132], [2, 3, 5, 6, 9, 13, 17, 18], [(2, 3), (2, 3), (2, 5), (3, 5), (5, 6), (6, 9), (6, 17), (9, 13), (9, 13), (13, 17), (17, 18), (18, 18)])
([31898], [2, 5, 6, 8, 14, 17, 19, 20], [(2, 17), (2, 17), (2, 5), (5, 17), (5, 6), (6, 8), (6, 19), (8, 14), (8, 14), (14, 19), (19, 20), (20, 20)])
([32711], [2, 6, 7, 9, 14, 17, 19, 20], [(2, 17), (2, 17), (2, 6), (6, 17), (6, 7), (7, 9), (7, 19), (9, 14), (9, 14), (14, 19), (19, 20), (20, 20)])
([33410], [2, 5, 6, 8, 12, 17, 18, 20], [(2, 20), (2, 20), (2, 5), (5, 20), (5, 6), (6, 8), (6, 17), (8, 12), (8, 12), (12, 17), (17, 18), (18, 18)])
([33411], [2, 6, 7, 9, 13, 15, 16, 18], [(2, 18), (2, 18), (2, 6), (6, 18), (6, 7), (7, 9), (7, 15), (9, 13), (9, 13), (13, 15), (15, 16), (16, 16)])
([35028], [3, 6, 7, 10, 12, 13, 18, 19], [(3, 12), (3, 12), (3, 6), (6, 12), (6, 7), (7, 10), (7, 18), (10, 13), (10, 13), (13, 18), (18, 19), (19, 19)])
([35341], [3, 6, 7, 10, 13, 17, 18, 20], [(3, 20), (3, 20), (3, 6), (6, 20), (6, 7), (7, 17), (7, 10), (10, 13), (10, 13), (13, 17), (17, 18), (18, 18)])
([36313], [2, 5, 6, 8, 12, 15, 19, 20], [(2, 5), (2, 15), (2, 15), (5, 6), (5, 15), (6, 8), (6, 19), (8, 12), (8, 12), (12, 19), (19, 20), (20, 20)])
([36449], [2, 4, 5, 7, 12, 15, 19, 20], [(2, 4), (2, 15), (2, 15), (4, 5), (4, 15), (5, 19), (5, 7), (7, 12), (7, 12), (12, 19), (19, 20), (20, 20)])
([36651], [5, 7, 8, 9, 11, 12, 18, 19], [(5, 11), (5, 11), (5, 7), (7, 8), (7, 11), (8, 9), (8, 18), (9, 12), (9, 12), (12, 18), (18, 19), (19, 19)])
([36652], [3, 5, 6, 9, 11, 17, 18, 20], [(3, 20), (3, 20), (3, 5), (5, 20), (5, 6), (6, 9), (6, 17), (9, 11), (9, 11), (11, 17), (17, 18), (18, 18)])
([37133], [2, 5, 6, 8, 10, 15, 17, 18], [(2, 5), (2, 10), (2, 10), (5, 10), (5, 6), (6, 8), (6, 17), (8, 15), (8, 15), (15, 17), (17, 18), (18, 18)])
([37134], [2, 4, 5, 7, 9, 13, 17, 18], [(2, 9), (2, 9), (2, 4), (4, 9), (4, 5), (5, 17), (5, 7), (7, 13), (7, 13), (13, 17), (17, 18), (18, 18)])
([37135], [2, 5, 6, 8, 12, 14, 17, 18], [(2, 5), (2, 14), (2, 14), (5, 14), (5, 6), (6, 8), (6, 17), (8, 12), (8, 12), (12, 17), (17, 18), (18, 18)])
([40288], [2, 6, 7, 9, 12, 17, 18, 20], [(2, 20), (2, 20), (2, 6), (6, 20), (6, 7), (7, 9), (7, 17), (9, 12), (9, 12), (12, 17), (17, 18), (18, 18)])
([41969], [5, 8, 9, 10, 13, 14, 18, 19], [(5, 8), (5, 13), (5, 13), (8, 9), (8, 13), (9, 10), (9, 18), (10, 14), (10, 14), (14, 18), (18, 19), (19, 19)])
([44696], [2, 5, 6, 8, 12, 13, 18, 19], [(2, 12), (2, 12), (2, 5), (5, 12), (5, 6), (6, 8), (6, 18), (8, 13), (8, 13), (13, 18), (18, 19), (19, 19)])
([45629], [2, 6, 7, 9, 12, 13, 18, 19], [(2, 12), (2, 12), (2, 6), (6, 12), (6, 7), (7, 9), (7, 18), (9, 13), (9, 13), (13, 18), (18, 19), (19, 19)])
([48287], [2, 5, 6, 8, 11, 17, 18, 20], [(2, 20), (2, 20), (2, 5), (5, 20), (5, 6), (6, 8), (6, 17), (8, 11), (8, 11), (11, 17), (17, 18), (18, 18)])
([48636], [2, 5, 6, 8, 13, 15, 17, 18], [(2, 5), (2, 15), (2, 15), (5, 6), (5, 15), (6, 8), (6, 17), (8, 13), (8, 13), (13, 17), (17, 18), (18, 18)])
([50095], [2, 4, 5, 7, 11, 13, 17, 18], [(2, 4), (2, 13), (2, 13), (4, 5), (4, 13), (5, 17), (5, 7), (7, 11), (7, 11), (11, 17), (17, 18), (18, 18)])
([50144], [3, 6, 7, 10, 13, 14, 18, 19], [(3, 13), (3, 13), (3, 6), (6, 13), (6, 7), (7, 10), (7, 18), (10, 14), (10, 14), (14, 18), (18, 19), (19, 19)])
([50145], [5, 8, 9, 10, 11, 14, 18, 19], [(5, 8), (5, 8), (5, 9), (8, 9), (9, 10), (10, 18), (10, 11), (11, 14), (11, 14), (14, 18), (18, 19), (19, 19)])
([50620], [2, 5, 6, 8, 13, 17, 18, 20], [(2, 20), (2, 20), (2, 5), (5, 20), (5, 6), (6, 8), (6, 17), (8, 13), (8, 13), (13, 17), (17, 18), (18, 18)])
([50621], [2, 5, 6, 8, 11, 15, 16, 18], [(2, 18), (2, 18), (2, 5), (5, 18), (5, 6), (6, 8), (6, 15), (8, 11), (8, 11), (11, 15), (15, 16), (16, 16)])
([50622], [2, 4, 5, 7, 11, 17, 18, 20], [(2, 20), (2, 20), (2, 4), (4, 20), (4, 5), (5, 17), (5, 7), (7, 11), (7, 11), (11, 17), (17, 18), (18, 18)])
([51774], [10, 11, 15, 16, 17, 18, 19, 20], [(10, 18), (10, 18), (10, 20), (11, 16), (11, 17), (11, 17), (15, 16), (15, 15), (16, 19), (17, 19), (18, 20), (19, 20)])
([53679], [2, 6, 7, 9, 13, 17, 18, 20], [(2, 20), (2, 20), (2, 6), (6, 20), (6, 7), (7, 9), (7, 17), (9, 13), (9, 13), (13, 17), (17, 18), (18, 18)])
([54855], [3, 5, 6, 9, 11, 12, 18, 19], [(3, 11), (3, 11), (3, 5), (5, 6), (5, 11), (6, 9), (6, 18), (9, 12), (9, 12), (12, 18), (18, 19), (19, 19)])
([56951], [2, 6, 7, 9, 13, 14, 18, 19], [(2, 13), (2, 13), (2, 6), (6, 13), (6, 7), (7, 9), (7, 18), (9, 14), (9, 14), (14, 18), (18, 19), (19, 19)])
([56952], [2, 5, 6, 8, 13, 14, 18, 19], [(2, 5), (2, 13), (2, 13), (5, 6), (5, 13), (6, 8), (6, 18), (8, 14), (8, 14), (14, 18), (18, 19), (19, 19)])
([56953], [3, 6, 7, 8, 11, 14, 18, 19], [(3, 6), (3, 6), (3, 7), (6, 7), (7, 8), (8, 18), (8, 11), (11, 14), (11, 14), (14, 18), (18, 19), (19, 19)])
([62051], [8, 9, 15, 16, 17, 18, 19, 20], [(8, 18), (8, 18), (8, 20), (9, 16), (9, 17), (9, 17), (15, 16), (15, 15), (16, 19), (17, 19), (18, 20), (19, 20)])
([63926], [2, 5, 6, 8, 11, 12, 18, 19], [(2, 11), (2, 11), (2, 5), (5, 6), (5, 11), (6, 8), (6, 18), (8, 12), (8, 12), (12, 18), (18, 19), (19, 19)])
([63927], [2, 4, 5, 7, 11, 12, 18, 19], [(2, 11), (2, 11), (2, 4), (4, 5), (4, 11), (5, 18), (5, 7), (7, 12), (7, 12), (12, 18), (18, 19), (19, 19)])
([64555], [2, 5, 6, 8, 11, 12, 16, 17], [(2, 11), (2, 11), (2, 5), (5, 11), (5, 6), (6, 8), (6, 16), (8, 12), (8, 12), (12, 16), (16, 17), (17, 17)])
([66581], [9, 12, 15, 16, 17, 18, 19, 20], [(9, 16), (9, 17), (9, 17), (12, 18), (12, 18), (12, 20), (15, 16), (15, 15), (16, 19), (17, 19), (18, 20), (19, 20)])
([66667], [2, 4, 5, 7, 10, 15, 16, 18], [(2, 18), (2, 18), (2, 4), (4, 18), (4, 5), (5, 15), (5, 7), (7, 10), (7, 10), (10, 15), (15, 16), (16, 16)])
([68428], [8, 9, 15, 16, 17, 18, 19, 20], [(8, 18), (8, 18), (8, 20), (9, 16), (9, 17), (9, 17), (15, 16), (15, 15), (16, 19), (17, 19), (18, 20), (19, 20)])
([69886], [2, 5, 6, 8, 12, 15, 16, 18], [(2, 18), (2, 18), (2, 5), (5, 18), (5, 6), (6, 8), (6, 15), (8, 12), (8, 12), (12, 15), (15, 16), (16, 16)])
([70733], [9, 10, 15, 16, 17, 18, 19, 20], [(9, 18), (9, 18), (9, 20), (10, 16), (10, 17), (10, 17), (15, 16), (15, 15), (16, 19), (17, 19), (18, 20), (19, 20)])
([71435], [10, 13, 15, 16, 17, 18, 19, 20], [(10, 16), (10, 17), (10, 17), (13, 18), (13, 18), (13, 20), (15, 16), (15, 15), (16, 19), (17, 19), (18, 20), (19, 20)])
([71436], [10, 11, 15, 16, 17, 18, 19, 20], [(10, 20), (10, 18), (10, 18), (11, 16), (11, 17), (11, 17), (15, 16), (15, 15), (16, 19), (17, 19), (18, 20), (19, 20)])
([71437], [11, 12, 15, 16, 17, 18, 19, 20], [(11, 18), (11, 18), (11, 20), (12, 16), (12, 17), (12, 17), (15, 16), (15, 15), (16, 19), (17, 19), (18, 20), (19, 20)])
([72031], [8, 11, 15, 16, 17, 18, 19, 20], [(8, 11), (8, 11), (8, 16), (11, 16), (15, 17), (15, 18), (15, 18), (16, 17), (17, 20), (18, 20), (19, 19), (19, 20)])
([73754], [2, 5, 6, 8, 12, 13, 16, 17], [(2, 12), (2, 12), (2, 5), (5, 12), (5, 6), (6, 8), (6, 16), (8, 13), (8, 13), (13, 16), (16, 17), (17, 17)])
([74560], [7, 9, 15, 16, 17, 18, 19, 20], [(7, 16), (7, 9), (7, 9), (9, 16), (15, 17), (15, 18), (15, 18), (16, 17), (17, 20), (18, 20), (19, 19), (19, 20)])
([74606], [8, 9, 15, 16, 17, 18, 19, 20], [(8, 20), (8, 18), (8, 18), (9, 16), (9, 17), (9, 17), (15, 16), (15, 15), (16, 19), (17, 19), (18, 20), (19, 20)])
([75521], [2, 6, 7, 8, 10, 14, 18, 19], [(2, 6), (2, 6), (2, 7), (6, 7), (7, 8), (8, 10), (8, 18), (10, 14), (10, 14), (14, 18), (18, 19), (19, 19)])
([76235], [11, 12, 15, 16, 17, 18, 19, 20], [(11, 20), (11, 18), (11, 18), (12, 16), (12, 17), (12, 17), (15, 16), (15, 15), (16, 19), (17, 19), (18, 20), (19, 20)])
([76342], [8, 13, 15, 16, 17, 18, 19, 20], [(8, 16), (8, 17), (8, 17), (13, 18), (13, 18), (13, 20), (15, 16), (15, 15), (16, 19), (17, 19), (18, 20), (19, 20)])
([76938], [2, 5, 6, 7, 9, 14, 18, 19], [(2, 5), (2, 5), (2, 6), (5, 6), (6, 7), (7, 9), (7, 18), (9, 14), (9, 14), (14, 18), (18, 19), (19, 19)])
([77236], [7, 8, 15, 16, 17, 18, 19, 20], [(7, 18), (7, 18), (7, 20), (8, 16), (8, 17), (8, 17), (15, 16), (15, 15), (16, 19), (17, 19), (18, 20), (19, 20)])
([77237], [7, 8, 15, 16, 17, 18, 19, 20], [(7, 20), (7, 18), (7, 18), (8, 16), (8, 17), (8, 17), (15, 16), (15, 15), (16, 19), (17, 19), (18, 20), (19, 20)])
([77238], [9, 10, 15, 16, 17, 18, 19, 20], [(9, 18), (9, 18), (9, 20), (10, 16), (10, 17), (10, 17), (15, 16), (15, 15), (16, 19), (17, 19), (18, 20), (19, 20)])
([77239], [6, 7, 15, 16, 17, 18, 19, 20], [(6, 18), (6, 18), (6, 20), (7, 16), (7, 17), (7, 17), (15, 16), (15, 15), (16, 19), (17, 19), (18, 20), (19, 20)])
([77240], [7, 12, 15, 16, 17, 18, 19, 20], [(7, 16), (7, 17), (7, 17), (12, 18), (12, 18), (12, 20), (15, 16), (15, 15), (16, 19), (17, 19), (18, 20), (19, 20)])
([78137], [9, 13, 15, 16, 17, 18, 19, 20], [(9, 16), (9, 17), (9, 17), (13, 18), (13, 18), (13, 20), (15, 16), (15, 15), (16, 19), (17, 19), (18, 20), (19, 20)])
([81386], [10, 11, 15, 16, 17, 18, 19, 20], [(10, 16), (10, 11), (10, 11), (11, 16), (15, 17), (15, 18), (15, 18), (16, 17), (17, 20), (18, 20), (19, 19), (19, 20)])
([83315], [2, 4, 5, 7, 10, 11, 16, 17], [(2, 10), (2, 10), (2, 4), (4, 10), (4, 5), (5, 16), (5, 7), (7, 11), (7, 11), (11, 16), (16, 17), (17, 17)])
([85643], [7, 12, 15, 16, 17, 18, 19, 20], [(7, 16), (7, 17), (7, 17), (12, 18), (12, 18), (12, 20), (15, 16), (15, 15), (16, 19), (17, 19), (18, 20), (19, 20)])
([86005], [8, 11, 15, 16, 17, 18, 19, 20], [(8, 11), (8, 11), (8, 16), (11, 16), (15, 17), (15, 18), (15, 18), (16, 17), (17, 20), (18, 20), (19, 19), (19, 20)])
([88350], [8, 10, 15, 16, 17, 18, 19, 20], [(8, 16), (8, 10), (8, 10), (10, 16), (15, 17), (15, 18), (15, 18), (16, 17), (17, 20), (18, 20), (19, 19), (19, 20)])
([88351], [9, 10, 15, 16, 17, 18, 19, 20], [(9, 16), (9, 10), (9, 10), (10, 16), (15, 17), (15, 18), (15, 18), (16, 17), (17, 20), (18, 20), (19, 19), (19, 20)])
([89421], [8, 12, 15, 16, 17, 18, 19, 20], [(8, 16), (8, 17), (8, 17), (12, 18), (12, 18), (12, 20), (15, 16), (15, 15), (16, 19), (17, 19), (18, 20), (19, 20)])
([89422], [10, 12, 15, 16, 17, 18, 19, 20], [(10, 16), (10, 17), (10, 17), (12, 18), (12, 18), (12, 20), (15, 16), (15, 15), (16, 19), (17, 19), (18, 20), (19, 20)])
([89668], [9, 10, 15, 16, 17, 18, 19, 20], [(9, 18), (9, 18), (9, 20), (10, 16), (10, 17), (10, 17), (15, 16), (15, 15), (16, 19), (17, 19), (18, 20), (19, 20)])
([89762], [10, 11, 15, 16, 17, 18, 19, 20], [(10, 18), (10, 18), (10, 20), (11, 16), (11, 17), (11, 17), (15, 16), (15, 15), (16, 19), (17, 19), (18, 20), (19, 20)])
([90061], [10, 12, 15, 16, 17, 18, 19, 20], [(10, 16), (10, 17), (10, 17), (12, 18), (12, 18), (12, 20), (15, 16), (15, 15), (16, 19), (17, 19), (18, 20), (19, 20)])
([90062], [8, 9, 15, 16, 17, 18, 19, 20], [(8, 18), (8, 18), (8, 20), (9, 16), (9, 17), (9, 17), (15, 16), (15, 15), (16, 19), (17, 19), (18, 20), (19, 20)])
([90063], [11, 12, 15, 16, 17, 18, 19, 20], [(11, 18), (11, 18), (11, 20), (12, 16), (12, 17), (12, 17), (15, 16), (15, 15), (16, 19), (17, 19), (18, 20), (19, 20)])
([90142], [11, 13, 15, 16, 17, 18, 19, 20], [(11, 16), (11, 17), (11, 17), (13, 18), (13, 18), (13, 20), (15, 16), (15, 15), (16, 19), (17, 19), (18, 20), (19, 20)])
([90196], [9, 10, 15, 16, 17, 18, 19, 20], [(9, 18), (9, 18), (9, 20), (10, 16), (10, 17), (10, 17), (15, 16), (15, 15), (16, 19), (17, 19), (18, 20), (19, 20)])
([90523], [8, 12, 15, 16, 17, 18, 19, 20], [(8, 16), (8, 17), (8, 17), (12, 18), (12, 18), (12, 20), (15, 16), (15, 15), (16, 19), (17, 19), (18, 20), (19, 20)])
([91269], [8, 9, 15, 16, 17, 18, 19, 20], [(8, 18), (8, 18), (8, 20), (9, 16), (9, 17), (9, 17), (15, 16), (15, 15), (16, 19), (17, 19), (18, 20), (19, 20)])
([92844], [7, 8, 15, 16, 17, 18, 19, 20], [(7, 20), (7, 18), (7, 18), (8, 16), (8, 17), (8, 17), (15, 16), (15, 15), (16, 19), (17, 19), (18, 20), (19, 20)])
([92873], [6, 11, 15, 16, 17, 18, 19, 20], [(6, 16), (6, 11), (6, 11), (11, 16), (15, 17), (15, 18), (15, 18), (16, 17), (17, 20), (18, 20), (19, 19), (19, 20)])
([93250], [8, 12, 15, 16, 17, 18, 19, 20], [(8, 16), (8, 17), (8, 17), (12, 18), (12, 18), (12, 20), (15, 16), (15, 15), (16, 19), (17, 19), (18, 20), (19, 20)])
([94200], [5, 12, 15, 16, 17, 18, 19, 20], [(5, 16), (5, 17), (5, 17), (12, 18), (12, 18), (12, 20), (15, 16), (15, 15), (16, 19), (17, 19), (18, 20), (19, 20)])
([94434], [7, 8, 15, 16, 17, 18, 19, 20], [(7, 18), (7, 18), (7, 20), (8, 16), (8, 17), (8, 17), (15, 16), (15, 15), (16, 19), (17, 19), (18, 20), (19, 20)])
([94828], [9, 10, 15, 16, 17, 18, 19, 20], [(9, 20), (9, 18), (9, 18), (10, 16), (10, 17), (10, 17), (15, 16), (15, 15), (16, 19), (17, 19), (18, 20), (19, 20)])
([95040], [7, 10, 15, 16, 17, 18, 19, 20], [(7, 16), (7, 10), (7, 10), (10, 16), (15, 17), (15, 18), (15, 18), (16, 17), (17, 20), (18, 20), (19, 20), (19, 19)])
([95246], [6, 12, 15, 16, 17, 18, 19, 20], [(6, 16), (6, 17), (6, 17), (12, 18), (12, 18), (12, 20), (15, 16), (15, 15), (16, 19), (17, 19), (18, 20), (19, 20)])
([95247], [9, 12, 15, 16, 17, 18, 19, 20], [(9, 16), (9, 17), (9, 17), (12, 18), (12, 18), (12, 20), (15, 16), (15, 15), (16, 19), (17, 19), (18, 20), (19, 20)])
([95773], [2, 5, 6, 7, 9, 13, 16, 17], [(2, 5), (2, 5), (2, 6), (5, 6), (6, 7), (7, 16), (7, 9), (9, 13), (9, 13), (13, 16), (16, 17), (17, 17)])
([95832], [11, 12, 15, 16, 17, 18, 19, 20], [(11, 16), (11, 17), (11, 17), (12, 18), (12, 18), (12, 20), (15, 16), (15, 15), (16, 19), (17, 19), (18, 20), (19, 20)])
([96428], [6, 10, 15, 16, 17, 18, 19, 20], [(6, 16), (6, 17), (6, 17), (10, 18), (10, 18), (10, 20), (15, 16), (15, 15), (16, 19), (17, 19), (18, 20), (19, 20)])
([96429], [8, 12, 15, 16, 17, 18, 19, 20], [(8, 16), (8, 17), (8, 17), (12, 18), (12, 18), (12, 20), (15, 16), (15, 15), (16, 19), (17, 19), (18, 20), (19, 20)])
([97776], [9, 10, 15, 16, 17, 18, 19, 20], [(9, 16), (9, 10), (9, 10), (10, 16), (15, 17), (15, 18), (15, 18), (16, 17), (17, 20), (18, 20), (19, 19), (19, 20)])
([98585], [12, 13, 15, 16, 17, 18, 19, 20], [(12, 18), (12, 18), (12, 20), (13, 16), (13, 17), (13, 17), (15, 16), (15, 15), (16, 19), (17, 19), (18, 20), (19, 20)])
([98586], [10, 11, 15, 16, 17, 18, 19, 20], [(10, 18), (10, 18), (10, 20), (11, 16), (11, 17), (11, 17), (15, 16), (15, 15), (16, 19), (17, 19), (18, 20), (19, 20)])
([98587], [9, 10, 15, 16, 17, 18, 19, 20], [(9, 18), (9, 18), (9, 20), (10, 16), (10, 17), (10, 17), (15, 16), (15, 15), (16, 19), (17, 19), (18, 20), (19, 20)])
([98588], [9, 10, 15, 16, 17, 18, 19, 20], [(9, 18), (9, 18), (9, 20), (10, 16), (10, 17), (10, 17), (15, 16), (15, 15), (16, 19), (17, 19), (18, 20), (19, 20)])
([99793], [10, 13, 15, 16, 17, 18, 19, 20], [(10, 16), (10, 17), (10, 17), (13, 18), (13, 18), (13, 20), (15, 16), (15, 15), (16, 19), (17, 19), (18, 20), (19, 20)])
([99794], [9, 13, 15, 16, 17, 18, 19, 20], [(9, 16), (9, 17), (9, 17), (13, 18), (13, 18), (13, 20), (15, 16), (15, 15), (16, 19), (17, 19), (18, 20), (19, 20)])
([100308], [6, 7, 15, 16, 17, 18, 19, 20], [(6, 18), (6, 18), (6, 20), (7, 16), (7, 17), (7, 17), (15, 16), (15, 15), (16, 19), (17, 19), (18, 20), (19, 20)])
([101163], [9, 10, 15, 16, 17, 18, 19, 20], [(9, 18), (9, 18), (9, 20), (10, 16), (10, 17), (10, 17), (15, 16), (15, 15), (16, 19), (17, 19), (18, 20), (19, 20)])
([101478], [7, 8, 15, 16, 17, 18, 19, 20], [(7, 8), (7, 8), (7, 16), (8, 16), (15, 18), (15, 18), (15, 17), (16, 17), (17, 20), (18, 20), (19, 19), (19, 20)])
([101805], [5, 6, 15, 16, 17, 18, 19, 20], [(5, 18), (5, 18), (5, 20), (6, 16), (6, 17), (6, 17), (15, 16), (15, 15), (16, 19), (17, 19), (18, 20), (19, 20)])
([104459], [6, 7, 13, 14, 17, 18, 19, 20], [(6, 18), (6, 18), (6, 20), (7, 14), (7, 17), (7, 17), (13, 13), (13, 14), (14, 19), (17, 19), (18, 20), (19, 20)])
([104969], [7, 11, 15, 16, 17, 18, 19, 20], [(7, 16), (7, 17), (7, 17), (11, 18), (11, 18), (11, 20), (15, 16), (15, 15), (16, 19), (17, 19), (18, 20), (19, 20)])
([105116], [10, 11, 15, 16, 17, 18, 19, 20], [(10, 18), (10, 18), (10, 20), (11, 16), (11, 17), (11, 17), (15, 16), (15, 15), (16, 19), (17, 19), (18, 20), (19, 20)])
([105117], [7, 8, 15, 16, 17, 18, 19, 20], [(7, 18), (7, 18), (7, 20), (8, 16), (8, 17), (8, 17), (15, 16), (15, 15), (16, 19), (17, 19), (18, 20), (19, 20)])
([105118], [9, 12, 15, 16, 17, 18, 19, 20], [(9, 16), (9, 17), (9, 17), (12, 18), (12, 18), (12, 20), (15, 16), (15, 15), (16, 19), (17, 19), (18, 20), (19, 20)])
([105143], [7, 11, 15, 16, 17, 18, 19, 20], [(7, 16), (7, 11), (7, 11), (11, 16), (15, 17), (15, 18), (15, 18), (16, 17), (17, 20), (18, 20), (19, 19), (19, 20)])
([105291], [7, 9, 15, 16, 17, 18, 19, 20], [(7, 16), (7, 9), (7, 9), (9, 16), (15, 17), (15, 18), (15, 18), (16, 17), (17, 20), (18, 20), (19, 19), (19, 20)])
([105292], [10, 11, 15, 16, 17, 18, 19, 20], [(10, 16), (10, 11), (10, 11), (11, 16), (15, 17), (15, 18), (15, 18), (16, 17), (17, 20), (18, 20), (19, 19), (19, 20)])
([105293], [8, 10, 15, 16, 17, 18, 19, 20], [(8, 16), (8, 10), (8, 10), (10, 16), (15, 17), (15, 18), (15, 18), (16, 17), (17, 20), (18, 20), (19, 19), (19, 20)])
([105294], [9, 10, 15, 16, 17, 18, 19, 20], [(9, 16), (9, 10), (9, 10), (10, 16), (15, 17), (15, 18), (15, 18), (16, 17), (17, 20), (18, 20), (19, 19), (19, 20)])
([105348], [6, 7, 15, 16, 17, 18, 19, 20], [(6, 18), (6, 18), (6, 20), (7, 16), (7, 17), (7, 17), (15, 16), (15, 15), (16, 19), (17, 19), (18, 20), (19, 20)])
([105349], [7, 8, 15, 16, 17, 18, 19, 20], [(7, 20), (7, 18), (7, 18), (8, 16), (8, 17), (8, 17), (15, 16), (15, 15), (16, 19), (17, 19), (18, 20), (19, 20)])
([106075], [8, 9, 15, 16, 17, 18, 19, 20], [(8, 18), (8, 18), (8, 20), (9, 16), (9, 17), (9, 17), (15, 16), (15, 15), (16, 19), (17, 19), (18, 20), (19, 20)])
([106288], [9, 11, 13, 14, 17, 18, 19, 20], [(9, 14), (9, 17), (9, 17), (11, 18), (11, 18), (11, 20), (13, 13), (13, 14), (14, 19), (17, 19), (18, 20), (19, 20)])
([106626], [8, 9, 15, 16, 17, 18, 19, 20], [(8, 16), (8, 9), (8, 9), (9, 16), (15, 17), (15, 18), (15, 18), (16, 17), (17, 20), (18, 20), (19, 19), (19, 20)])
([106859], [11, 14, 15, 16, 17, 18, 19, 20], [(11, 16), (11, 17), (11, 17), (14, 18), (14, 18), (14, 20), (15, 16), (15, 15), (16, 19), (17, 19), (18, 20), (19, 20)])
([107106], [7, 13, 15, 16, 17, 18, 19, 20], [(7, 16), (7, 17), (7, 17), (13, 18), (13, 18), (13, 20), (15, 16), (15, 15), (16, 19), (17, 19), (18, 20), (19, 20)])
([107217], [6, 8, 15, 16, 17, 18, 19, 20], [(6, 8), (6, 8), (6, 16), (8, 16), (15, 18), (15, 18), (15, 17), (16, 17), (17, 20), (18, 20), (19, 19), (19, 20)])
([108320], [8, 14, 15, 16, 17, 18, 19, 20], [(8, 16), (8, 17), (8, 17), (14, 18), (14, 18), (14, 20), (15, 16), (15, 15), (16, 19), (17, 19), (18, 20), (19, 20)])
([108493], [7, 11, 13, 14, 17, 18, 19, 20], [(7, 14), (7, 17), (7, 17), (11, 20), (11, 18), (11, 18), (13, 14), (13, 13), (14, 19), (17, 19), (18, 20), (19, 20)])
([108548], [7, 8, 15, 16, 17, 18, 19, 20], [(7, 8), (7, 8), (7, 16), (8, 16), (15, 17), (15, 18), (15, 18), (16, 17), (17, 20), (18, 20), (19, 19), (19, 20)])
([109073], [9, 10, 15, 16, 17, 18, 19, 20], [(9, 16), (9, 10), (9, 10), (10, 16), (15, 17), (15, 18), (15, 18), (16, 17), (17, 20), (18, 20), (19, 20), (19, 19)])
([109074], [8, 9, 15, 16, 17, 18, 19, 20], [(8, 16), (8, 9), (8, 9), (9, 16), (15, 17), (15, 18), (15, 18), (16, 17), (17, 20), (18, 20), (19, 19), (19, 20)])
([109075], [7, 8, 15, 16, 17, 18, 19, 20], [(7, 8), (7, 8), (7, 16), (8, 16), (15, 18), (15, 18), (15, 17), (16, 17), (17, 20), (18, 20), (19, 19), (19, 20)])
([109076], [7, 8, 15, 16, 17, 18, 19, 20], [(7, 8), (7, 8), (7, 16), (8, 16), (15, 18), (15, 18), (15, 17), (16, 17), (17, 20), (18, 20), (19, 19), (19, 20)])
([109090], [8, 13, 15, 16, 17, 18, 19, 20], [(8, 16), (8, 17), (8, 17), (13, 18), (13, 18), (13, 20), (15, 16), (15, 15), (16, 19), (17, 19), (18, 20), (19, 20)])
([109455], [10, 11, 15, 16, 17, 18, 19, 20], [(10, 18), (10, 18), (10, 20), (11, 16), (11, 17), (11, 17), (15, 16), (15, 15), (16, 19), (17, 19), (18, 20), (19, 20)])
([109456], [7, 8, 15, 16, 17, 18, 19, 20], [(7, 18), (7, 18), (7, 20), (8, 16), (8, 17), (8, 17), (15, 16), (15, 15), (16, 19), (17, 19), (18, 20), (19, 20)])
([109457], [5, 10, 15, 16, 17, 18, 19, 20], [(5, 16), (5, 17), (5, 17), (10, 18), (10, 18), (10, 20), (15, 16), (15, 15), (16, 19), (17, 19), (18, 20), (19, 20)])
([109458], [7, 12, 15, 16, 17, 18, 19, 20], [(7, 16), (7, 17), (7, 17), (12, 18), (12, 18), (12, 20), (15, 16), (15, 15), (16, 19), (17, 19), (18, 20), (19, 20)])
([109709], [7, 8, 15, 16, 17, 18, 19, 20], [(7, 18), (7, 18), (7, 20), (8, 16), (8, 17), (8, 17), (15, 16), (15, 15), (16, 19), (17, 19), (18, 20), (19, 20)])
([109710], [8, 9, 15, 16, 17, 18, 19, 20], [(8, 18), (8, 18), (8, 20), (9, 16), (9, 17), (9, 17), (15, 16), (15, 15), (16, 19), (17, 19), (18, 20), (19, 20)])
([110100], [8, 11, 15, 16, 17, 18, 19, 20], [(8, 16), (8, 17), (8, 17), (11, 18), (11, 18), (11, 20), (15, 16), (15, 15), (16, 19), (17, 19), (18, 20), (19, 20)])
([110513], [7, 12, 15, 16, 17, 18, 19, 20], [(7, 16), (7, 17), (7, 17), (12, 18), (12, 18), (12, 20), (15, 16), (15, 15), (16, 19), (17, 19), (18, 20), (19, 20)])
([111484], [7, 10, 15, 16, 17, 18, 19, 20], [(7, 16), (7, 17), (7, 17), (10, 18), (10, 18), (10, 20), (15, 16), (15, 15), (16, 19), (17, 19), (18, 20), (19, 20)])
([111523], [10, 11, 15, 16, 17, 18, 19, 20], [(10, 16), (10, 11), (10, 11), (11, 16), (15, 17), (15, 18), (15, 18), (16, 17), (17, 20), (18, 20), (19, 19), (19, 20)])
([111524], [9, 10, 15, 16, 17, 18, 19, 20], [(9, 16), (9, 10), (9, 10), (10, 16), (15, 17), (15, 18), (15, 18), (16, 17), (17, 20), (18, 20), (19, 19), (19, 20)])
([113201], [6, 9, 15, 16, 17, 18, 19, 20], [(6, 16), (6, 9), (6, 9), (9, 16), (15, 17), (15, 18), (15, 18), (16, 17), (17, 20), (18, 20), (19, 19), (19, 20)])
([113202], [7, 8, 15, 16, 17, 18, 19, 20], [(7, 8), (7, 8), (7, 16), (8, 16), (15, 18), (15, 18), (15, 17), (16, 17), (17, 20), (18, 20), (19, 19), (19, 20)])
([113203], [6, 8, 15, 16, 17, 18, 19, 20], [(6, 16), (6, 8), (6, 8), (8, 16), (15, 18), (15, 18), (15, 17), (16, 17), (17, 20), (18, 20), (19, 19), (19, 20)])
([113204], [7, 8, 15, 16, 17, 18, 19, 20], [(7, 8), (7, 8), (7, 16), (8, 16), (15, 17), (15, 18), (15, 18), (16, 17), (17, 20), (18, 20), (19, 19), (19, 20)])
([113205], [7, 10, 15, 16, 17, 18, 19, 20], [(7, 16), (7, 10), (7, 10), (10, 16), (15, 17), (15, 18), (15, 18), (16, 17), (17, 20), (18, 20), (19, 20), (19, 19)])
([113206], [5, 9, 15, 16, 17, 18, 19, 20], [(5, 16), (5, 9), (5, 9), (9, 16), (15, 17), (15, 18), (15, 18), (16, 17), (17, 20), (18, 20), (19, 19), (19, 20)])
([113852], [8, 9, 15, 16, 17, 18, 19, 20], [(8, 18), (8, 18), (8, 20), (9, 16), (9, 17), (9, 17), (15, 16), (15, 15), (16, 19), (17, 19), (18, 20), (19, 20)])
([113853], [6, 7, 15, 16, 17, 18, 19, 20], [(6, 18), (6, 18), (6, 20), (7, 16), (7, 17), (7, 17), (15, 16), (15, 15), (16, 19), (17, 19), (18, 20), (19, 20)])
([114758], [6, 11, 15, 16, 17, 18, 19, 20], [(6, 16), (6, 17), (6, 17), (11, 18), (11, 18), (11, 20), (15, 16), (15, 15), (16, 19), (17, 19), (18, 20), (19, 20)])
([114759], [6, 14, 15, 16, 17, 18, 19, 20], [(6, 16), (6, 17), (6, 17), (14, 18), (14, 18), (14, 20), (15, 16), (15, 15), (16, 19), (17, 19), (18, 20), (19, 20)])
([115652], [6, 7, 15, 16, 17, 18, 19, 20], [(6, 18), (6, 18), (6, 20), (7, 16), (7, 17), (7, 17), (15, 16), (15, 15), (16, 19), (17, 19), (18, 20), (19, 20)])
([115684], [8, 9, 15, 16, 17, 18, 19, 20], [(8, 16), (8, 9), (8, 9), (9, 16), (15, 17), (15, 18), (15, 18), (16, 17), (17, 20), (18, 20), (19, 20), (19, 19)])
([115685], [6, 7, 15, 16, 17, 18, 19, 20], [(6, 16), (6, 7), (6, 7), (7, 16), (15, 18), (15, 18), (15, 17), (16, 17), (17, 20), (18, 20), (19, 19), (19, 20)])
([116520], [9, 12, 15, 16, 17, 18, 19, 20], [(9, 16), (9, 17), (9, 17), (12, 18), (12, 18), (12, 20), (15, 16), (15, 15), (16, 19), (17, 19), (18, 20), (19, 20)])
([116995], [6, 7, 15, 16, 17, 18, 19, 20], [(6, 20), (6, 18), (6, 18), (7, 16), (7, 17), (7, 17), (15, 16), (15, 15), (16, 19), (17, 19), (18, 20), (19, 20)])
([117105], [4, 10, 15, 16, 17, 18, 19, 20], [(4, 16), (4, 17), (4, 17), (10, 18), (10, 18), (10, 20), (15, 16), (15, 15), (16, 19), (17, 19), (18, 20), (19, 20)])
([117106], [5, 11, 13, 14, 17, 18, 19, 20], [(5, 14), (5, 17), (5, 17), (11, 18), (11, 18), (11, 20), (13, 13), (13, 14), (14, 19), (17, 19), (18, 20), (19, 20)])
([117107], [6, 12, 15, 16, 17, 18, 19, 20], [(6, 16), (6, 17), (6, 17), (12, 18), (12, 18), (12, 20), (15, 16), (15, 15), (16, 19), (17, 19), (18, 20), (19, 20)])
([117139], [10, 11, 15, 16, 17, 18, 19, 20], [(10, 18), (10, 18), (10, 20), (11, 16), (11, 17), (11, 17), (15, 16), (15, 15), (16, 19), (17, 19), (18, 20), (19, 20)])
([117140], [8, 9, 15, 16, 17, 18, 19, 20], [(8, 18), (8, 18), (8, 20), (9, 16), (9, 17), (9, 17), (15, 16), (15, 15), (16, 19), (17, 19), (18, 20), (19, 20)])
([117522], [8, 9, 15, 16, 17, 18, 19, 20], [(8, 20), (8, 18), (8, 18), (9, 16), (9, 17), (9, 17), (15, 16), (15, 15), (16, 19), (17, 19), (18, 20), (19, 20)])
([119066], [8, 9, 15, 16, 17, 18, 19, 20], [(8, 18), (8, 18), (8, 20), (9, 16), (9, 17), (9, 17), (15, 16), (15, 15), (16, 19), (17, 19), (18, 20), (19, 20)])
([119119], [6, 7, 13, 14, 17, 18, 19, 20], [(6, 20), (6, 18), (6, 18), (7, 14), (7, 17), (7, 17), (13, 13), (13, 14), (14, 19), (17, 19), (18, 20), (19, 20)])
([119187], [7, 10, 15, 16, 17, 18, 19, 20], [(7, 16), (7, 10), (7, 10), (10, 16), (15, 17), (15, 18), (15, 18), (16, 17), (17, 20), (18, 20), (19, 19), (19, 20)])
([119401], [6, 10, 15, 16, 17, 18, 19, 20], [(6, 16), (6, 10), (6, 10), (10, 16), (15, 17), (15, 18), (15, 18), (16, 17), (17, 20), (18, 20), (19, 19), (19, 20)])
([119985], [7, 11, 13, 14, 17, 18, 19, 20], [(7, 14), (7, 17), (7, 17), (11, 18), (11, 18), (11, 20), (13, 13), (13, 14), (14, 19), (17, 19), (18, 20), (19, 20)])
([120141], [6, 10, 13, 14, 17, 18, 19, 20], [(6, 14), (6, 17), (6, 17), (10, 18), (10, 18), (10, 20), (13, 13), (13, 14), (14, 19), (17, 19), (18, 20), (19, 20)])
([120440], [5, 6, 13, 14, 17, 18, 19, 20], [(5, 20), (5, 18), (5, 18), (6, 17), (6, 17), (6, 14), (13, 13), (13, 14), (14, 19), (17, 19), (18, 20), (19, 20)])
([120441], [7, 8, 13, 14, 17, 18, 19, 20], [(7, 20), (7, 18), (7, 18), (8, 17), (8, 17), (8, 14), (13, 13), (13, 14), (14, 19), (17, 19), (18, 20), (19, 20)])
([120442], [4, 5, 13, 14, 17, 18, 19, 20], [(4, 20), (4, 18), (4, 18), (5, 14), (5, 17), (5, 17), (13, 13), (13, 14), (14, 19), (17, 19), (18, 20), (19, 20)])
([120443], [5, 9, 13, 14, 17, 18, 19, 20], [(5, 14), (5, 17), (5, 17), (9, 20), (9, 18), (9, 18), (13, 13), (13, 14), (14, 19), (17, 19), (18, 20), (19, 20)])
([120514], [8, 14, 15, 16, 17, 18, 19, 20], [(8, 16), (8, 17), (8, 17), (14, 18), (14, 18), (14, 20), (15, 16), (15, 15), (16, 19), (17, 19), (18, 20), (19, 20)])
([120616], [6, 11, 15, 16, 17, 18, 19, 20], [(6, 16), (6, 17), (6, 17), (11, 18), (11, 18), (11, 20), (15, 16), (15, 15), (16, 19), (17, 19), (18, 20), (19, 20)])
([120617], [7, 10, 15, 16, 17, 18, 19, 20], [(7, 16), (7, 17), (7, 17), (10, 18), (10, 18), (10, 20), (15, 16), (15, 15), (16, 19), (17, 19), (18, 20), (19, 20)])
([120857], [9, 14, 15, 16, 17, 18, 19, 20], [(9, 16), (9, 17), (9, 17), (14, 18), (14, 18), (14, 20), (15, 16), (15, 15), (16, 19), (17, 19), (18, 20), (19, 20)])
([121038], [8, 11, 13, 14, 17, 18, 19, 20], [(8, 17), (8, 17), (8, 14), (11, 20), (11, 18), (11, 18), (13, 13), (13, 14), (14, 19), (17, 19), (18, 20), (19, 20)])
([121595], [5, 6, 15, 16, 17, 18, 19, 20], [(5, 18), (5, 18), (5, 20), (6, 16), (6, 17), (6, 17), (15, 16), (15, 15), (16, 19), (17, 19), (18, 20), (19, 20)])
([122082], [9, 14, 15, 16, 17, 18, 19, 20], [(9, 16), (9, 17), (9, 17), (14, 18), (14, 18), (14, 20), (15, 16), (15, 15), (16, 19), (17, 19), (18, 20), (19, 20)])
([122274], [5, 6, 15, 16, 17, 18, 19, 20], [(5, 18), (5, 18), (5, 20), (6, 16), (6, 17), (6, 17), (15, 16), (15, 15), (16, 19), (17, 19), (18, 20), (19, 20)])
([122292], [9, 10, 15, 16, 17, 18, 19, 20], [(9, 16), (9, 10), (9, 10), (10, 16), (15, 17), (15, 18), (15, 18), (16, 17), (17, 20), (18, 20), (19, 19), (19, 20)])
([122644], [12, 14, 15, 16, 17, 18, 19, 20], [(12, 16), (12, 17), (12, 17), (14, 18), (14, 18), (14, 20), (15, 16), (15, 15), (16, 19), (17, 19), (18, 20), (19, 20)])
([122645], [10, 12, 15, 16, 17, 18, 19, 20], [(10, 16), (10, 17), (10, 17), (12, 18), (12, 18), (12, 20), (15, 16), (15, 15), (16, 19), (17, 19), (18, 20), (19, 20)])
([122646], [10, 11, 13, 14, 17, 18, 19, 20], [(10, 17), (10, 17), (10, 14), (11, 18), (11, 18), (11, 20), (13, 13), (13, 14), (14, 19), (17, 19), (18, 20), (19, 20)])
([122790], [7, 9, 15, 16, 17, 18, 19, 20], [(7, 16), (7, 9), (7, 9), (9, 16), (15, 17), (15, 18), (15, 18), (16, 17), (17, 20), (18, 20), (19, 19), (19, 20)])
([123042], [7, 8, 15, 16, 17, 18, 19, 20], [(7, 20), (7, 18), (7, 18), (8, 16), (8, 17), (8, 17), (15, 16), (15, 15), (16, 19), (17, 19), (18, 20), (19, 20)])
([123482], [6, 7, 15, 16, 17, 18, 19, 20], [(6, 16), (6, 7), (6, 7), (7, 16), (15, 17), (15, 18), (15, 18), (16, 17), (17, 20), (18, 20), (19, 19), (19, 20)])
([123642], [7, 8, 15, 16, 17, 18, 19, 20], [(7, 20), (7, 18), (7, 18), (8, 16), (8, 17), (8, 17), (15, 16), (15, 15), (16, 19), (17, 19), (18, 20), (19, 20)])
([123739], [6, 8, 13, 14, 15, 16, 19, 20], [(6, 8), (6, 8), (6, 14), (8, 14), (13, 16), (13, 16), (13, 15), (14, 15), (15, 20), (16, 20), (19, 19), (19, 20)])
([123784], [7, 12, 15, 16, 17, 18, 19, 20], [(7, 16), (7, 17), (7, 17), (12, 18), (12, 18), (12, 20), (15, 16), (15, 15), (16, 19), (17, 19), (18, 20), (19, 20)])
([123913], [10, 14, 15, 16, 17, 18, 19, 20], [(10, 16), (10, 17), (10, 17), (14, 18), (14, 18), (14, 20), (15, 16), (15, 15), (16, 19), (17, 19), (18, 20), (19, 20)])
([123950], [11, 12, 15, 16, 17, 18, 19, 20], [(11, 18), (11, 18), (11, 20), (12, 16), (12, 17), (12, 17), (15, 16), (15, 15), (16, 19), (17, 19), (18, 20), (19, 20)])
([123975], [9, 10, 15, 16, 17, 18, 19, 20], [(9, 16), (9, 10), (9, 10), (10, 16), (15, 17), (15, 18), (15, 18), (16, 17), (17, 20), (18, 20), (19, 19), (19, 20)])
([124043], [8, 11, 13, 14, 17, 18, 19, 20], [(8, 17), (8, 17), (8, 14), (11, 18), (11, 18), (11, 20), (13, 13), (13, 14), (14, 19), (17, 19), (18, 20), (19, 20)])
([124125], [8, 9, 15, 16, 17, 18, 19, 20], [(8, 16), (8, 9), (8, 9), (9, 16), (15, 17), (15, 18), (15, 18), (16, 17), (17, 20), (18, 20), (19, 19), (19, 20)])
([124442], [5, 8, 15, 16, 17, 18, 19, 20], [(5, 8), (5, 8), (5, 16), (8, 16), (15, 18), (15, 18), (15, 17), (16, 17), (17, 20), (18, 20), (19, 19), (19, 20)])
([124597], [7, 8, 13, 14, 17, 18, 19, 20], [(7, 20), (7, 18), (7, 18), (8, 14), (8, 17), (8, 17), (13, 13), (13, 14), (14, 19), (17, 19), (18, 20), (19, 20)])
([124902], [6, 7, 13, 14, 15, 16, 19, 20], [(6, 14), (6, 7), (6, 7), (7, 14), (13, 16), (13, 16), (13, 15), (14, 15), (15, 20), (16, 20), (19, 19), (19, 20)])
([125701], [7, 8, 15, 16, 17, 18, 19, 20], [(7, 16), (7, 8), (7, 8), (8, 16), (15, 18), (15, 18), (15, 17), (16, 17), (17, 20), (18, 20), (19, 19), (19, 20)])
([125736], [6, 7, 15, 16, 17, 18, 19, 20], [(6, 20), (6, 18), (6, 18), (7, 16), (7, 17), (7, 17), (15, 16), (15, 15), (16, 19), (17, 19), (18, 20), (19, 20)])
([125737], [5, 6, 13, 14, 17, 18, 19, 20], [(5, 18), (5, 18), (5, 20), (6, 17), (6, 17), (6, 14), (13, 13), (13, 14), (14, 19), (17, 19), (18, 20), (19, 20)])
([125738], [6, 7, 15, 16, 17, 18, 19, 20], [(6, 18), (6, 18), (6, 20), (7, 16), (7, 17), (7, 17), (15, 16), (15, 15), (16, 19), (17, 19), (18, 20), (19, 20)])
([125739], [5, 10, 15, 16, 17, 18, 19, 20], [(5, 16), (5, 17), (5, 17), (10, 18), (10, 18), (10, 20), (15, 16), (15, 15), (16, 19), (17, 19), (18, 20), (19, 20)])
([125741], [8, 12, 15, 16, 17, 18, 19, 20], [(8, 16), (8, 17), (8, 17), (12, 18), (12, 18), (12, 20), (15, 16), (15, 15), (16, 19), (17, 19), (18, 20), (19, 20)])
([126159], [6, 10, 15, 16, 17, 18, 19, 20], [(6, 16), (6, 17), (6, 17), (10, 18), (10, 18), (10, 20), (15, 16), (15, 15), (16, 19), (17, 19), (18, 20), (19, 20)])
([126456], [8, 9, 15, 16, 17, 18, 19, 20], [(8, 18), (8, 18), (8, 20), (9, 16), (9, 17), (9, 17), (15, 16), (15, 15), (16, 19), (17, 19), (18, 20), (19, 20)])
([126457], [7, 8, 15, 16, 17, 18, 19, 20], [(7, 20), (7, 18), (7, 18), (8, 16), (8, 17), (8, 17), (15, 16), (15, 15), (16, 19), (17, 19), (18, 20), (19, 20)])
([126458], [9, 10, 15, 16, 17, 18, 19, 20], [(9, 20), (9, 18), (9, 18), (10, 16), (10, 17), (10, 17), (15, 16), (15, 15), (16, 19), (17, 19), (18, 20), (19, 20)])
([126459], [6, 7, 15, 16, 17, 18, 19, 20], [(6, 20), (6, 18), (6, 18), (7, 16), (7, 17), (7, 17), (15, 16), (15, 15), (16, 19), (17, 19), (18, 20), (19, 20)])
([126473], [6, 14, 15, 16, 17, 18, 19, 20], [(6, 16), (6, 17), (6, 17), (14, 18), (14, 18), (14, 20), (15, 16), (15, 15), (16, 19), (17, 19), (18, 20), (19, 20)])
([126537], [9, 10, 15, 16, 17, 18, 19, 20], [(9, 16), (9, 10), (9, 10), (10, 16), (15, 17), (15, 18), (15, 18), (16, 17), (17, 20), (18, 20), (19, 20), (19, 19)])
([126966], [5, 10, 13, 14, 17, 18, 19, 20], [(5, 17), (5, 17), (5, 14), (10, 18), (10, 18), (10, 20), (13, 13), (13, 14), (14, 19), (17, 19), (18, 20), (19, 20)])
([126989], [6, 9, 13, 14, 17, 18, 19, 20], [(6, 17), (6, 17), (6, 14), (9, 20), (9, 18), (9, 18), (13, 13), (13, 14), (14, 19), (17, 19), (18, 20), (19, 20)])
([127330], [7, 11, 15, 16, 17, 18, 19, 20], [(7, 16), (7, 17), (7, 17), (11, 18), (11, 18), (11, 20), (15, 16), (15, 15), (16, 19), (17, 19), (18, 20), (19, 20)])
([127447], [7, 8, 15, 16, 17, 18, 19, 20], [(7, 8), (7, 8), (7, 16), (8, 16), (15, 17), (15, 18), (15, 18), (16, 17), (17, 20), (18, 20), (19, 19), (19, 20)])
([127612], [6, 10, 15, 16, 17, 18, 19, 20], [(6, 16), (6, 17), (6, 17), (10, 18), (10, 18), (10, 20), (15, 16), (15, 15), (16, 19), (17, 19), (18, 20), (19, 20)])
([128285], [7, 8, 15, 16, 17, 18, 19, 20], [(7, 16), (7, 8), (7, 8), (8, 16), (15, 18), (15, 18), (15, 17), (16, 17), (17, 20), (18, 20), (19, 19), (19, 20)])
([128441], [7, 8, 13, 14, 17, 18, 19, 20], [(7, 20), (7, 18), (7, 18), (8, 17), (8, 17), (8, 14), (13, 13), (13, 14), (14, 19), (17, 19), (18, 20), (19, 20)])
([128467], [6, 12, 15, 16, 17, 18, 19, 20], [(6, 16), (6, 17), (6, 17), (12, 18), (12, 18), (12, 20), (15, 16), (15, 15), (16, 19), (17, 19), (18, 20), (19, 20)])
([128468], [6, 7, 15, 16, 17, 18, 19, 20], [(6, 18), (6, 18), (6, 20), (7, 16), (7, 17), (7, 17), (15, 16), (15, 15), (16, 19), (17, 19), (18, 20), (19, 20)])
([128469], [7, 8, 15, 16, 17, 18, 19, 20], [(7, 18), (7, 18), (7, 20), (8, 16), (8, 17), (8, 17), (15, 16), (15, 15), (16, 19), (17, 19), (18, 20), (19, 20)])
([128470], [5, 11, 15, 16, 17, 18, 19, 20], [(5, 16), (5, 17), (5, 17), (11, 18), (11, 18), (11, 20), (15, 16), (15, 15), (16, 19), (17, 19), (18, 20), (19, 20)])
([128571], [8, 9, 15, 16, 17, 18, 19, 20], [(8, 16), (8, 9), (8, 9), (9, 16), (15, 17), (15, 18), (15, 18), (16, 17), (17, 20), (18, 20), (19, 19), (19, 20)])
([128572], [6, 7, 15, 16, 17, 18, 19, 20], [(6, 16), (6, 7), (6, 7), (7, 16), (15, 17), (15, 18), (15, 18), (16, 17), (17, 20), (18, 20), (19, 19), (19, 20)])
([128629], [9, 10, 15, 16, 17, 18, 19, 20], [(9, 18), (9, 18), (9, 20), (10, 16), (10, 17), (10, 17), (15, 16), (15, 15), (16, 19), (17, 19), (18, 20), (19, 20)])
([128918], [7, 11, 15, 16, 17, 18, 19, 20], [(7, 16), (7, 17), (7, 17), (11, 18), (11, 18), (11, 20), (15, 16), (15, 15), (16, 19), (17, 19), (18, 20), (19, 20)])
([129032], [7, 8, 13, 14, 15, 16, 19, 20], [(7, 8), (7, 8), (7, 14), (8, 14), (13, 16), (13, 16), (13, 15), (14, 15), (15, 20), (16, 20), (19, 19), (19, 20)])
([129151], [8, 9, 15, 16, 17, 18, 19, 20], [(8, 20), (8, 18), (8, 18), (9, 16), (9, 17), (9, 17), (15, 16), (15, 15), (16, 19), (17, 19), (18, 20), (19, 20)])
([129301], [4, 9, 13, 14, 17, 18, 19, 20], [(4, 17), (4, 17), (4, 14), (9, 20), (9, 18), (9, 18), (13, 13), (13, 14), (14, 19), (17, 19), (18, 20), (19, 20)])
([129302], [3, 9, 13, 14, 17, 18, 19, 20], [(3, 14), (3, 17), (3, 17), (9, 20), (9, 18), (9, 18), (13, 13), (13, 14), (14, 19), (17, 19), (18, 20), (19, 20)])
([129411], [6, 7, 15, 16, 17, 18, 19, 20], [(6, 16), (6, 7), (6, 7), (7, 16), (15, 17), (15, 18), (15, 18), (16, 17), (17, 20), (18, 20), (19, 19), (19, 20)])
([129484], [6, 11, 13, 14, 17, 18, 19, 20], [(6, 17), (6, 17), (6, 14), (11, 18), (11, 18), (11, 20), (13, 13), (13, 14), (14, 19), (17, 19), (18, 20), (19, 20)])
([129485], [6, 9, 13, 14, 17, 18, 19, 20], [(6, 14), (6, 17), (6, 17), (9, 18), (9, 18), (9, 20), (13, 13), (13, 14), (14, 19), (17, 19), (18, 20), (19, 20)])
([129486], [8, 11, 13, 14, 17, 18, 19, 20], [(8, 17), (8, 17), (8, 14), (11, 18), (11, 18), (11, 20), (13, 13), (13, 14), (14, 19), (17, 19), (18, 20), (19, 20)])
([129664], [7, 10, 13, 14, 17, 18, 19, 20], [(7, 17), (7, 17), (7, 14), (10, 18), (10, 18), (10, 20), (13, 13), (13, 14), (14, 19), (17, 19), (18, 20), (19, 20)])
([130182], [11, 14, 15, 16, 17, 18, 19, 20], [(11, 16), (11, 17), (11, 17), (14, 18), (14, 18), (14, 20), (15, 16), (15, 15), (16, 19), (17, 19), (18, 20), (19, 20)])
([130642], [8, 14, 15, 16, 17, 18, 19, 20], [(8, 16), (8, 17), (8, 17), (14, 18), (14, 18), (14, 20), (15, 16), (15, 15), (16, 19), (17, 19), (18, 20), (19, 20)])
([130643], [10, 14, 15, 16, 17, 18, 19, 20], [(10, 16), (10, 17), (10, 17), (14, 18), (14, 18), (14, 20), (15, 16), (15, 15), (16, 19), (17, 19), (18, 20), (19, 20)])
([130779], [8, 9, 15, 16, 17, 18, 19, 20], [(8, 16), (8, 9), (8, 9), (9, 16), (15, 17), (15, 18), (15, 18), (16, 17), (17, 20), (18, 20), (19, 19), (19, 20)])
([130848], [4, 5, 13, 14, 17, 18, 19, 20], [(4, 20), (4, 18), (4, 18), (5, 14), (5, 17), (5, 17), (13, 13), (13, 14), (14, 19), (17, 19), (18, 20), (19, 20)])
([131027], [7, 9, 15, 16, 17, 18, 19, 20], [(7, 16), (7, 9), (7, 9), (9, 16), (15, 17), (15, 18), (15, 18), (16, 17), (17, 20), (18, 20), (19, 19), (19, 20)])
([131047], [5, 14, 15, 16, 17, 18, 19, 20], [(5, 16), (5, 17), (5, 17), (14, 18), (14, 18), (14, 20), (15, 16), (15, 15), (16, 19), (17, 19), (18, 20), (19, 20)])
([131048], [7, 11, 15, 16, 17, 18, 19, 20], [(7, 16), (7, 17), (7, 17), (11, 18), (11, 18), (11, 20), (15, 16), (15, 15), (16, 19), (17, 19), (18, 20), (19, 20)])
([131077], [8, 9, 15, 16, 17, 18, 19, 20], [(8, 16), (8, 9), (8, 9), (9, 16), (15, 17), (15, 18), (15, 18), (16, 17), (17, 20), (18, 20), (19, 19), (19, 20)])
([131078], [9, 13, 15, 16, 17, 18, 19, 20], [(9, 16), (9, 13), (9, 13), (13, 16), (15, 17), (15, 18), (15, 18), (16, 17), (17, 20), (18, 20), (19, 19), (19, 20)])
([131079], [9, 10, 15, 16, 17, 18, 19, 20], [(9, 16), (9, 10), (9, 10), (10, 16), (15, 17), (15, 18), (15, 18), (16, 17), (17, 20), (18, 20), (19, 19), (19, 20)])
([131422], [8, 10, 15, 16, 17, 18, 19, 20], [(8, 16), (8, 17), (8, 17), (10, 18), (10, 18), (10, 20), (15, 16), (15, 15), (16, 19), (17, 19), (18, 20), (19, 20)])
([131597], [9, 11, 13, 14, 17, 18, 19, 20], [(9, 17), (9, 17), (9, 14), (11, 18), (11, 18), (11, 20), (13, 13), (13, 14), (14, 19), (17, 19), (18, 20), (19, 20)])
([131734], [7, 8, 15, 16, 17, 18, 19, 20], [(7, 18), (7, 18), (7, 20), (8, 16), (8, 17), (8, 17), (15, 16), (15, 15), (16, 19), (17, 19), (18, 20), (19, 20)])
([131735], [8, 9, 15, 16, 17, 18, 19, 20], [(8, 18), (8, 18), (8, 20), (9, 16), (9, 17), (9, 17), (15, 16), (15, 15), (16, 19), (17, 19), (18, 20), (19, 20)])
([131982], [4, 11, 15, 16, 17, 18, 19, 20], [(4, 16), (4, 17), (4, 17), (11, 18), (11, 18), (11, 20), (15, 16), (15, 15), (16, 19), (17, 19), (18, 20), (19, 20)])
([131983], [4, 9, 13, 14, 17, 18, 19, 20], [(4, 14), (4, 17), (4, 17), (9, 18), (9, 18), (9, 20), (13, 13), (13, 14), (14, 19), (17, 19), (18, 20), (19, 20)])
([132175], [4, 8, 15, 16, 17, 18, 19, 20], [(4, 8), (4, 8), (4, 16), (8, 16), (15, 18), (15, 18), (15, 17), (16, 17), (17, 20), (18, 20), (19, 19), (19, 20)])
([132275], [8, 12, 15, 16, 17, 18, 19, 20], [(8, 16), (8, 17), (8, 17), (12, 18), (12, 18), (12, 20), (15, 16), (15, 15), (16, 19), (17, 19), (18, 20), (19, 20)])
([132407], [8, 12, 15, 16, 17, 18, 19, 20], [(8, 16), (8, 17), (8, 17), (12, 18), (12, 18), (12, 20), (15, 16), (15, 15), (16, 19), (17, 19), (18, 20), (19, 20)])
([132474], [6, 11, 13, 14, 17, 18, 19, 20], [(6, 17), (6, 17), (6, 14), (11, 18), (11, 18), (11, 20), (13, 13), (13, 14), (14, 19), (17, 19), (18, 20), (19, 20)])
([132575], [7, 12, 13, 14, 17, 18, 19, 20], [(7, 17), (7, 17), (7, 14), (12, 18), (12, 18), (12, 20), (13, 14), (13, 13), (14, 19), (17, 19), (18, 20), (19, 20)])
([132610], [6, 8, 15, 16, 17, 18, 19, 20], [(6, 16), (6, 8), (6, 8), (8, 16), (15, 18), (15, 18), (15, 17), (16, 17), (17, 20), (18, 20), (19, 19), (19, 20)])
([132678], [6, 7, 15, 16, 17, 18, 19, 20], [(6, 16), (6, 7), (6, 7), (7, 16), (15, 17), (15, 18), (15, 18), (16, 17), (17, 20), (18, 20), (19, 19), (19, 20)])
([132736], [6, 7, 13, 14, 17, 18, 19, 20], [(6, 18), (6, 18), (6, 20), (7, 17), (7, 17), (7, 14), (13, 13), (13, 14), (14, 19), (17, 19), (18, 20), (19, 20)])
([132782], [6, 10, 15, 16, 17, 18, 19, 20], [(6, 16), (6, 10), (6, 10), (10, 16), (15, 17), (15, 18), (15, 18), (16, 17), (17, 20), (18, 20), (19, 20), (19, 19)])
([132989], [9, 14, 15, 16, 17, 18, 19, 20], [(9, 16), (9, 17), (9, 17), (14, 18), (14, 18), (14, 20), (15, 16), (15, 15), (16, 19), (17, 19), (18, 20), (19, 20)])
([132991], [7, 14, 15, 16, 17, 18, 19, 20], [(7, 16), (7, 17), (7, 17), (14, 18), (14, 18), (14, 20), (15, 16), (15, 15), (16, 19), (17, 19), (18, 20), (19, 20)])
([133206], [5, 8, 15, 16, 17, 18, 19, 20], [(5, 16), (5, 8), (5, 8), (8, 16), (15, 18), (15, 18), (15, 17), (16, 17), (17, 20), (18, 20), (19, 19), (19, 20)])
([133246], [6, 8, 13, 14, 15, 16, 19, 20], [(6, 8), (6, 8), (6, 14), (8, 14), (13, 16), (13, 16), (13, 15), (14, 15), (15, 20), (16, 20), (19, 19), (19, 20)])
([133247], [6, 7, 15, 16, 17, 18, 19, 20], [(6, 16), (6, 7), (6, 7), (7, 16), (15, 18), (15, 18), (15, 17), (16, 17), (17, 20), (18, 20), (19, 19), (19, 20)])
([133378], [5, 10, 15, 16, 17, 18, 19, 20], [(5, 16), (5, 10), (5, 10), (10, 16), (15, 17), (15, 18), (15, 18), (16, 17), (17, 20), (18, 20), (19, 20), (19, 19)])
([133555], [6, 7, 13, 14, 15, 16, 19, 20], [(6, 14), (6, 7), (6, 7), (7, 14), (13, 16), (13, 16), (13, 15), (14, 15), (15, 20), (16, 20), (19, 19), (19, 20)])
([133706], [6, 9, 13, 14, 17, 18, 19, 20], [(6, 14), (6, 17), (6, 17), (9, 20), (9, 18), (9, 18), (13, 13), (13, 14), (14, 19), (17, 19), (18, 20), (19, 20)])
([133786], [5, 6, 13, 14, 17, 18, 19, 20], [(5, 20), (5, 18), (5, 18), (6, 17), (6, 17), (6, 14), (13, 13), (13, 14), (14, 19), (17, 19), (18, 20), (19, 20)])
([134018], [8, 9, 15, 16, 17, 18, 19, 20], [(8, 16), (8, 9), (8, 9), (9, 16), (15, 17), (15, 18), (15, 18), (16, 17), (17, 20), (18, 20), (19, 20), (19, 19)])
([134022], [7, 8, 15, 16, 17, 18, 19, 20], [(7, 8), (7, 8), (7, 16), (8, 16), (15, 17), (15, 18), (15, 18), (16, 17), (17, 20), (18, 20), (19, 19), (19, 20)])
([134318], [5, 6, 15, 16, 17, 18, 19, 20], [(5, 18), (5, 18), (5, 20), (6, 16), (6, 17), (6, 17), (15, 16), (15, 15), (16, 19), (17, 19), (18, 20), (19, 20)])
([134399], [9, 14, 15, 16, 17, 18, 19, 20], [(9, 16), (9, 17), (9, 17), (14, 18), (14, 18), (14, 20), (15, 16), (15, 15), (16, 19), (17, 19), (18, 20), (19, 20)])
([134525], [8, 9, 15, 16, 17, 18, 19, 20], [(8, 16), (8, 9), (8, 9), (9, 16), (15, 17), (15, 18), (15, 18), (16, 17), (17, 20), (18, 20), (19, 19), (19, 20)])
([134708], [8, 13, 15, 16, 17, 18, 19, 20], [(8, 16), (8, 17), (8, 17), (13, 20), (13, 18), (13, 18), (15, 16), (15, 15), (16, 19), (17, 19), (18, 20), (19, 20)])
([134726], [7, 14, 15, 16, 17, 18, 19, 20], [(7, 16), (7, 17), (7, 17), (14, 18), (14, 18), (14, 20), (15, 16), (15, 15), (16, 19), (17, 19), (18, 20), (19, 20)])
([134727], [9, 14, 15, 16, 17, 18, 19, 20], [(9, 16), (9, 17), (9, 17), (14, 18), (14, 18), (14, 20), (15, 16), (15, 15), (16, 19), (17, 19), (18, 20), (19, 20)])
([134728], [7, 10, 15, 16, 17, 18, 19, 20], [(7, 16), (7, 17), (7, 17), (10, 18), (10, 18), (10, 20), (15, 16), (15, 15), (16, 19), (17, 19), (18, 20), (19, 20)])
([134729], [7, 11, 13, 14, 17, 18, 19, 20], [(7, 17), (7, 17), (7, 14), (11, 18), (11, 18), (11, 20), (13, 13), (13, 14), (14, 19), (17, 19), (18, 20), (19, 20)])
([134825], [7, 8, 15, 16, 17, 18, 19, 20], [(7, 18), (7, 18), (7, 20), (8, 16), (8, 17), (8, 17), (15, 16), (15, 15), (16, 19), (17, 19), (18, 20), (19, 20)])
([134923], [9, 10, 15, 16, 17, 18, 19, 20], [(9, 16), (9, 10), (9, 10), (10, 16), (15, 17), (15, 18), (15, 18), (16, 17), (17, 20), (18, 20), (19, 20), (19, 19)])
([134924], [8, 9, 15, 16, 17, 18, 19, 20], [(8, 16), (8, 9), (8, 9), (9, 16), (15, 17), (15, 18), (15, 18), (16, 17), (17, 20), (18, 20), (19, 19), (19, 20)])
([135313], [8, 9, 15, 16, 17, 18, 19, 20], [(8, 16), (8, 9), (8, 9), (9, 16), (15, 17), (15, 18), (15, 18), (16, 17), (17, 20), (18, 20), (19, 20), (19, 19)])
([135373], [5, 14, 15, 16, 17, 18, 19, 20], [(5, 16), (5, 17), (5, 17), (14, 18), (14, 18), (14, 20), (15, 16), (15, 15), (16, 19), (17, 19), (18, 20), (19, 20)])
([135375], [4, 12, 13, 14, 17, 18, 19, 20], [(4, 17), (4, 17), (4, 14), (12, 18), (12, 18), (12, 20), (13, 13), (13, 14), (14, 19), (17, 19), (18, 20), (19, 20)])
([135376], [5, 14, 15, 16, 17, 18, 19, 20], [(5, 16), (5, 17), (5, 17), (14, 18), (14, 18), (14, 20), (15, 16), (15, 15), (16, 19), (17, 19), (18, 20), (19, 20)])
([135377], [6, 14, 15, 16, 17, 18, 19, 20], [(6, 16), (6, 17), (6, 17), (14, 18), (14, 18), (14, 20), (15, 16), (15, 15), (16, 19), (17, 19), (18, 20), (19, 20)])
([135760], [6, 11, 15, 16, 17, 18, 19, 20], [(6, 16), (6, 17), (6, 17), (11, 18), (11, 18), (11, 20), (15, 16), (15, 15), (16, 19), (17, 19), (18, 20), (19, 20)])
([135986], [7, 8, 15, 16, 17, 18, 19, 20], [(7, 8), (7, 8), (7, 16), (8, 16), (15, 18), (15, 18), (15, 17), (16, 17), (17, 20), (18, 20), (19, 19), (19, 20)])
([136016], [7, 9, 13, 14, 17, 18, 19, 20], [(7, 17), (7, 17), (7, 14), (9, 20), (9, 18), (9, 18), (13, 13), (13, 14), (14, 19), (17, 19), (18, 20), (19, 20)])
([136085], [7, 9, 13, 14, 17, 18, 19, 20], [(7, 17), (7, 17), (7, 14), (9, 18), (9, 18), (9, 20), (13, 13), (13, 14), (14, 19), (17, 19), (18, 20), (19, 20)])
([136200], [8, 12, 13, 14, 17, 18, 19, 20], [(8, 17), (8, 17), (8, 14), (12, 18), (12, 18), (12, 20), (13, 13), (13, 14), (14, 19), (17, 19), (18, 20), (19, 20)])
([136398], [5, 6, 13, 14, 17, 18, 19, 20], [(5, 18), (5, 18), (5, 20), (6, 14), (6, 17), (6, 17), (13, 13), (13, 14), (14, 19), (17, 19), (18, 20), (19, 20)])
([136458], [8, 9, 13, 14, 17, 18, 19, 20], [(8, 18), (8, 18), (8, 20), (9, 17), (9, 17), (9, 14), (13, 13), (13, 14), (14, 19), (17, 19), (18, 20), (19, 20)])
([136459], [6, 7, 13, 14, 17, 18, 19, 20], [(6, 20), (6, 18), (6, 18), (7, 17), (7, 17), (7, 14), (13, 13), (13, 14), (14, 19), (17, 19), (18, 20), (19, 20)])
([136460], [5, 6, 13, 14, 17, 18, 19, 20], [(5, 20), (5, 18), (5, 18), (6, 17), (6, 17), (6, 14), (13, 13), (13, 14), (14, 19), (17, 19), (18, 20), (19, 20)])
([136742], [6, 7, 15, 16, 17, 18, 19, 20], [(6, 16), (6, 7), (6, 7), (7, 16), (15, 17), (15, 18), (15, 18), (16, 17), (17, 20), (18, 20), (19, 19), (19, 20)])
([136841], [8, 13, 15, 16, 17, 18, 19, 20], [(8, 16), (8, 17), (8, 17), (13, 20), (13, 18), (13, 18), (15, 16), (15, 15), (16, 19), (17, 19), (18, 20), (19, 20)])
([136842], [6, 11, 15, 16, 17, 18, 19, 20], [(6, 16), (6, 17), (6, 17), (11, 18), (11, 18), (11, 20), (15, 16), (15, 15), (16, 19), (17, 19), (18, 20), (19, 20)])
([136843], [6, 10, 13, 14, 17, 18, 19, 20], [(6, 14), (6, 17), (6, 17), (10, 18), (10, 18), (10, 20), (13, 13), (13, 14), (14, 19), (17, 19), (18, 20), (19, 20)])
([136844], [8, 11, 15, 16, 17, 18, 19, 20], [(8, 16), (8, 17), (8, 17), (11, 18), (11, 18), (11, 20), (15, 16), (15, 15), (16, 19), (17, 19), (18, 20), (19, 20)])
([136846], [7, 8, 15, 16, 17, 18, 19, 20], [(7, 16), (7, 8), (7, 8), (8, 16), (15, 18), (15, 18), (15, 17), (16, 17), (17, 20), (18, 20), (19, 19), (19, 20)])
([136847], [8, 9, 15, 16, 17, 18, 19, 20], [(8, 16), (8, 9), (8, 9), (9, 16), (15, 17), (15, 18), (15, 18), (16, 17), (17, 20), (18, 20), (19, 19), (19, 20)])
([136848], [8, 13, 15, 16, 17, 18, 19, 20], [(8, 16), (8, 13), (8, 13), (13, 16), (15, 18), (15, 18), (15, 17), (16, 17), (17, 20), (18, 20), (19, 19), (19, 20)])
([137193], [9, 12, 15, 16, 17, 18, 19, 20], [(9, 16), (9, 17), (9, 17), (12, 18), (12, 18), (12, 20), (15, 16), (15, 15), (16, 19), (17, 19), (18, 20), (19, 20)])
([137251], [10, 14, 15, 16, 17, 18, 19, 20], [(10, 16), (10, 17), (10, 17), (14, 18), (14, 18), (14, 20), (15, 16), (15, 15), (16, 19), (17, 19), (18, 20), (19, 20)])
([137265], [6, 7, 15, 16, 17, 18, 19, 20], [(6, 18), (6, 18), (6, 20), (7, 16), (7, 17), (7, 17), (15, 16), (15, 15), (16, 19), (17, 19), (18, 20), (19, 20)])
([137266], [7, 8, 15, 16, 17, 18, 19, 20], [(7, 20), (7, 18), (7, 18), (8, 16), (8, 17), (8, 17), (15, 16), (15, 15), (16, 19), (17, 19), (18, 20), (19, 20)])
([137425], [6, 10, 13, 14, 17, 18, 19, 20], [(6, 17), (6, 17), (6, 14), (10, 18), (10, 18), (10, 20), (13, 13), (13, 14), (14, 19), (17, 19), (18, 20), (19, 20)])
([137560], [4, 9, 13, 14, 17, 18, 19, 20], [(4, 17), (4, 17), (4, 14), (9, 20), (9, 18), (9, 18), (13, 13), (13, 14), (14, 19), (17, 19), (18, 20), (19, 20)])
([137599], [7, 14, 15, 16, 17, 18, 19, 20], [(7, 16), (7, 17), (7, 17), (14, 18), (14, 18), (14, 20), (15, 16), (15, 15), (16, 19), (17, 19), (18, 20), (19, 20)])
([137601], [5, 12, 13, 14, 17, 18, 19, 20], [(5, 17), (5, 17), (5, 14), (12, 18), (12, 18), (12, 20), (13, 13), (13, 14), (14, 19), (17, 19), (18, 20), (19, 20)])
([137729], [5, 11, 15, 16, 17, 18, 19, 20], [(5, 16), (5, 17), (5, 17), (11, 18), (11, 18), (11, 20), (15, 16), (15, 15), (16, 19), (17, 19), (18, 20), (19, 20)])
([137790], [5, 9, 13, 14, 17, 18, 19, 20], [(5, 17), (5, 17), (5, 14), (9, 18), (9, 18), (9, 20), (13, 13), (13, 14), (14, 19), (17, 19), (18, 20), (19, 20)])
([137836], [7, 11, 12, 13, 15, 16, 19, 20], [(7, 13), (7, 15), (7, 15), (11, 16), (11, 16), (11, 20), (12, 12), (12, 13), (13, 19), (15, 19), (16, 20), (19, 20)])
([137928], [6, 7, 13, 14, 17, 18, 19, 20], [(6, 18), (6, 18), (6, 20), (7, 17), (7, 17), (7, 14), (13, 13), (13, 14), (14, 19), (17, 19), (18, 20), (19, 20)])
([138168], [7, 8, 15, 16, 17, 18, 19, 20], [(7, 16), (7, 8), (7, 8), (8, 16), (15, 18), (15, 18), (15, 17), (16, 17), (17, 20), (18, 20), (19, 19), (19, 20)])
([138430], [8, 9, 15, 16, 17, 18, 19, 20], [(8, 20), (8, 18), (8, 18), (9, 16), (9, 17), (9, 17), (15, 16), (15, 15), (16, 19), (17, 19), (18, 20), (19, 20)])
([138523], [5, 9, 13, 14, 17, 18, 19, 20], [(5, 17), (5, 17), (5, 14), (9, 18), (9, 18), (9, 20), (13, 13), (13, 14), (14, 19), (17, 19), (18, 20), (19, 20)])
([138553], [3, 8, 11, 12, 17, 18, 19, 20], [(3, 12), (3, 17), (3, 17), (8, 18), (8, 18), (8, 20), (11, 11), (11, 12), (12, 19), (17, 19), (18, 20), (19, 20)])
([138991], [7, 8, 15, 16, 17, 18, 19, 20], [(7, 18), (7, 18), (7, 20), (8, 16), (8, 17), (8, 17), (15, 16), (15, 15), (16, 19), (17, 19), (18, 20), (19, 20)])
([139239], [6, 9, 15, 16, 17, 18, 19, 20], [(6, 16), (6, 9), (6, 9), (9, 16), (15, 17), (15, 18), (15, 18), (16, 17), (17, 20), (18, 20), (19, 19), (19, 20)])
([139240], [5, 7, 15, 16, 17, 18, 19, 20], [(5, 16), (5, 7), (5, 7), (7, 16), (15, 17), (15, 18), (15, 18), (16, 17), (17, 20), (18, 20), (19, 19), (19, 20)])
([139492], [6, 7, 15, 16, 17, 18, 19, 20], [(6, 16), (6, 7), (6, 7), (7, 16), (15, 18), (15, 18), (15, 17), (16, 17), (17, 20), (18, 20), (19, 19), (19, 20)])
([139858], [6, 7, 13, 14, 15, 16, 19, 20], [(6, 7), (6, 7), (6, 14), (7, 14), (13, 16), (13, 16), (13, 15), (14, 15), (15, 20), (16, 20), (19, 19), (19, 20)])
([139898], [7, 12, 15, 16, 17, 18, 19, 20], [(7, 16), (7, 17), (7, 17), (12, 18), (12, 18), (12, 20), (15, 16), (15, 15), (16, 19), (17, 19), (18, 20), (19, 20)])
([139899], [5, 9, 13, 14, 17, 18, 19, 20], [(5, 17), (5, 17), (5, 14), (9, 18), (9, 18), (9, 20), (13, 13), (13, 14), (14, 19), (17, 19), (18, 20), (19, 20)])
([139947], [6, 7, 15, 16, 17, 18, 19, 20], [(6, 18), (6, 18), (6, 20), (7, 16), (7, 17), (7, 17), (15, 16), (15, 15), (16, 19), (17, 19), (18, 20), (19, 20)])
([139978], [6, 7, 15, 16, 17, 18, 19, 20], [(6, 16), (6, 7), (6, 7), (7, 16), (15, 17), (15, 18), (15, 18), (16, 17), (17, 20), (18, 20), (19, 19), (19, 20)])
([139981], [7, 12, 15, 16, 17, 18, 19, 20], [(7, 16), (7, 17), (7, 17), (12, 18), (12, 18), (12, 20), (15, 16), (15, 15), (16, 19), (17, 19), (18, 20), (19, 20)])
([140042], [6, 7, 15, 16, 17, 18, 19, 20], [(6, 16), (6, 7), (6, 7), (7, 16), (15, 18), (15, 18), (15, 17), (16, 17), (17, 20), (18, 20), (19, 19), (19, 20)])
([140118], [5, 6, 15, 16, 17, 18, 19, 20], [(5, 16), (5, 6), (5, 6), (6, 16), (15, 17), (15, 18), (15, 18), (16, 17), (17, 20), (18, 20), (19, 19), (19, 20)])
([140197], [5, 9, 13, 14, 17, 18, 19, 20], [(5, 17), (5, 17), (5, 14), (9, 20), (9, 18), (9, 18), (13, 13), (13, 14), (14, 19), (17, 19), (18, 20), (19, 20)])
([140236], [7, 8, 13, 14, 15, 16, 19, 20], [(7, 8), (7, 8), (7, 14), (8, 14), (13, 16), (13, 16), (13, 15), (14, 15), (15, 20), (16, 20), (19, 19), (19, 20)])
([140237], [6, 7, 13, 14, 15, 16, 19, 20], [(6, 14), (6, 7), (6, 7), (7, 14), (13, 16), (13, 16), (13, 15), (14, 15), (15, 20), (16, 20), (19, 19), (19, 20)])
([140251], [4, 10, 13, 14, 17, 18, 19, 20], [(4, 14), (4, 17), (4, 17), (10, 18), (10, 18), (10, 20), (13, 13), (13, 14), (14, 19), (17, 19), (18, 20), (19, 20)])
([140363], [8, 9, 15, 16, 17, 18, 19, 20], [(8, 16), (8, 9), (8, 9), (9, 16), (15, 17), (15, 18), (15, 18), (16, 17), (17, 20), (18, 20), (19, 20), (19, 19)])
([140371], [7, 11, 13, 14, 17, 18, 19, 20], [(7, 14), (7, 17), (7, 17), (11, 18), (11, 18), (11, 20), (13, 13), (13, 14), (14, 19), (17, 19), (18, 20), (19, 20)])
([140438], [7, 13, 15, 16, 17, 18, 19, 20], [(7, 16), (7, 13), (7, 13), (13, 16), (15, 17), (15, 18), (15, 18), (16, 17), (17, 20), (18, 20), (19, 19), (19, 20)])
([140555], [5, 8, 13, 14, 15, 16, 19, 20], [(5, 8), (5, 8), (5, 14), (8, 14), (13, 16), (13, 16), (13, 15), (14, 15), (15, 20), (16, 20), (19, 19), (19, 20)])
([140628], [4, 7, 15, 16, 17, 18, 19, 20], [(4, 16), (4, 7), (4, 7), (7, 16), (15, 17), (15, 18), (15, 18), (16, 17), (17, 20), (18, 20), (19, 19), (19, 20)])
([140662], [5, 9, 15, 16, 17, 18, 19, 20], [(5, 16), (5, 9), (5, 9), (9, 16), (15, 17), (15, 18), (15, 18), (16, 17), (17, 20), (18, 20), (19, 19), (19, 20)])
([140806], [6, 7, 13, 14, 15, 16, 19, 20], [(6, 14), (6, 7), (6, 7), (7, 14), (13, 16), (13, 16), (13, 15), (14, 15), (15, 20), (16, 20), (19, 19), (19, 20)])
([140812], [5, 8, 11, 12, 17, 18, 19, 20], [(5, 12), (5, 17), (5, 17), (8, 18), (8, 18), (8, 20), (11, 11), (11, 12), (12, 19), (17, 19), (18, 20), (19, 20)])
([140836], [6, 7, 15, 16, 17, 18, 19, 20], [(6, 16), (6, 7), (6, 7), (7, 16), (15, 17), (15, 18), (15, 18), (16, 17), (17, 20), (18, 20), (19, 19), (19, 20)])
([140854], [9, 10, 15, 16, 17, 18, 19, 20], [(9, 18), (9, 18), (9, 20), (10, 16), (10, 17), (10, 17), (15, 16), (15, 15), (16, 19), (17, 19), (18, 20), (19, 20)])
([140908], [4, 8, 13, 14, 15, 16, 19, 20], [(4, 8), (4, 8), (4, 14), (8, 14), (13, 16), (13, 16), (13, 15), (14, 15), (15, 20), (16, 20), (19, 19), (19, 20)])
([141054], [5, 10, 13, 14, 17, 18, 19, 20], [(5, 17), (5, 17), (5, 14), (10, 20), (10, 18), (10, 18), (13, 13), (13, 14), (14, 19), (17, 19), (18, 20), (19, 20)])
([141266], [5, 7, 13, 14, 15, 16, 19, 20], [(5, 14), (5, 7), (5, 7), (7, 14), (13, 16), (13, 16), (13, 15), (14, 15), (15, 20), (16, 20), (19, 19), (19, 20)])
([141267], [6, 7, 15, 16, 17, 18, 19, 20], [(6, 16), (6, 7), (6, 7), (7, 16), (15, 17), (15, 18), (15, 18), (16, 17), (17, 20), (18, 20), (19, 19), (19, 20)])
([141268], [7, 13, 15, 16, 17, 18, 19, 20], [(7, 16), (7, 17), (7, 17), (13, 18), (13, 18), (13, 20), (15, 16), (15, 15), (16, 19), (17, 19), (18, 20), (19, 20)])
([141269], [8, 9, 15, 16, 17, 18, 19, 20], [(8, 18), (8, 18), (8, 20), (9, 16), (9, 17), (9, 17), (15, 16), (15, 15), (16, 19), (17, 19), (18, 20), (19, 20)])
([141531], [4, 8, 11, 12, 17, 18, 19, 20], [(4, 17), (4, 17), (4, 12), (8, 18), (8, 18), (8, 20), (11, 11), (11, 12), (12, 19), (17, 19), (18, 20), (19, 20)])
([141869], [7, 14, 15, 16, 17, 18, 19, 20], [(7, 16), (7, 17), (7, 17), (14, 18), (14, 18), (14, 20), (15, 16), (15, 15), (16, 19), (17, 19), (18, 20), (19, 20)])
([141934], [6, 7, 13, 14, 15, 16, 19, 20], [(6, 14), (6, 7), (6, 7), (7, 14), (13, 16), (13, 16), (13, 15), (14, 15), (15, 20), (16, 20), (19, 19), (19, 20)])
([141995], [8, 11, 13, 14, 17, 18, 19, 20], [(8, 17), (8, 17), (8, 14), (11, 18), (11, 18), (11, 20), (13, 13), (13, 14), (14, 19), (17, 19), (18, 20), (19, 20)])
([142032], [5, 12, 13, 14, 17, 18, 19, 20], [(5, 17), (5, 17), (5, 14), (12, 18), (12, 18), (12, 20), (13, 13), (13, 14), (14, 19), (17, 19), (18, 20), (19, 20)])
([142060], [8, 12, 15, 16, 17, 18, 19, 20], [(8, 16), (8, 17), (8, 17), (12, 20), (12, 18), (12, 18), (15, 16), (15, 15), (16, 19), (17, 19), (18, 20), (19, 20)])
([142110], [6, 7, 13, 14, 15, 16, 19, 20], [(6, 14), (6, 7), (6, 7), (7, 14), (13, 16), (13, 16), (13, 15), (14, 15), (15, 20), (16, 20), (19, 19), (19, 20)])
([142127], [8, 14, 15, 16, 17, 18, 19, 20], [(8, 16), (8, 17), (8, 17), (14, 18), (14, 18), (14, 20), (15, 16), (15, 15), (16, 19), (17, 19), (18, 20), (19, 20)])
([142395], [5, 6, 13, 14, 15, 16, 19, 20], [(5, 14), (5, 6), (5, 6), (6, 14), (13, 16), (13, 16), (13, 15), (14, 15), (15, 20), (16, 20), (19, 19), (19, 20)])
([142450], [6, 9, 13, 14, 17, 18, 19, 20], [(6, 17), (6, 17), (6, 14), (9, 18), (9, 18), (9, 20), (13, 13), (13, 14), (14, 19), (17, 19), (18, 20), (19, 20)])
([142451], [6, 8, 11, 12, 17, 18, 19, 20], [(6, 17), (6, 17), (6, 12), (8, 18), (8, 18), (8, 20), (11, 11), (11, 12), (12, 19), (17, 19), (18, 20), (19, 20)])
([142603], [7, 8, 13, 14, 17, 18, 19, 20], [(7, 18), (7, 18), (7, 20), (8, 17), (8, 17), (8, 14), (13, 13), (13, 14), (14, 19), (17, 19), (18, 20), (19, 20)])
([142646], [6, 14, 15, 16, 17, 18, 19, 20], [(6, 16), (6, 17), (6, 17), (14, 18), (14, 18), (14, 20), (15, 16), (15, 15), (16, 19), (17, 19), (18, 20), (19, 20)])
([142647], [7, 11, 15, 16, 17, 18, 19, 20], [(7, 16), (7, 17), (7, 17), (11, 18), (11, 18), (11, 20), (15, 16), (15, 15), (16, 19), (17, 19), (18, 20), (19, 20)])
([142648], [6, 9, 13, 14, 17, 18, 19, 20], [(6, 17), (6, 17), (6, 14), (9, 18), (9, 18), (9, 20), (13, 13), (13, 14), (14, 19), (17, 19), (18, 20), (19, 20)])
([142649], [6, 11, 13, 14, 17, 18, 19, 20], [(6, 17), (6, 17), (6, 14), (11, 20), (11, 18), (11, 18), (13, 13), (13, 14), (14, 19), (17, 19), (18, 20), (19, 20)])
([142650], [4, 8, 11, 12, 17, 18, 19, 20], [(4, 17), (4, 17), (4, 12), (8, 20), (8, 18), (8, 18), (11, 11), (11, 12), (12, 19), (17, 19), (18, 20), (19, 20)])
([142651], [4, 12, 13, 14, 17, 18, 19, 20], [(4, 17), (4, 17), (4, 14), (12, 18), (12, 18), (12, 20), (13, 13), (13, 14), (14, 19), (17, 19), (18, 20), (19, 20)])
([142991], [7, 8, 15, 16, 17, 18, 19, 20], [(7, 8), (7, 8), (7, 16), (8, 16), (15, 18), (15, 18), (15, 17), (16, 17), (17, 20), (18, 20), (19, 19), (19, 20)])
([142992], [6, 7, 15, 16, 17, 18, 19, 20], [(6, 16), (6, 7), (6, 7), (7, 16), (15, 17), (15, 18), (15, 18), (16, 17), (17, 20), (18, 20), (19, 19), (19, 20)])
([142993], [5, 6, 15, 16, 17, 18, 19, 20], [(5, 16), (5, 6), (5, 6), (6, 16), (15, 17), (15, 18), (15, 18), (16, 17), (17, 20), (18, 20), (19, 19), (19, 20)])
([143130], [6, 12, 13, 14, 17, 18, 19, 20], [(6, 17), (6, 17), (6, 14), (12, 18), (12, 18), (12, 20), (13, 13), (13, 14), (14, 19), (17, 19), (18, 20), (19, 20)])
([143147], [4, 12, 13, 14, 17, 18, 19, 20], [(4, 17), (4, 17), (4, 14), (12, 18), (12, 18), (12, 20), (13, 13), (13, 14), (14, 19), (17, 19), (18, 20), (19, 20)])
([143187], [8, 13, 15, 16, 17, 18, 19, 20], [(8, 16), (8, 13), (8, 13), (13, 16), (15, 18), (15, 18), (15, 17), (16, 17), (17, 20), (18, 20), (19, 19), (19, 20)])
([143331], [5, 10, 13, 14, 17, 18, 19, 20], [(5, 17), (5, 17), (5, 14), (10, 18), (10, 18), (10, 20), (13, 13), (13, 14), (14, 19), (17, 19), (18, 20), (19, 20)])
([143549], [5, 11, 12, 13, 15, 16, 19, 20], [(5, 13), (5, 15), (5, 15), (11, 16), (11, 16), (11, 20), (12, 12), (12, 13), (13, 19), (15, 19), (16, 20), (19, 20)])
([143555], [9, 13, 15, 16, 17, 18, 19, 20], [(9, 16), (9, 17), (9, 17), (13, 20), (13, 18), (13, 18), (15, 16), (15, 15), (16, 19), (17, 19), (18, 20), (19, 20)])
([143595], [7, 8, 13, 14, 15, 16, 19, 20], [(7, 8), (7, 8), (7, 14), (8, 14), (13, 16), (13, 16), (13, 15), (14, 15), (15, 20), (16, 20), (19, 19), (19, 20)])
([143596], [6, 7, 13, 14, 15, 16, 19, 20], [(6, 14), (6, 7), (6, 7), (7, 14), (13, 16), (13, 16), (13, 15), (14, 15), (15, 20), (16, 20), (19, 19), (19, 20)])
([143625], [4, 7, 13, 14, 15, 16, 19, 20], [(4, 14), (4, 7), (4, 7), (7, 14), (13, 16), (13, 16), (13, 15), (14, 15), (15, 20), (16, 20), (19, 19), (19, 20)])
([143735], [6, 14, 15, 16, 17, 18, 19, 20], [(6, 16), (6, 17), (6, 17), (14, 18), (14, 18), (14, 20), (15, 16), (15, 15), (16, 19), (17, 19), (18, 20), (19, 20)])
([143888], [6, 13, 15, 16, 17, 18, 19, 20], [(6, 16), (6, 13), (6, 13), (13, 16), (15, 17), (15, 18), (15, 18), (16, 17), (17, 20), (18, 20), (19, 19), (19, 20)])
([143889], [7, 11, 15, 16, 17, 18, 19, 20], [(7, 16), (7, 11), (7, 11), (11, 16), (15, 17), (15, 18), (15, 18), (16, 17), (17, 20), (18, 20), (19, 19), (19, 20)])
([143907], [7, 8, 15, 16, 17, 18, 19, 20], [(7, 8), (7, 8), (7, 16), (8, 16), (15, 18), (15, 18), (15, 17), (16, 17), (17, 20), (18, 20), (19, 19), (19, 20)])
([144022], [8, 9, 15, 16, 17, 18, 19, 20], [(8, 16), (8, 9), (8, 9), (9, 16), (15, 17), (15, 18), (15, 18), (16, 17), (17, 20), (18, 20), (19, 19), (19, 20)])
([144110], [7, 10, 13, 14, 17, 18, 19, 20], [(7, 17), (7, 17), (7, 14), (10, 18), (10, 18), (10, 20), (13, 13), (13, 14), (14, 19), (17, 19), (18, 20), (19, 20)])
([144143], [5, 14, 15, 16, 17, 18, 19, 20], [(5, 16), (5, 17), (5, 17), (14, 18), (14, 18), (14, 20), (15, 16), (15, 15), (16, 19), (17, 19), (18, 20), (19, 20)])
([144392], [7, 8, 15, 16, 17, 18, 19, 20], [(7, 18), (7, 18), (7, 20), (8, 16), (8, 17), (8, 17), (15, 16), (15, 15), (16, 19), (17, 19), (18, 20), (19, 20)])
([144454], [8, 11, 12, 13, 15, 16, 19, 20], [(8, 13), (8, 15), (8, 15), (11, 16), (11, 16), (11, 20), (12, 12), (12, 13), (13, 19), (15, 19), (16, 20), (19, 20)])
([144469], [5, 6, 15, 16, 17, 18, 19, 20], [(5, 16), (5, 6), (5, 6), (6, 16), (15, 17), (15, 18), (15, 18), (16, 17), (17, 20), (18, 20), (19, 19), (19, 20)])
([144478], [6, 11, 15, 16, 17, 18, 19, 20], [(6, 11), (6, 11), (6, 16), (11, 16), (15, 17), (15, 18), (15, 18), (16, 17), (17, 20), (18, 20), (19, 19), (19, 20)])
([144528], [6, 7, 13, 14, 17, 18, 19, 20], [(6, 18), (6, 18), (6, 20), (7, 17), (7, 17), (7, 14), (13, 13), (13, 14), (14, 19), (17, 19), (18, 20), (19, 20)])
([144540], [6, 14, 15, 16, 17, 18, 19, 20], [(6, 16), (6, 17), (6, 17), (14, 18), (14, 18), (14, 20), (15, 16), (15, 15), (16, 19), (17, 19), (18, 20), (19, 20)])
([144674], [5, 8, 11, 12, 17, 18, 19, 20], [(5, 12), (5, 17), (5, 17), (8, 20), (8, 18), (8, 18), (11, 11), (11, 12), (12, 19), (17, 19), (18, 20), (19, 20)])
([144916], [7, 13, 15, 16, 17, 18, 19, 20], [(7, 16), (7, 13), (7, 13), (13, 16), (15, 17), (15, 18), (15, 18), (16, 17), (17, 20), (18, 20), (19, 19), (19, 20)])
([144934], [6, 14, 15, 16, 17, 18, 19, 20], [(6, 16), (6, 17), (6, 17), (14, 18), (14, 18), (14, 20), (15, 16), (15, 15), (16, 19), (17, 19), (18, 20), (19, 20)])
([145074], [5, 12, 13, 14, 17, 18, 19, 20], [(5, 17), (5, 17), (5, 14), (12, 18), (12, 18), (12, 20), (13, 13), (13, 14), (14, 19), (17, 19), (18, 20), (19, 20)])
([145083], [6, 7, 13, 14, 15, 16, 19, 20], [(6, 14), (6, 7), (6, 7), (7, 14), (13, 16), (13, 16), (13, 15), (14, 15), (15, 20), (16, 20), (19, 19), (19, 20)])
([145087], [6, 14, 15, 16, 17, 18, 19, 20], [(6, 16), (6, 17), (6, 17), (14, 18), (14, 18), (14, 20), (15, 16), (15, 15), (16, 19), (17, 19), (18, 20), (19, 20)])
([145140], [3, 10, 11, 12, 17, 18, 19, 20], [(3, 17), (3, 17), (3, 12), (10, 18), (10, 18), (10, 20), (11, 11), (11, 12), (12, 19), (17, 19), (18, 20), (19, 20)])
([145349], [7, 11, 13, 14, 17, 18, 19, 20], [(7, 17), (7, 17), (7, 14), (11, 20), (11, 18), (11, 18), (13, 13), (13, 14), (14, 19), (17, 19), (18, 20), (19, 20)])
([145350], [5, 12, 13, 14, 17, 18, 19, 20], [(5, 17), (5, 17), (5, 14), (12, 18), (12, 18), (12, 20), (13, 13), (13, 14), (14, 19), (17, 19), (18, 20), (19, 20)])
([145453], [5, 11, 15, 16, 17, 18, 19, 20], [(5, 11), (5, 11), (5, 16), (11, 16), (15, 17), (15, 18), (15, 18), (16, 17), (17, 20), (18, 20), (19, 19), (19, 20)])
([145622], [5, 6, 15, 16, 17, 18, 19, 20], [(5, 16), (5, 6), (5, 6), (6, 16), (15, 17), (15, 18), (15, 18), (16, 17), (17, 20), (18, 20), (19, 19), (19, 20)])
([145623], [5, 6, 13, 14, 15, 16, 19, 20], [(5, 14), (5, 6), (5, 6), (6, 14), (13, 16), (13, 16), (13, 15), (14, 15), (15, 20), (16, 20), (19, 19), (19, 20)])
([145676], [7, 14, 15, 16, 17, 18, 19, 20], [(7, 16), (7, 17), (7, 17), (14, 18), (14, 18), (14, 20), (15, 16), (15, 15), (16, 19), (17, 19), (18, 20), (19, 20)])
([145735], [4, 12, 13, 14, 17, 18, 19, 20], [(4, 17), (4, 17), (4, 14), (12, 18), (12, 18), (12, 20), (13, 13), (13, 14), (14, 19), (17, 19), (18, 20), (19, 20)])
([145736], [4, 11, 12, 13, 15, 16, 19, 20], [(4, 13), (4, 15), (4, 15), (11, 16), (11, 16), (11, 20), (12, 12), (12, 13), (13, 19), (15, 19), (16, 20), (19, 20)])
([145737], [5, 12, 13, 14, 17, 18, 19, 20], [(5, 17), (5, 17), (5, 14), (12, 18), (12, 18), (12, 20), (13, 13), (13, 14), (14, 19), (17, 19), (18, 20), (19, 20)])
([145751], [6, 10, 13, 14, 17, 18, 19, 20], [(6, 17), (6, 17), (6, 14), (10, 20), (10, 18), (10, 18), (13, 13), (13, 14), (14, 19), (17, 19), (18, 20), (19, 20)])
([146209], [5, 6, 13, 14, 15, 16, 19, 20], [(5, 14), (5, 6), (5, 6), (6, 14), (13, 16), (13, 16), (13, 15), (14, 15), (15, 20), (16, 20), (19, 19), (19, 20)])
([146292], [7, 8, 15, 16, 17, 18, 19, 20], [(7, 8), (7, 8), (7, 16), (8, 16), (15, 18), (15, 18), (15, 17), (16, 17), (17, 20), (18, 20), (19, 19), (19, 20)])
([146293], [5, 11, 15, 16, 17, 18, 19, 20], [(5, 11), (5, 11), (5, 16), (11, 16), (15, 17), (15, 18), (15, 18), (16, 17), (17, 20), (18, 20), (19, 19), (19, 20)])
([146313], [6, 11, 12, 13, 15, 16, 19, 20], [(6, 15), (6, 15), (6, 13), (11, 16), (11, 16), (11, 20), (12, 12), (12, 13), (13, 19), (15, 19), (16, 20), (19, 20)])
([146315], [6, 10, 13, 14, 15, 16, 19, 20], [(6, 10), (6, 10), (6, 14), (10, 14), (13, 16), (13, 16), (13, 15), (14, 15), (15, 20), (16, 20), (19, 19), (19, 20)])
([146426], [7, 10, 13, 14, 15, 16, 19, 20], [(7, 10), (7, 10), (7, 14), (10, 14), (13, 16), (13, 16), (13, 15), (14, 15), (15, 20), (16, 20), (19, 19), (19, 20)])
([146712], [4, 11, 12, 13, 15, 16, 19, 20], [(4, 13), (4, 15), (4, 15), (11, 16), (11, 16), (11, 20), (12, 12), (12, 13), (13, 19), (15, 19), (16, 20), (19, 20)])
([146820], [4, 9, 15, 16, 17, 18, 19, 20], [(4, 16), (4, 9), (4, 9), (9, 16), (15, 17), (15, 18), (15, 18), (16, 17), (17, 20), (18, 20), (19, 19), (19, 20)])
([146835], [6, 12, 13, 14, 17, 18, 19, 20], [(6, 17), (6, 17), (6, 14), (12, 18), (12, 18), (12, 20), (13, 13), (13, 14), (14, 19), (17, 19), (18, 20), (19, 20)])
([146902], [5, 11, 12, 13, 15, 16, 19, 20], [(5, 13), (5, 15), (5, 15), (11, 16), (11, 16), (11, 20), (12, 12), (12, 13), (13, 19), (15, 19), (16, 20), (19, 20)])
([146948], [5, 12, 13, 14, 17, 18, 19, 20], [(5, 17), (5, 17), (5, 14), (12, 18), (12, 18), (12, 20), (13, 13), (13, 14), (14, 19), (17, 19), (18, 20), (19, 20)])
([146954], [5, 10, 13, 14, 15, 16, 19, 20], [(5, 10), (5, 10), (5, 14), (10, 14), (13, 16), (13, 16), (13, 15), (14, 15), (15, 20), (16, 20), (19, 19), (19, 20)])
([146990], [5, 10, 13, 14, 15, 16, 19, 20], [(5, 10), (5, 10), (5, 14), (10, 14), (13, 16), (13, 16), (13, 15), (14, 15), (15, 20), (16, 20), (19, 19), (19, 20)])
([147060], [5, 6, 13, 14, 15, 16, 19, 20], [(5, 14), (5, 6), (5, 6), (6, 14), (13, 16), (13, 16), (13, 15), (14, 15), (15, 20), (16, 20), (19, 19), (19, 20)])
([147121], [3, 9, 10, 11, 15, 16, 19, 20], [(3, 11), (3, 15), (3, 15), (9, 16), (9, 16), (9, 20), (10, 10), (10, 11), (11, 19), (15, 19), (16, 20), (19, 20)])
([147139], [4, 10, 11, 12, 17, 18, 19, 20], [(4, 17), (4, 17), (4, 12), (10, 18), (10, 18), (10, 20), (11, 11), (11, 12), (12, 19), (17, 19), (18, 20), (19, 20)])
([147286], [6, 11, 15, 16, 17, 18, 19, 20], [(6, 11), (6, 11), (6, 16), (11, 16), (15, 17), (15, 18), (15, 18), (16, 17), (17, 20), (18, 20), (19, 19), (19, 20)])
([147482], [4, 8, 13, 14, 15, 16, 19, 20], [(4, 8), (4, 8), (4, 14), (8, 14), (13, 16), (13, 16), (13, 15), (14, 15), (15, 20), (16, 20), (19, 19), (19, 20)])
([147501], [4, 9, 10, 11, 15, 16, 19, 20], [(4, 11), (4, 15), (4, 15), (9, 16), (9, 16), (9, 20), (10, 10), (10, 11), (11, 19), (15, 19), (16, 20), (19, 20)])
([147528], [4, 8, 13, 14, 15, 16, 19, 20], [(4, 8), (4, 8), (4, 14), (8, 14), (13, 16), (13, 16), (13, 15), (14, 15), (15, 20), (16, 20), (19, 19), (19, 20)])
([147547], [6, 10, 13, 14, 15, 16, 19, 20], [(6, 10), (6, 10), (6, 14), (10, 14), (13, 16), (13, 16), (13, 15), (14, 15), (15, 20), (16, 20), (19, 19), (19, 20)])
([147649], [5, 11, 12, 13, 15, 16, 19, 20], [(5, 13), (5, 15), (5, 15), (11, 16), (11, 16), (11, 20), (12, 12), (12, 13), (13, 19), (15, 19), (16, 20), (19, 20)])
([147787], [4, 7, 11, 12, 13, 14, 19, 20], [(4, 12), (4, 7), (4, 7), (7, 12), (11, 14), (11, 14), (11, 13), (12, 13), (13, 20), (14, 20), (19, 19), (19, 20)])
