([6985], [6, 12, 13, 14, 17, 18, 19, 20], [(6, 18), (6, 19), (6, 12), (12, 14), (12, 13), (13, 18), (13, 14), (14, 19), (17, 17), (17, 18), (19, 20), (20, 20)])
([13446], [4, 12, 13, 14, 17, 18, 19, 20], [(4, 18), (4, 19), (4, 12), (12, 13), (12, 14), (13, 18), (13, 14), (14, 19), (17, 17), (17, 18), (19, 20), (20, 20)])
([14402], [10, 11, 13, 14, 17, 18, 19, 20], [(10, 11), (10, 13), (10, 14), (11, 18), (11, 14), (13, 19), (13, 18), (14, 19), (17, 17), (17, 18), (19, 20), (20, 20)])
([14597], [6, 10, 11, 14, 17, 18, 19, 20], [(6, 10), (6, 19), (6, 18), (10, 11), (10, 14), (11, 18), (11, 14), (14, 19), (17, 17), (17, 18), (19, 20), (20, 20)])
([16614], [6, 9, 10, 12, 17, 18, 19, 20], [(6, 9), (6, 18), (6, 19), (9, 10), (9, 12), (10, 18), (10, 12), (12, 19), (17, 17), (17, 18), (19, 20), (20, 20)])
([16668], [3, 10, 11, 14, 17, 18, 19, 20], [(3, 10), (3, 19), (3, 18), (10, 11), (10, 14), (11, 18), (11, 14), (14, 19), (17, 17), (17, 18), (19, 20), (20, 20)])
([16939], [10, 11, 13, 16, 17, 18, 19, 20], [(10, 11), (10, 20), (10, 13), (11, 17), (11, 13), (13, 18), (16, 16), (16, 17), (17, 20), (18, 19), (18, 20), (19, 19)])
([17255], [3, 11, 12, 14, 17, 18, 19, 20], [(3, 19), (3, 18), (3, 11), (11, 12), (11, 14), (12, 18), (12, 14), (14, 19), (17, 17), (17, 18), (19, 20), (20, 20)])
([19164], [10, 11, 13, 14, 17, 18, 19, 20], [(10, 11), (10, 13), (10, 14), (11, 18), (11, 14), (13, 19), (13, 18), (14, 19), (17, 17), (17, 18), (19, 20), (20, 20)])
([19174], [8, 9, 11, 14, 17, 18, 19, 20], [(8, 9), (8, 11), (8, 14), (9, 18), (9, 14), (11, 18), (11, 19), (14, 19), (17, 17), (17, 18), (19, 20), (20, 20)])
([19711], [4, 10, 11, 14, 17, 18, 19, 20], [(4, 10), (4, 19), (4, 18), (10, 11), (10, 14), (11, 18), (11, 14), (14, 19), (17, 17), (17, 18), (19, 20), (20, 20)])
([23146], [5, 8, 9, 11, 15, 16, 19, 20], [(5, 8), (5, 16), (5, 19), (8, 9), (8, 11), (9, 16), (9, 11), (11, 19), (15, 16), (15, 15), (19, 20), (20, 20)])
([23522], [8, 9, 11, 14, 17, 18, 19, 20], [(8, 9), (8, 11), (8, 14), (9, 18), (9, 14), (11, 18), (11, 19), (14, 19), (17, 17), (17, 18), (19, 20), (20, 20)])
([23667], [3, 9, 10, 14, 17, 18, 19, 20], [(3, 9), (3, 18), (3, 19), (9, 10), (9, 14), (10, 18), (10, 14), (14, 19), (17, 17), (17, 18), (19, 20), (20, 20)])
([23668], [4, 9, 10, 12, 17, 18, 19, 20], [(4, 9), (4, 18), (4, 19), (9, 12), (9, 10), (10, 18), (10, 12), (12, 19), (17, 17), (17, 18), (19, 20), (20, 20)])
([23669], [3, 8, 9, 14, 17, 18, 19, 20], [(3, 8), (3, 18), (3, 19), (8, 9), (8, 14), (9, 18), (9, 14), (14, 19), (17, 17), (17, 18), (19, 20), (20, 20)])
([24624], [9, 10, 13, 14, 17, 18, 19, 20], [(9, 10), (9, 13), (9, 14), (10, 18), (10, 14), (13, 18), (13, 19), (14, 19), (17, 17), (17, 18), (19, 20), (20, 20)])
([26563], [7, 8, 10, 12, 17, 18, 19, 20], [(7, 8), (7, 10), (7, 12), (8, 18), (8, 12), (10, 18), (10, 19), (12, 19), (17, 17), (17, 18), (19, 20), (20, 20)])
([26564], [8, 9, 13, 16, 17, 18, 19, 20], [(8, 9), (8, 20), (8, 13), (9, 17), (9, 13), (13, 18), (16, 16), (16, 17), (17, 20), (18, 19), (18, 20), (19, 19)])
([28239], [6, 9, 10, 13, 17, 18, 19, 20], [(6, 9), (6, 18), (6, 19), (9, 10), (9, 13), (10, 18), (10, 13), (13, 19), (17, 17), (17, 18), (19, 20), (20, 20)])
([28268], [3, 10, 11, 13, 15, 16, 17, 18], [(3, 16), (3, 17), (3, 10), (10, 11), (10, 13), (11, 16), (11, 13), (13, 17), (15, 16), (15, 15), (17, 18), (18, 18)])
([28269], [8, 9, 13, 14, 17, 18, 19, 20], [(8, 9), (8, 13), (8, 14), (9, 18), (9, 14), (13, 18), (13, 19), (14, 19), (17, 17), (17, 18), (19, 20), (20, 20)])
([29976], [10, 11, 13, 16, 17, 18, 19, 20], [(10, 11), (10, 20), (10, 13), (11, 13), (11, 17), (13, 18), (16, 16), (16, 17), (17, 20), (18, 19), (18, 20), (19, 19)])
([31630], [3, 8, 9, 12, 17, 18, 19, 20], [(3, 8), (3, 18), (3, 19), (8, 9), (8, 12), (9, 18), (9, 12), (12, 19), (17, 17), (17, 18), (19, 20), (20, 20)])
([33209], [8, 9, 12, 13, 15, 16, 17, 18], [(8, 9), (8, 12), (8, 13), (9, 13), (9, 16), (12, 17), (12, 16), (13, 17), (15, 16), (15, 15), (17, 18), (18, 18)])
([33456], [3, 8, 9, 11, 15, 16, 19, 20], [(3, 8), (3, 16), (3, 19), (8, 11), (8, 9), (9, 11), (9, 16), (11, 19), (15, 16), (15, 15), (19, 20), (20, 20)])
([34563], [8, 9, 13, 16, 17, 18, 19, 20], [(8, 9), (8, 20), (8, 13), (9, 13), (9, 17), (13, 18), (16, 16), (16, 17), (17, 20), (18, 19), (18, 20), (19, 19)])
([35697], [7, 8, 10, 13, 17, 18, 19, 20], [(7, 8), (7, 10), (7, 13), (8, 18), (8, 13), (10, 19), (10, 18), (13, 19), (17, 17), (17, 18), (19, 20), (20, 20)])
([35698], [7, 8, 10, 12, 17, 18, 19, 20], [(7, 8), (7, 10), (7, 12), (8, 18), (8, 12), (10, 18), (10, 19), (12, 19), (17, 17), (17, 18), (19, 20), (20, 20)])
([35699], [6, 7, 9, 11, 15, 16, 19, 20], [(6, 9), (6, 11), (6, 7), (7, 16), (7, 11), (9, 16), (9, 19), (11, 19), (15, 16), (15, 15), (19, 20), (20, 20)])
([35700], [7, 8, 11, 16, 17, 18, 19, 20], [(7, 8), (7, 11), (7, 20), (8, 17), (8, 11), (11, 18), (16, 16), (16, 17), (17, 20), (18, 19), (18, 20), (19, 19)])
([35898], [3, 8, 9, 13, 15, 16, 17, 18], [(3, 8), (3, 17), (3, 16), (8, 9), (8, 13), (9, 13), (9, 16), (13, 17), (15, 16), (15, 15), (17, 18), (18, 18)])
([36129], [9, 10, 13, 16, 17, 18, 19, 20], [(9, 10), (9, 20), (9, 13), (10, 13), (10, 17), (13, 18), (16, 16), (16, 17), (17, 20), (18, 19), (18, 20), (19, 19)])
([37565], [6, 7, 11, 14, 17, 18, 19, 20], [(6, 11), (6, 14), (6, 7), (7, 18), (7, 14), (11, 18), (11, 19), (14, 19), (17, 17), (17, 18), (19, 20), (20, 20)])
([39339], [4, 9, 10, 13, 17, 18, 19, 20], [(4, 9), (4, 18), (4, 19), (9, 10), (9, 13), (10, 18), (10, 13), (13, 19), (17, 17), (17, 18), (19, 20), (20, 20)])
([39423], [7, 8, 11, 14, 17, 18, 19, 20], [(7, 8), (7, 11), (7, 14), (8, 18), (8, 14), (11, 18), (11, 19), (14, 19), (17, 17), (17, 18), (19, 20), (20, 20)])
([41739], [3, 7, 8, 12, 17, 18, 19, 20], [(3, 18), (3, 19), (3, 7), (7, 8), (7, 12), (8, 18), (8, 12), (12, 19), (17, 17), (17, 18), (19, 20), (20, 20)])
([41823], [8, 9, 13, 16, 17, 18, 19, 20], [(8, 9), (8, 20), (8, 13), (9, 13), (9, 17), (13, 18), (16, 16), (16, 17), (17, 20), (18, 19), (18, 20), (19, 19)])
([43850], [6, 7, 9, 11, 15, 16, 19, 20], [(6, 9), (6, 11), (6, 7), (7, 16), (7, 11), (9, 16), (9, 19), (11, 19), (15, 16), (15, 15), (19, 20), (20, 20)])
([44438], [6, 7, 10, 12, 17, 18, 19, 20], [(6, 10), (6, 12), (6, 7), (7, 18), (7, 12), (10, 18), (10, 19), (12, 19), (17, 17), (17, 18), (19, 20), (20, 20)])
([44665], [3, 7, 8, 13, 17, 18, 19, 20], [(3, 18), (3, 19), (3, 7), (7, 8), (7, 13), (8, 18), (8, 13), (13, 19), (17, 17), (17, 18), (19, 20), (20, 20)])
([45812], [7, 8, 11, 16, 17, 18, 19, 20], [(7, 8), (7, 11), (7, 20), (8, 11), (8, 17), (11, 18), (16, 16), (16, 17), (17, 20), (18, 19), (18, 20), (19, 19)])
([46490], [5, 9, 11, 15, 16, 18, 19, 20], [(5, 18), (5, 9), (5, 15), (9, 18), (9, 11), (11, 20), (11, 15), (15, 16), (16, 16), (18, 20), (19, 19), (19, 20)])
([47675], [3, 8, 9, 13, 17, 18, 19, 20], [(3, 8), (3, 18), (3, 19), (8, 9), (8, 13), (9, 18), (9, 13), (13, 19), (17, 17), (17, 18), (19, 20), (20, 20)])
([47690], [3, 7, 8, 11, 15, 16, 17, 18], [(3, 16), (3, 17), (3, 7), (7, 8), (7, 11), (8, 16), (8, 11), (11, 17), (15, 16), (15, 15), (17, 18), (18, 18)])
([49115], [8, 9, 12, 14, 15, 16, 17, 18], [(8, 9), (8, 18), (8, 12), (9, 12), (9, 15), (12, 16), (14, 15), (14, 14), (15, 18), (16, 17), (16, 18), (17, 17)])
([50984], [7, 8, 13, 16, 17, 18, 19, 20], [(7, 8), (7, 20), (7, 13), (8, 17), (8, 13), (13, 18), (16, 16), (16, 17), (17, 20), (18, 19), (18, 20), (19, 19)])
([51527], [6, 7, 10, 13, 15, 16, 17, 18], [(6, 10), (6, 13), (6, 7), (7, 16), (7, 13), (10, 16), (10, 17), (13, 17), (15, 16), (15, 15), (17, 18), (18, 18)])
([52627], [6, 7, 13, 16, 17, 18, 19, 20], [(6, 20), (6, 13), (6, 7), (7, 13), (7, 17), (13, 18), (16, 16), (16, 17), (17, 20), (18, 19), (18, 20), (19, 19)])
([52965], [5, 6, 10, 12, 17, 18, 19, 20], [(5, 10), (5, 12), (5, 6), (6, 18), (6, 12), (10, 18), (10, 19), (12, 19), (17, 17), (17, 18), (19, 20), (20, 20)])
([53031], [7, 8, 10, 13, 17, 18, 19, 20], [(7, 8), (7, 10), (7, 13), (8, 18), (8, 13), (10, 19), (10, 18), (13, 19), (17, 17), (17, 18), (19, 20), (20, 20)])
([53139], [2, 7, 8, 11, 15, 16, 19, 20], [(2, 16), (2, 19), (2, 7), (7, 8), (7, 11), (8, 16), (8, 11), (11, 19), (15, 16), (15, 15), (19, 20), (20, 20)])
([53593], [2, 6, 7, 11, 15, 16, 19, 20], [(2, 16), (2, 19), (2, 6), (6, 11), (6, 7), (7, 16), (7, 11), (11, 19), (15, 16), (15, 15), (19, 20), (20, 20)])
([53600], [7, 8, 12, 16, 17, 18, 19, 20], [(7, 8), (7, 20), (7, 12), (8, 17), (8, 12), (12, 18), (16, 16), (16, 17), (17, 20), (18, 20), (18, 19), (19, 19)])
([54761], [6, 7, 10, 14, 15, 18, 19, 20], [(6, 10), (6, 20), (6, 7), (7, 10), (7, 15), (10, 18), (14, 14), (14, 15), (15, 20), (18, 19), (18, 20), (19, 19)])
([58304], [5, 6, 10, 13, 17, 18, 19, 20], [(5, 10), (5, 13), (5, 6), (6, 18), (6, 13), (10, 18), (10, 19), (13, 19), (17, 17), (17, 18), (19, 20), (20, 20)])
([58369], [4, 5, 9, 11, 15, 16, 19, 20], [(4, 9), (4, 11), (4, 5), (5, 16), (5, 11), (9, 16), (9, 19), (11, 19), (15, 16), (15, 15), (19, 20), (20, 20)])
([58370], [2, 6, 7, 10, 13, 14, 17, 18], [(2, 17), (2, 14), (2, 6), (6, 10), (6, 7), (7, 10), (7, 14), (10, 17), (13, 13), (13, 14), (17, 18), (18, 18)])
([58782], [5, 6, 9, 11, 15, 16, 17, 18], [(5, 9), (5, 11), (5, 6), (6, 16), (6, 11), (9, 16), (9, 17), (11, 17), (15, 16), (15, 15), (17, 18), (18, 18)])
([59894], [7, 9, 11, 15, 16, 18, 19, 20], [(7, 9), (7, 18), (7, 11), (9, 18), (9, 15), (11, 15), (11, 20), (15, 16), (16, 16), (18, 20), (19, 19), (19, 20)])
([60339], [5, 8, 9, 15, 16, 18, 19, 20], [(5, 8), (5, 18), (5, 15), (8, 9), (8, 18), (9, 20), (9, 15), (15, 16), (16, 16), (18, 20), (19, 20), (19, 19)])
([62322], [3, 7, 8, 12, 15, 16, 17, 18], [(3, 16), (3, 17), (3, 7), (7, 8), (7, 12), (8, 16), (8, 12), (12, 17), (15, 16), (15, 15), (17, 18), (18, 18)])
([62857], [5, 6, 11, 16, 17, 18, 19, 20], [(5, 11), (5, 20), (5, 6), (6, 11), (6, 17), (11, 18), (16, 16), (16, 17), (17, 20), (18, 19), (18, 20), (19, 19)])
([63577], [6, 7, 10, 13, 17, 18, 19, 20], [(6, 10), (6, 13), (6, 7), (7, 18), (7, 13), (10, 18), (10, 19), (13, 19), (17, 17), (17, 18), (19, 20), (20, 20)])
([64144], [5, 6, 9, 11, 15, 16, 19, 20], [(5, 9), (5, 11), (5, 6), (6, 16), (6, 11), (9, 16), (9, 19), (11, 19), (15, 16), (15, 15), (19, 20), (20, 20)])
([64508], [6, 7, 10, 14, 15, 18, 19, 20], [(6, 10), (6, 20), (6, 7), (7, 10), (7, 15), (10, 18), (14, 14), (14, 15), (15, 20), (18, 19), (18, 20), (19, 19)])
([66274], [6, 7, 12, 14, 15, 16, 17, 18], [(6, 18), (6, 12), (6, 7), (7, 12), (7, 15), (12, 16), (14, 14), (14, 15), (15, 18), (16, 18), (16, 17), (17, 17)])
([66792], [7, 8, 12, 16, 17, 18, 19, 20], [(7, 8), (7, 20), (7, 12), (8, 12), (8, 17), (12, 18), (16, 16), (16, 17), (17, 20), (18, 20), (18, 19), (19, 19)])
([68338], [0, 10, 14, 16, 17, 18, 19, 20], [(0, 20), (0, 10), (0, 14), (10, 14), (10, 17), (14, 18), (16, 16), (16, 17), (17, 18), (18, 20), (19, 19), (19, 20)])
([69975], [6, 7, 11, 16, 17, 18, 19, 20], [(6, 11), (6, 20), (6, 7), (7, 17), (7, 11), (11, 18), (16, 16), (16, 17), (17, 20), (18, 19), (18, 20), (19, 19)])
([72047], [3, 9, 11, 15, 16, 18, 19, 20], [(3, 18), (3, 9), (3, 15), (9, 11), (9, 18), (11, 20), (11, 15), (15, 16), (16, 16), (18, 20), (19, 19), (19, 20)])
([75489], [7, 10, 14, 15, 17, 18, 19, 20], [(7, 17), (7, 10), (7, 18), (10, 20), (10, 14), (14, 17), (14, 15), (15, 15), (17, 18), (18, 20), (19, 19), (19, 20)])
([76590], [6, 7, 12, 16, 17, 18, 19, 20], [(6, 20), (6, 12), (6, 7), (7, 17), (7, 12), (12, 18), (16, 16), (16, 17), (17, 20), (18, 20), (18, 19), (19, 19)])
([76591], [5, 6, 12, 16, 17, 18, 19, 20], [(5, 20), (5, 12), (5, 6), (6, 12), (6, 17), (12, 18), (16, 16), (16, 17), (17, 20), (18, 20), (18, 19), (19, 19)])
([78642], [3, 8, 9, 15, 16, 18, 19, 20], [(3, 8), (3, 18), (3, 15), (8, 9), (8, 18), (9, 20), (9, 15), (15, 16), (16, 16), (18, 20), (19, 20), (19, 19)])
([79219], [7, 9, 11, 15, 16, 18, 19, 20], [(7, 9), (7, 18), (7, 11), (9, 18), (9, 15), (11, 15), (11, 20), (15, 16), (16, 16), (18, 20), (19, 19), (19, 20)])
([80406], [5, 6, 10, 14, 15, 18, 19, 20], [(5, 10), (5, 20), (5, 6), (6, 10), (6, 15), (10, 18), (14, 14), (14, 15), (15, 20), (18, 19), (18, 20), (19, 19)])
([80797], [5, 6, 9, 12, 15, 16, 17, 18], [(5, 9), (5, 12), (5, 6), (6, 16), (6, 12), (9, 16), (9, 17), (12, 17), (15, 16), (15, 15), (17, 18), (18, 18)])
([81524], [4, 5, 8, 10, 13, 14, 17, 18], [(4, 8), (4, 10), (4, 5), (5, 10), (5, 14), (8, 17), (8, 14), (10, 17), (13, 13), (13, 14), (17, 18), (18, 18)])
([81537], [0, 8, 14, 16, 17, 18, 19, 20], [(0, 8), (0, 20), (0, 14), (8, 14), (8, 17), (14, 18), (16, 16), (16, 17), (17, 18), (18, 20), (19, 19), (19, 20)])
([82002], [2, 7, 11, 15, 16, 18, 19, 20], [(2, 18), (2, 7), (2, 15), (7, 11), (7, 18), (11, 15), (11, 20), (15, 16), (16, 16), (18, 20), (19, 19), (19, 20)])
([82664], [8, 11, 14, 16, 17, 18, 19, 20], [(8, 17), (8, 11), (8, 14), (11, 20), (11, 14), (14, 18), (16, 16), (16, 17), (17, 18), (18, 20), (19, 19), (19, 20)])
([83849], [4, 5, 10, 14, 15, 18, 19, 20], [(4, 10), (4, 20), (4, 5), (5, 10), (5, 15), (10, 18), (14, 14), (14, 15), (15, 20), (18, 19), (18, 20), (19, 19)])
([84722], [6, 8, 9, 15, 16, 18, 19, 20], [(6, 8), (6, 9), (6, 18), (8, 18), (8, 15), (9, 20), (9, 15), (15, 16), (16, 16), (18, 20), (19, 20), (19, 19)])
([85753], [2, 8, 11, 15, 16, 18, 19, 20], [(2, 18), (2, 8), (2, 15), (8, 11), (8, 18), (11, 20), (11, 15), (15, 16), (16, 16), (18, 20), (19, 19), (19, 20)])
([88009], [5, 6, 10, 14, 15, 16, 17, 18], [(5, 10), (5, 18), (5, 6), (6, 10), (6, 15), (10, 16), (14, 14), (14, 15), (15, 18), (16, 17), (16, 18), (17, 17)])
([89380], [5, 8, 10, 15, 16, 18, 19, 20], [(5, 18), (5, 8), (5, 15), (8, 10), (8, 18), (10, 20), (10, 15), (15, 16), (16, 16), (18, 20), (19, 19), (19, 20)])
([90058], [0, 10, 14, 16, 17, 18, 19, 20], [(0, 20), (0, 10), (0, 14), (10, 14), (10, 17), (14, 18), (16, 16), (16, 17), (17, 18), (18, 20), (19, 20), (19, 19)])
([90315], [4, 7, 8, 15, 16, 18, 19, 20], [(4, 18), (4, 15), (4, 7), (7, 8), (7, 18), (8, 15), (8, 20), (15, 16), (16, 16), (18, 20), (19, 20), (19, 19)])
([90964], [5, 6, 11, 14, 15, 16, 17, 18], [(5, 18), (5, 11), (5, 6), (6, 11), (6, 15), (11, 16), (14, 14), (14, 15), (15, 18), (16, 17), (16, 18), (17, 17)])
([91700], [2, 6, 9, 15, 16, 18, 19, 20], [(2, 18), (2, 6), (2, 15), (6, 9), (6, 18), (9, 20), (9, 15), (15, 16), (16, 16), (18, 20), (19, 20), (19, 19)])
([92375], [9, 11, 14, 16, 17, 18, 19, 20], [(9, 17), (9, 11), (9, 14), (11, 20), (11, 14), (14, 18), (16, 16), (16, 17), (17, 18), (18, 20), (19, 19), (19, 20)])
([92565], [5, 9, 11, 15, 16, 18, 19, 20], [(5, 9), (5, 18), (5, 11), (9, 18), (9, 15), (11, 20), (11, 15), (15, 16), (16, 16), (18, 20), (19, 19), (19, 20)])
([94920], [6, 8, 10, 15, 16, 18, 19, 20], [(6, 8), (6, 10), (6, 18), (8, 18), (8, 15), (10, 20), (10, 15), (15, 16), (16, 16), (18, 20), (19, 19), (19, 20)])
([96566], [6, 8, 14, 15, 17, 18, 19, 20], [(6, 8), (6, 17), (6, 18), (8, 20), (8, 14), (14, 17), (14, 15), (15, 15), (17, 18), (18, 20), (19, 19), (19, 20)])
([97908], [6, 9, 14, 16, 17, 18, 19, 20], [(6, 17), (6, 14), (6, 9), (9, 20), (9, 14), (14, 18), (16, 16), (16, 17), (17, 18), (18, 20), (19, 19), (19, 20)])
([99092], [0, 9, 12, 14, 15, 18, 19, 20], [(0, 9), (0, 12), (0, 20), (9, 12), (9, 15), (12, 18), (14, 14), (14, 15), (15, 18), (18, 20), (19, 19), (19, 20)])
([99311], [8, 11, 14, 16, 17, 18, 19, 20], [(8, 17), (8, 11), (8, 14), (11, 20), (11, 14), (14, 18), (16, 16), (16, 17), (17, 18), (18, 20), (19, 20), (19, 19)])
([99654], [6, 8, 9, 15, 16, 18, 19, 20], [(6, 8), (6, 9), (6, 18), (8, 18), (8, 15), (9, 20), (9, 15), (15, 16), (16, 16), (18, 20), (19, 20), (19, 19)])
([100990], [0, 11, 14, 16, 17, 18, 19, 20], [(0, 11), (0, 20), (0, 14), (11, 14), (11, 17), (14, 18), (16, 16), (16, 17), (17, 18), (18, 20), (19, 19), (19, 20)])
([101350], [3, 8, 10, 15, 16, 18, 19, 20], [(3, 18), (3, 8), (3, 15), (8, 10), (8, 18), (10, 20), (10, 15), (15, 16), (16, 16), (18, 20), (19, 19), (19, 20)])
([101936], [4, 5, 9, 12, 13, 16, 17, 18], [(4, 9), (4, 18), (4, 5), (5, 9), (5, 13), (9, 16), (12, 12), (12, 13), (13, 18), (16, 18), (16, 17), (17, 17)])
([103076], [6, 10, 14, 16, 17, 18, 19, 20], [(6, 10), (6, 20), (6, 14), (10, 17), (10, 14), (14, 18), (16, 16), (16, 17), (17, 18), (18, 20), (19, 19), (19, 20)])
([103803], [5, 7, 8, 15, 16, 18, 19, 20], [(5, 8), (5, 18), (5, 7), (7, 18), (7, 15), (8, 20), (8, 15), (15, 16), (16, 16), (18, 20), (19, 20), (19, 19)])
([105512], [0, 8, 14, 16, 17, 18, 19, 20], [(0, 8), (0, 20), (0, 14), (8, 14), (8, 17), (14, 18), (16, 16), (16, 17), (17, 18), (18, 20), (19, 20), (19, 19)])
([105846], [2, 7, 10, 13, 14, 18, 19, 20], [(2, 18), (2, 13), (2, 7), (7, 18), (7, 10), (10, 20), (10, 13), (13, 14), (14, 14), (18, 20), (19, 19), (19, 20)])
([105881], [7, 11, 13, 16, 17, 18, 19, 20], [(7, 18), (7, 11), (7, 13), (11, 16), (11, 20), (13, 16), (13, 18), (16, 17), (17, 17), (18, 20), (19, 19), (19, 20)])
([106687], [0, 7, 14, 16, 17, 18, 19, 20], [(0, 20), (0, 7), (0, 14), (7, 14), (7, 17), (14, 18), (16, 16), (16, 17), (17, 18), (18, 20), (19, 19), (19, 20)])
([107472], [7, 10, 14, 15, 17, 18, 19, 20], [(7, 17), (7, 10), (7, 18), (10, 20), (10, 14), (14, 17), (14, 15), (15, 15), (17, 18), (18, 20), (19, 19), (19, 20)])
([107665], [4, 7, 8, 13, 14, 16, 19, 20], [(4, 16), (4, 7), (4, 13), (7, 8), (7, 16), (8, 20), (8, 13), (13, 14), (14, 14), (16, 20), (19, 19), (19, 20)])
([107880], [6, 9, 11, 15, 16, 18, 19, 20], [(6, 9), (6, 18), (6, 11), (9, 18), (9, 15), (11, 20), (11, 15), (15, 16), (16, 16), (18, 20), (19, 19), (19, 20)])
([107947], [2, 7, 9, 15, 16, 18, 19, 20], [(2, 18), (2, 7), (2, 15), (7, 9), (7, 18), (9, 15), (9, 20), (15, 16), (16, 16), (18, 20), (19, 20), (19, 19)])
([108451], [2, 7, 8, 15, 16, 18, 19, 20], [(2, 18), (2, 15), (2, 7), (7, 8), (7, 18), (8, 15), (8, 20), (15, 16), (16, 16), (18, 20), (19, 20), (19, 19)])
([109359], [1, 6, 8, 15, 16, 18, 19, 20], [(1, 18), (1, 6), (1, 15), (6, 8), (6, 18), (8, 20), (8, 15), (15, 16), (16, 16), (18, 20), (19, 20), (19, 19)])
([109360], [2, 7, 8, 13, 14, 16, 19, 20], [(2, 16), (2, 7), (2, 13), (7, 8), (7, 16), (8, 20), (8, 13), (13, 14), (14, 14), (16, 20), (19, 19), (19, 20)])
([109361], [5, 7, 8, 15, 16, 18, 19, 20], [(5, 8), (5, 18), (5, 7), (7, 18), (7, 15), (8, 20), (8, 15), (15, 16), (16, 16), (18, 20), (19, 20), (19, 19)])
([109362], [1, 5, 8, 15, 16, 18, 19, 20], [(1, 18), (1, 5), (1, 15), (5, 8), (5, 18), (8, 20), (8, 15), (15, 16), (16, 16), (18, 20), (19, 20), (19, 19)])
([110268], [6, 11, 14, 16, 17, 18, 19, 20], [(6, 11), (6, 20), (6, 14), (11, 17), (11, 14), (14, 18), (16, 16), (16, 17), (17, 18), (18, 20), (19, 19), (19, 20)])
([110700], [5, 7, 8, 13, 14, 16, 19, 20], [(5, 8), (5, 16), (5, 7), (7, 16), (7, 13), (8, 20), (8, 13), (13, 14), (14, 14), (16, 20), (19, 19), (19, 20)])
([110807], [2, 6, 10, 15, 16, 18, 19, 20], [(2, 18), (2, 6), (2, 15), (6, 18), (6, 10), (10, 20), (10, 15), (15, 16), (16, 16), (18, 20), (19, 19), (19, 20)])
([112479], [6, 9, 14, 16, 17, 18, 19, 20], [(6, 17), (6, 14), (6, 9), (9, 20), (9, 14), (14, 18), (16, 16), (16, 17), (17, 18), (18, 20), (19, 20), (19, 19)])
([113096], [5, 8, 9, 15, 16, 18, 19, 20], [(5, 8), (5, 9), (5, 18), (8, 18), (8, 15), (9, 20), (9, 15), (15, 16), (16, 16), (18, 20), (19, 20), (19, 19)])
([113098], [6, 8, 10, 15, 16, 18, 19, 20], [(6, 8), (6, 10), (6, 18), (8, 18), (8, 15), (10, 20), (10, 15), (15, 16), (16, 16), (18, 20), (19, 19), (19, 20)])
([113099], [6, 8, 14, 15, 17, 18, 19, 20], [(6, 8), (6, 17), (6, 18), (8, 20), (8, 14), (14, 17), (14, 15), (15, 15), (17, 18), (18, 20), (19, 19), (19, 20)])
([113100], [4, 8, 9, 15, 16, 18, 19, 20], [(4, 8), (4, 9), (4, 18), (8, 18), (8, 15), (9, 20), (9, 15), (15, 16), (16, 16), (18, 20), (19, 20), (19, 19)])
([115217], [5, 8, 14, 16, 17, 18, 19, 20], [(5, 8), (5, 20), (5, 14), (8, 17), (8, 14), (14, 18), (16, 16), (16, 17), (17, 18), (18, 20), (19, 19), (19, 20)])
([116324], [7, 10, 12, 14, 15, 18, 19, 20], [(7, 10), (7, 12), (7, 15), (10, 12), (10, 20), (12, 18), (14, 14), (14, 15), (15, 18), (18, 20), (19, 19), (19, 20)])
([116380], [5, 10, 14, 16, 17, 18, 19, 20], [(5, 10), (5, 20), (5, 14), (10, 17), (10, 14), (14, 18), (16, 16), (16, 17), (17, 18), (18, 20), (19, 20), (19, 19)])
([116446], [2, 7, 10, 15, 16, 18, 19, 20], [(2, 18), (2, 7), (2, 15), (7, 18), (7, 10), (10, 15), (10, 20), (15, 16), (16, 16), (18, 20), (19, 19), (19, 20)])
([117221], [0, 6, 12, 14, 15, 18, 19, 20], [(0, 20), (0, 12), (0, 6), (6, 12), (6, 15), (12, 18), (14, 14), (14, 15), (15, 18), (18, 20), (19, 19), (19, 20)])
([117970], [9, 12, 14, 16, 17, 18, 19, 20], [(9, 17), (9, 12), (9, 14), (12, 20), (12, 14), (14, 18), (16, 16), (16, 17), (17, 18), (18, 20), (19, 19), (19, 20)])
([117998], [6, 9, 14, 15, 17, 18, 19, 20], [(6, 9), (6, 18), (6, 17), (9, 20), (9, 14), (14, 15), (14, 17), (15, 15), (17, 18), (18, 20), (19, 19), (19, 20)])
([118714], [7, 11, 13, 16, 17, 18, 19, 20], [(7, 18), (7, 11), (7, 13), (11, 16), (11, 20), (13, 16), (13, 18), (16, 17), (17, 17), (18, 20), (19, 19), (19, 20)])
([118884], [0, 9, 14, 16, 17, 18, 19, 20], [(0, 9), (0, 20), (0, 14), (9, 14), (9, 17), (14, 18), (16, 16), (16, 17), (17, 18), (18, 20), (19, 19), (19, 20)])
([118885], [0, 7, 14, 16, 17, 18, 19, 20], [(0, 20), (0, 7), (0, 14), (7, 14), (7, 17), (14, 18), (16, 16), (16, 17), (17, 18), (18, 20), (19, 20), (19, 19)])
([118886], [0, 7, 12, 14, 15, 18, 19, 20], [(0, 20), (0, 12), (0, 7), (7, 12), (7, 15), (12, 18), (14, 14), (14, 15), (15, 18), (18, 20), (19, 19), (19, 20)])
([121072], [5, 8, 14, 16, 17, 18, 19, 20], [(5, 8), (5, 17), (5, 14), (8, 20), (8, 14), (14, 18), (16, 16), (16, 17), (17, 18), (18, 20), (19, 19), (19, 20)])
([121189], [6, 10, 14, 15, 17, 18, 19, 20], [(6, 17), (6, 10), (6, 18), (10, 20), (10, 14), (14, 17), (14, 15), (15, 15), (17, 18), (18, 20), (19, 19), (19, 20)])
([121267], [5, 10, 14, 15, 17, 18, 19, 20], [(5, 17), (5, 10), (5, 18), (10, 20), (10, 14), (14, 17), (14, 15), (15, 15), (17, 18), (18, 20), (19, 19), (19, 20)])
([122255], [0, 9, 12, 13, 14, 16, 19, 20], [(0, 9), (0, 12), (0, 20), (9, 12), (9, 14), (12, 16), (13, 13), (13, 14), (14, 16), (16, 20), (19, 19), (19, 20)])
([123306], [9, 11, 14, 16, 17, 18, 19, 20], [(9, 17), (9, 11), (9, 14), (11, 20), (11, 14), (14, 18), (16, 16), (16, 17), (17, 18), (18, 20), (19, 20), (19, 19)])
([123343], [7, 9, 14, 16, 17, 18, 19, 20], [(7, 17), (7, 14), (7, 9), (9, 20), (9, 14), (14, 18), (16, 16), (16, 17), (17, 18), (18, 20), (19, 19), (19, 20)])
([123403], [5, 8, 10, 13, 14, 18, 19, 20], [(5, 8), (5, 10), (5, 18), (8, 18), (8, 13), (10, 20), (10, 13), (13, 14), (14, 14), (18, 20), (19, 19), (19, 20)])
([123445], [2, 6, 8, 13, 14, 18, 19, 20], [(2, 18), (2, 6), (2, 13), (6, 8), (6, 18), (8, 20), (8, 13), (13, 14), (14, 14), (18, 20), (19, 20), (19, 19)])
([123454], [6, 9, 11, 16, 17, 18, 19, 20], [(6, 9), (6, 18), (6, 11), (9, 16), (9, 20), (11, 16), (11, 18), (16, 17), (17, 17), (18, 20), (19, 20), (19, 19)])
([123778], [5, 7, 14, 15, 17, 18, 19, 20], [(5, 17), (5, 18), (5, 7), (7, 20), (7, 14), (14, 17), (14, 15), (15, 15), (17, 18), (18, 20), (19, 19), (19, 20)])
([123897], [0, 7, 14, 16, 17, 18, 19, 20], [(0, 20), (0, 7), (0, 14), (7, 14), (7, 17), (14, 18), (16, 16), (16, 17), (17, 18), (18, 20), (19, 19), (19, 20)])
([124042], [3, 9, 14, 16, 17, 18, 19, 20], [(3, 9), (3, 20), (3, 14), (9, 17), (9, 14), (14, 18), (16, 16), (16, 17), (17, 18), (18, 20), (19, 19), (19, 20)])
([124408], [0, 7, 12, 13, 14, 16, 19, 20], [(0, 20), (0, 12), (0, 7), (7, 12), (7, 14), (12, 16), (13, 13), (13, 14), (14, 16), (16, 20), (19, 19), (19, 20)])
([124409], [7, 10, 12, 13, 14, 16, 19, 20], [(7, 10), (7, 12), (7, 14), (10, 12), (10, 20), (12, 16), (13, 14), (13, 13), (14, 16), (16, 20), (19, 19), (19, 20)])
([124686], [7, 10, 14, 16, 17, 18, 19, 20], [(7, 17), (7, 10), (7, 14), (10, 20), (10, 14), (14, 18), (16, 16), (16, 17), (17, 18), (18, 20), (19, 19), (19, 20)])
([124688], [10, 12, 14, 16, 17, 18, 19, 20], [(10, 17), (10, 12), (10, 14), (12, 20), (12, 14), (14, 18), (16, 16), (16, 17), (17, 18), (18, 20), (19, 19), (19, 20)])
([124689], [5, 11, 14, 16, 17, 18, 19, 20], [(5, 11), (5, 20), (5, 14), (11, 17), (11, 14), (14, 18), (16, 16), (16, 17), (17, 18), (18, 20), (19, 19), (19, 20)])
([125563], [5, 8, 10, 15, 16, 18, 19, 20], [(5, 8), (5, 10), (5, 18), (8, 18), (8, 15), (10, 20), (10, 15), (15, 16), (16, 16), (18, 20), (19, 19), (19, 20)])
([125564], [4, 7, 8, 15, 16, 18, 19, 20], [(4, 8), (4, 18), (4, 7), (7, 18), (7, 15), (8, 20), (8, 15), (15, 16), (16, 16), (18, 20), (19, 20), (19, 19)])
([125565], [5, 8, 14, 15, 17, 18, 19, 20], [(5, 8), (5, 17), (5, 18), (8, 20), (8, 14), (14, 17), (14, 15), (15, 15), (17, 18), (18, 20), (19, 19), (19, 20)])
([126640], [2, 6, 9, 13, 14, 18, 19, 20], [(2, 18), (2, 6), (2, 13), (6, 9), (6, 18), (9, 20), (9, 13), (13, 14), (14, 14), (18, 20), (19, 20), (19, 19)])
([126641], [4, 7, 8, 13, 14, 18, 19, 20], [(4, 8), (4, 18), (4, 7), (7, 18), (7, 13), (8, 20), (8, 13), (13, 14), (14, 14), (18, 20), (19, 20), (19, 19)])
([126642], [1, 5, 7, 13, 14, 18, 19, 20], [(1, 18), (1, 5), (1, 13), (5, 18), (5, 7), (7, 20), (7, 13), (13, 14), (14, 14), (18, 20), (19, 19), (19, 20)])
([126814], [5, 9, 14, 16, 17, 18, 19, 20], [(5, 9), (5, 20), (5, 14), (9, 17), (9, 14), (14, 18), (16, 16), (16, 17), (17, 18), (18, 20), (19, 19), (19, 20)])
([126815], [8, 11, 14, 16, 17, 18, 19, 20], [(8, 11), (8, 20), (8, 14), (11, 17), (11, 14), (14, 18), (16, 16), (16, 17), (17, 18), (18, 20), (19, 19), (19, 20)])
([126816], [5, 11, 14, 16, 17, 18, 19, 20], [(5, 11), (5, 20), (5, 14), (11, 17), (11, 14), (14, 18), (16, 16), (16, 17), (17, 18), (18, 20), (19, 20), (19, 19)])
([127609], [3, 7, 8, 15, 16, 18, 19, 20], [(3, 8), (3, 18), (3, 7), (7, 18), (7, 15), (8, 20), (8, 15), (15, 16), (16, 16), (18, 20), (19, 20), (19, 19)])
([127959], [0, 6, 12, 14, 15, 18, 19, 20], [(0, 20), (0, 12), (0, 6), (6, 12), (6, 15), (12, 18), (14, 14), (14, 15), (15, 18), (18, 20), (19, 19), (19, 20)])
([128127], [5, 8, 14, 16, 17, 18, 19, 20], [(5, 8), (5, 17), (5, 14), (8, 20), (8, 14), (14, 18), (16, 16), (16, 17), (17, 18), (18, 20), (19, 20), (19, 19)])
([128166], [0, 7, 14, 16, 17, 18, 19, 20], [(0, 20), (0, 7), (0, 14), (7, 14), (7, 17), (14, 18), (16, 16), (16, 17), (17, 18), (18, 20), (19, 20), (19, 19)])
([128167], [5, 8, 14, 16, 17, 18, 19, 20], [(5, 8), (5, 17), (5, 14), (8, 20), (8, 14), (14, 18), (16, 16), (16, 17), (17, 18), (18, 20), (19, 19), (19, 20)])
([128931], [4, 8, 14, 15, 17, 18, 19, 20], [(4, 8), (4, 17), (4, 18), (8, 20), (8, 14), (14, 17), (14, 15), (15, 15), (17, 18), (18, 20), (19, 19), (19, 20)])
([129327], [0, 8, 14, 16, 17, 18, 19, 20], [(0, 8), (0, 20), (0, 14), (8, 14), (8, 17), (14, 18), (16, 16), (16, 17), (17, 18), (18, 20), (19, 19), (19, 20)])
([129456], [7, 9, 14, 16, 17, 18, 19, 20], [(7, 17), (7, 14), (7, 9), (9, 20), (9, 14), (14, 18), (16, 16), (16, 17), (17, 18), (18, 20), (19, 20), (19, 19)])
([130050], [4, 7, 12, 14, 15, 18, 19, 20], [(4, 7), (4, 12), (4, 15), (7, 20), (7, 12), (12, 18), (14, 14), (14, 15), (15, 18), (18, 20), (19, 19), (19, 20)])
([130432], [5, 11, 13, 16, 17, 18, 19, 20], [(5, 18), (5, 11), (5, 13), (11, 16), (11, 20), (13, 16), (13, 18), (16, 17), (17, 17), (18, 20), (19, 19), (19, 20)])
([130466], [6, 8, 14, 16, 17, 18, 19, 20], [(6, 8), (6, 17), (6, 14), (8, 20), (8, 14), (14, 18), (16, 16), (16, 17), (17, 18), (18, 20), (19, 19), (19, 20)])
([131175], [5, 8, 10, 16, 17, 18, 19, 20], [(5, 8), (5, 10), (5, 18), (8, 16), (8, 20), (10, 16), (10, 18), (16, 17), (17, 17), (18, 20), (19, 19), (19, 20)])
([131243], [4, 7, 14, 16, 17, 18, 19, 20], [(4, 20), (4, 14), (4, 7), (7, 17), (7, 14), (14, 18), (16, 16), (16, 17), (17, 18), (18, 20), (19, 19), (19, 20)])
([131661], [5, 9, 12, 13, 15, 18, 19, 20], [(5, 9), (5, 18), (5, 15), (9, 20), (9, 12), (12, 13), (12, 15), (13, 13), (15, 18), (18, 20), (19, 19), (19, 20)])
([132021], [3, 9, 14, 16, 17, 18, 19, 20], [(3, 9), (3, 20), (3, 14), (9, 17), (9, 14), (14, 18), (16, 16), (16, 17), (17, 18), (18, 20), (19, 19), (19, 20)])
([132455], [0, 6, 12, 14, 15, 18, 19, 20], [(0, 20), (0, 12), (0, 6), (6, 12), (6, 15), (12, 18), (14, 14), (14, 15), (15, 18), (18, 20), (19, 19), (19, 20)])
([132536], [4, 8, 14, 16, 17, 18, 19, 20], [(4, 8), (4, 20), (4, 14), (8, 17), (8, 14), (14, 18), (16, 16), (16, 17), (17, 18), (18, 20), (19, 20), (19, 19)])
([132581], [6, 9, 11, 16, 17, 18, 19, 20], [(6, 9), (6, 18), (6, 11), (9, 16), (9, 20), (11, 16), (11, 18), (16, 17), (17, 17), (18, 20), (19, 20), (19, 19)])
([132680], [6, 9, 14, 15, 17, 18, 19, 20], [(6, 9), (6, 18), (6, 17), (9, 20), (9, 14), (14, 15), (14, 17), (15, 15), (17, 18), (18, 20), (19, 19), (19, 20)])
([132803], [5, 7, 12, 13, 15, 16, 19, 20], [(5, 16), (5, 15), (5, 7), (7, 20), (7, 12), (12, 15), (12, 13), (13, 13), (15, 16), (16, 20), (19, 19), (19, 20)])
([132804], [5, 7, 14, 15, 17, 18, 19, 20], [(5, 17), (5, 18), (5, 7), (7, 20), (7, 14), (14, 17), (14, 15), (15, 15), (17, 18), (18, 20), (19, 19), (19, 20)])
([132889], [5, 8, 12, 14, 15, 18, 19, 20], [(5, 8), (5, 12), (5, 15), (8, 20), (8, 12), (12, 18), (14, 15), (14, 14), (15, 18), (18, 20), (19, 19), (19, 20)])
([133187], [5, 9, 12, 14, 15, 18, 19, 20], [(5, 20), (5, 12), (5, 9), (9, 12), (9, 15), (12, 18), (14, 14), (14, 15), (15, 18), (18, 20), (19, 19), (19, 20)])
([133350], [5, 7, 8, 13, 14, 16, 19, 20], [(5, 8), (5, 16), (5, 7), (7, 16), (7, 13), (8, 20), (8, 13), (13, 14), (14, 14), (16, 20), (19, 19), (19, 20)])
([133470], [4, 8, 10, 15, 16, 18, 19, 20], [(4, 8), (4, 10), (4, 18), (8, 18), (8, 15), (10, 20), (10, 15), (15, 16), (16, 16), (18, 20), (19, 19), (19, 20)])
([133666], [8, 10, 12, 14, 15, 18, 19, 20], [(8, 10), (8, 12), (8, 15), (10, 20), (10, 12), (12, 18), (14, 15), (14, 14), (15, 18), (18, 20), (19, 19), (19, 20)])
([133925], [6, 11, 13, 16, 17, 18, 19, 20], [(6, 18), (6, 11), (6, 13), (11, 16), (11, 20), (13, 16), (13, 18), (16, 17), (17, 17), (18, 20), (19, 19), (19, 20)])
([134186], [6, 10, 12, 16, 17, 18, 19, 20], [(6, 10), (6, 12), (6, 18), (10, 16), (10, 20), (12, 16), (12, 18), (16, 17), (17, 17), (18, 20), (19, 19), (19, 20)])
([134203], [1, 6, 8, 13, 14, 16, 19, 20], [(1, 16), (1, 6), (1, 13), (6, 8), (6, 16), (8, 20), (8, 13), (13, 14), (14, 14), (16, 20), (19, 19), (19, 20)])
([134313], [3, 8, 14, 16, 17, 18, 19, 20], [(3, 8), (3, 20), (3, 14), (8, 17), (8, 14), (14, 18), (16, 16), (16, 17), (17, 18), (18, 20), (19, 19), (19, 20)])
([134369], [1, 5, 8, 13, 14, 16, 19, 20], [(1, 16), (1, 5), (1, 13), (5, 8), (5, 16), (8, 20), (8, 13), (13, 14), (14, 14), (16, 20), (19, 19), (19, 20)])
([134374], [1, 9, 14, 16, 17, 18, 19, 20], [(1, 9), (1, 20), (1, 14), (9, 17), (9, 14), (14, 18), (16, 16), (16, 17), (17, 18), (18, 20), (19, 19), (19, 20)])
([135053], [8, 10, 12, 13, 14, 16, 19, 20], [(8, 10), (8, 12), (8, 14), (10, 20), (10, 12), (12, 16), (13, 13), (13, 14), (14, 16), (16, 20), (19, 19), (19, 20)])
([135140], [4, 9, 14, 16, 17, 18, 19, 20], [(4, 9), (4, 20), (4, 14), (9, 17), (9, 14), (14, 18), (16, 16), (16, 17), (17, 18), (18, 20), (19, 20), (19, 19)])
([135209], [4, 7, 12, 14, 15, 18, 19, 20], [(4, 7), (4, 12), (4, 15), (7, 20), (7, 12), (12, 18), (14, 14), (14, 15), (15, 18), (18, 20), (19, 19), (19, 20)])
([135247], [0, 7, 12, 14, 15, 18, 19, 20], [(0, 20), (0, 12), (0, 7), (7, 12), (7, 15), (12, 18), (14, 14), (14, 15), (15, 18), (18, 20), (19, 19), (19, 20)])
([135248], [0, 5, 10, 12, 13, 18, 19, 20], [(0, 10), (0, 20), (0, 5), (5, 10), (5, 13), (10, 18), (12, 12), (12, 13), (13, 18), (18, 20), (19, 19), (19, 20)])
([135503], [4, 7, 9, 13, 14, 18, 19, 20], [(4, 9), (4, 18), (4, 7), (7, 18), (7, 13), (9, 20), (9, 13), (13, 14), (14, 14), (18, 20), (19, 20), (19, 19)])
([135504], [3, 6, 7, 13, 14, 18, 19, 20], [(3, 18), (3, 6), (3, 7), (6, 18), (6, 13), (7, 20), (7, 13), (13, 14), (14, 14), (18, 20), (19, 19), (19, 20)])
([135505], [4, 7, 12, 13, 15, 18, 19, 20], [(4, 18), (4, 15), (4, 7), (7, 12), (7, 20), (12, 15), (12, 13), (13, 13), (15, 18), (18, 20), (19, 19), (19, 20)])
([135507], [4, 7, 8, 13, 14, 16, 19, 20], [(4, 8), (4, 16), (4, 7), (7, 16), (7, 13), (8, 20), (8, 13), (13, 14), (14, 14), (16, 20), (19, 19), (19, 20)])
([135584], [5, 8, 10, 16, 17, 18, 19, 20], [(5, 8), (5, 10), (5, 18), (8, 16), (8, 20), (10, 16), (10, 18), (16, 17), (17, 17), (18, 20), (19, 19), (19, 20)])
([136133], [8, 10, 14, 16, 17, 18, 19, 20], [(8, 17), (8, 10), (8, 14), (10, 20), (10, 14), (14, 18), (16, 16), (16, 17), (17, 18), (18, 20), (19, 19), (19, 20)])
([136134], [6, 8, 14, 16, 17, 18, 19, 20], [(6, 8), (6, 17), (6, 14), (8, 20), (8, 14), (14, 18), (16, 16), (16, 17), (17, 18), (18, 20), (19, 20), (19, 19)])
([136136], [6, 8, 12, 14, 15, 18, 19, 20], [(6, 8), (6, 12), (6, 15), (8, 20), (8, 12), (12, 18), (14, 14), (14, 15), (15, 18), (18, 20), (19, 19), (19, 20)])
([136575], [4, 7, 12, 14, 15, 18, 19, 20], [(4, 7), (4, 12), (4, 15), (7, 20), (7, 12), (12, 18), (14, 14), (14, 15), (15, 18), (18, 20), (19, 19), (19, 20)])
([136604], [3, 7, 14, 16, 17, 18, 19, 20], [(3, 20), (3, 14), (3, 7), (7, 17), (7, 14), (14, 18), (16, 16), (16, 17), (17, 18), (18, 20), (19, 20), (19, 19)])
([136858], [5, 8, 12, 13, 14, 16, 19, 20], [(5, 8), (5, 12), (5, 14), (8, 20), (8, 12), (12, 16), (13, 13), (13, 14), (14, 16), (16, 20), (19, 19), (19, 20)])
([136907], [1, 9, 14, 16, 17, 18, 19, 20], [(1, 9), (1, 20), (1, 14), (9, 17), (9, 14), (14, 18), (16, 16), (16, 17), (17, 18), (18, 20), (19, 19), (19, 20)])
([137264], [6, 10, 12, 16, 17, 18, 19, 20], [(6, 10), (6, 12), (6, 18), (10, 16), (10, 20), (12, 16), (12, 18), (16, 17), (17, 17), (18, 20), (19, 19), (19, 20)])
([137299], [3, 8, 14, 16, 17, 18, 19, 20], [(3, 8), (3, 20), (3, 14), (8, 17), (8, 14), (14, 18), (16, 16), (16, 17), (17, 18), (18, 20), (19, 20), (19, 19)])
([137300], [1, 8, 14, 16, 17, 18, 19, 20], [(1, 8), (1, 20), (1, 14), (8, 17), (8, 14), (14, 18), (16, 16), (16, 17), (17, 18), (18, 20), (19, 19), (19, 20)])
([137301], [3, 7, 12, 14, 15, 18, 19, 20], [(3, 20), (3, 12), (3, 7), (7, 12), (7, 15), (12, 18), (14, 14), (14, 15), (15, 18), (18, 20), (19, 19), (19, 20)])
([137302], [3, 8, 14, 16, 17, 18, 19, 20], [(3, 8), (3, 20), (3, 14), (8, 17), (8, 14), (14, 18), (16, 16), (16, 17), (17, 18), (18, 20), (19, 19), (19, 20)])
([137492], [6, 8, 14, 16, 17, 18, 19, 20], [(6, 8), (6, 17), (6, 14), (8, 20), (8, 14), (14, 18), (16, 16), (16, 17), (17, 18), (18, 20), (19, 19), (19, 20)])
([137577], [6, 9, 14, 16, 17, 18, 19, 20], [(6, 17), (6, 14), (6, 9), (9, 20), (9, 14), (14, 18), (16, 16), (16, 17), (17, 18), (18, 20), (19, 19), (19, 20)])
([138087], [4, 7, 14, 15, 17, 18, 19, 20], [(4, 17), (4, 18), (4, 7), (7, 20), (7, 14), (14, 17), (14, 15), (15, 15), (17, 18), (18, 20), (19, 19), (19, 20)])
([138173], [5, 7, 12, 13, 15, 16, 19, 20], [(5, 16), (5, 15), (5, 7), (7, 20), (7, 12), (12, 15), (12, 13), (13, 13), (15, 16), (16, 20), (19, 19), (19, 20)])
([138174], [3, 7, 14, 15, 17, 18, 19, 20], [(3, 17), (3, 18), (3, 7), (7, 20), (7, 14), (14, 17), (14, 15), (15, 15), (17, 18), (18, 20), (19, 19), (19, 20)])
([138192], [7, 11, 14, 16, 17, 18, 19, 20], [(7, 11), (7, 20), (7, 14), (11, 17), (11, 14), (14, 18), (16, 16), (16, 17), (17, 18), (18, 20), (19, 20), (19, 19)])
([138219], [0, 6, 12, 13, 14, 16, 19, 20], [(0, 20), (0, 12), (0, 6), (6, 12), (6, 14), (12, 16), (13, 13), (13, 14), (14, 16), (16, 20), (19, 19), (19, 20)])
([138362], [4, 9, 14, 16, 17, 18, 19, 20], [(4, 9), (4, 20), (4, 14), (9, 17), (9, 14), (14, 18), (16, 16), (16, 17), (17, 18), (18, 20), (19, 19), (19, 20)])
([138529], [5, 9, 12, 13, 14, 16, 19, 20], [(5, 20), (5, 12), (5, 9), (9, 12), (9, 14), (12, 16), (13, 13), (13, 14), (14, 16), (16, 20), (19, 19), (19, 20)])
([139283], [7, 9, 14, 16, 17, 18, 19, 20], [(7, 9), (7, 20), (7, 14), (9, 17), (9, 14), (14, 18), (16, 16), (16, 17), (17, 18), (18, 20), (19, 19), (19, 20)])
([139320], [1, 5, 7, 11, 12, 16, 19, 20], [(1, 16), (1, 11), (1, 5), (5, 16), (5, 7), (7, 11), (7, 20), (11, 12), (12, 12), (16, 20), (19, 19), (19, 20)])
([139532], [5, 9, 14, 15, 17, 18, 19, 20], [(5, 9), (5, 18), (5, 17), (9, 20), (9, 14), (14, 15), (14, 17), (15, 15), (17, 18), (18, 20), (19, 19), (19, 20)])
([139628], [3, 7, 14, 16, 17, 18, 19, 20], [(3, 20), (3, 14), (3, 7), (7, 17), (7, 14), (14, 18), (16, 16), (16, 17), (17, 18), (18, 20), (19, 19), (19, 20)])
([139650], [5, 10, 11, 14, 15, 18, 19, 20], [(5, 10), (5, 11), (5, 18), (10, 20), (10, 14), (11, 18), (11, 14), (14, 15), (15, 15), (18, 20), (19, 19), (19, 20)])
([139719], [5, 8, 10, 14, 15, 16, 19, 20], [(5, 8), (5, 16), (5, 10), (8, 20), (8, 14), (10, 16), (10, 14), (14, 15), (15, 15), (16, 20), (19, 19), (19, 20)])
([139855], [5, 9, 11, 16, 17, 18, 19, 20], [(5, 9), (5, 18), (5, 11), (9, 16), (9, 20), (11, 16), (11, 18), (16, 17), (17, 17), (18, 20), (19, 20), (19, 19)])
([140037], [4, 7, 12, 14, 15, 18, 19, 20], [(4, 20), (4, 12), (4, 7), (7, 12), (7, 15), (12, 18), (14, 15), (14, 14), (15, 18), (18, 20), (19, 19), (19, 20)])
([140340], [5, 12, 14, 16, 17, 18, 19, 20], [(5, 12), (5, 20), (5, 14), (12, 14), (12, 17), (14, 18), (16, 16), (16, 17), (17, 18), (18, 20), (19, 19), (19, 20)])
([140341], [5, 10, 12, 14, 15, 18, 19, 20], [(5, 20), (5, 10), (5, 12), (10, 15), (10, 12), (12, 18), (14, 14), (14, 15), (15, 18), (18, 20), (19, 19), (19, 20)])
([140359], [0, 8, 14, 16, 17, 18, 19, 20], [(0, 8), (0, 20), (0, 14), (8, 14), (8, 17), (14, 18), (16, 16), (16, 17), (17, 18), (18, 20), (19, 20), (19, 19)])
([140369], [4, 8, 14, 16, 17, 18, 19, 20], [(4, 8), (4, 20), (4, 14), (8, 17), (8, 14), (14, 18), (16, 16), (16, 17), (17, 18), (18, 20), (19, 19), (19, 20)])
([140514], [5, 8, 14, 16, 17, 18, 19, 20], [(5, 8), (5, 17), (5, 14), (8, 20), (8, 14), (14, 18), (16, 16), (16, 17), (17, 18), (18, 20), (19, 20), (19, 19)])
([140550], [3, 8, 12, 14, 15, 18, 19, 20], [(3, 8), (3, 20), (3, 12), (8, 12), (8, 15), (12, 18), (14, 14), (14, 15), (15, 18), (18, 20), (19, 19), (19, 20)])
([140621], [0, 6, 12, 14, 15, 18, 19, 20], [(0, 20), (0, 12), (0, 6), (6, 12), (6, 15), (12, 18), (14, 14), (14, 15), (15, 18), (18, 20), (19, 19), (19, 20)])
([140675], [0, 8, 14, 16, 17, 18, 19, 20], [(0, 8), (0, 20), (0, 14), (8, 17), (8, 14), (14, 18), (16, 16), (16, 17), (17, 18), (18, 20), (19, 19), (19, 20)])
([140705], [0, 11, 15, 16, 17, 18, 19, 20], [(0, 18), (0, 11), (0, 20), (11, 16), (11, 15), (15, 16), (15, 18), (16, 20), (17, 17), (17, 18), (19, 19), (19, 20)])
([140732], [3, 6, 12, 14, 15, 18, 19, 20], [(3, 20), (3, 12), (3, 6), (6, 12), (6, 15), (12, 18), (14, 14), (14, 15), (15, 18), (18, 20), (19, 19), (19, 20)])
([140759], [4, 9, 11, 16, 17, 18, 19, 20], [(4, 9), (4, 18), (4, 11), (9, 16), (9, 20), (11, 16), (11, 18), (16, 17), (17, 17), (18, 20), (19, 20), (19, 19)])
([140760], [4, 9, 14, 15, 17, 18, 19, 20], [(4, 9), (4, 18), (4, 17), (9, 20), (9, 14), (14, 15), (14, 17), (15, 15), (17, 18), (18, 20), (19, 19), (19, 20)])
([140789], [7, 9, 14, 16, 17, 18, 19, 20], [(7, 17), (7, 14), (7, 9), (9, 20), (9, 14), (14, 18), (16, 16), (16, 17), (17, 18), (18, 20), (19, 19), (19, 20)])
([140809], [3, 7, 8, 13, 14, 16, 19, 20], [(3, 8), (3, 16), (3, 7), (7, 16), (7, 13), (8, 20), (8, 13), (13, 14), (14, 14), (16, 20), (19, 19), (19, 20)])
([140948], [5, 7, 12, 14, 15, 18, 19, 20], [(5, 12), (5, 7), (5, 15), (7, 12), (7, 20), (12, 18), (14, 14), (14, 15), (15, 18), (18, 20), (19, 19), (19, 20)])
([140991], [3, 10, 14, 16, 17, 18, 19, 20], [(3, 10), (3, 20), (3, 14), (10, 17), (10, 14), (14, 18), (16, 16), (16, 17), (17, 18), (18, 20), (19, 19), (19, 20)])
([141041], [4, 8, 9, 14, 15, 18, 19, 20], [(4, 8), (4, 9), (4, 18), (8, 20), (8, 14), (9, 18), (9, 14), (14, 15), (15, 15), (18, 20), (19, 19), (19, 20)])
([141141], [3, 6, 12, 13, 15, 18, 19, 20], [(3, 18), (3, 6), (3, 15), (6, 20), (6, 12), (12, 15), (12, 13), (13, 13), (15, 18), (18, 20), (19, 19), (19, 20)])
([141454], [7, 11, 15, 16, 17, 18, 19, 20], [(7, 18), (7, 11), (7, 20), (11, 16), (11, 15), (15, 16), (15, 18), (16, 20), (17, 17), (17, 18), (19, 19), (19, 20)])
([141680], [3, 7, 12, 14, 15, 18, 19, 20], [(3, 20), (3, 12), (3, 7), (7, 12), (7, 15), (12, 18), (14, 14), (14, 15), (15, 18), (18, 20), (19, 19), (19, 20)])
([141797], [4, 7, 12, 13, 14, 16, 19, 20], [(4, 20), (4, 12), (4, 7), (7, 12), (7, 14), (12, 16), (13, 13), (13, 14), (14, 16), (16, 20), (19, 19), (19, 20)])
([142061], [6, 9, 14, 16, 17, 18, 19, 20], [(6, 17), (6, 14), (6, 9), (9, 20), (9, 14), (14, 18), (16, 16), (16, 17), (17, 18), (18, 20), (19, 20), (19, 19)])
([142093], [3, 8, 14, 16, 17, 18, 19, 20], [(3, 8), (3, 20), (3, 14), (8, 17), (8, 14), (14, 18), (16, 16), (16, 17), (17, 18), (18, 20), (19, 19), (19, 20)])
([142151], [5, 8, 10, 14, 15, 16, 19, 20], [(5, 8), (5, 16), (5, 10), (8, 20), (8, 14), (10, 16), (10, 14), (14, 15), (15, 15), (16, 20), (19, 19), (19, 20)])
([142203], [5, 7, 12, 14, 15, 18, 19, 20], [(5, 12), (5, 7), (5, 15), (7, 12), (7, 20), (12, 18), (14, 14), (14, 15), (15, 18), (18, 20), (19, 19), (19, 20)])
([142212], [3, 6, 10, 12, 13, 18, 19, 20], [(3, 10), (3, 13), (3, 6), (6, 10), (6, 20), (10, 18), (12, 12), (12, 13), (13, 18), (18, 20), (19, 19), (19, 20)])
([142278], [4, 7, 12, 13, 14, 16, 19, 20], [(4, 12), (4, 14), (4, 7), (7, 20), (7, 12), (12, 16), (13, 13), (13, 14), (14, 16), (16, 20), (19, 19), (19, 20)])
([142618], [4, 7, 12, 14, 15, 18, 19, 20], [(4, 7), (4, 12), (4, 15), (7, 20), (7, 12), (12, 18), (14, 14), (14, 15), (15, 18), (18, 20), (19, 19), (19, 20)])
([142620], [3, 6, 12, 14, 15, 18, 19, 20], [(3, 20), (3, 12), (3, 6), (6, 12), (6, 15), (12, 18), (14, 14), (14, 15), (15, 18), (18, 20), (19, 19), (19, 20)])
([142773], [4, 10, 12, 16, 17, 18, 19, 20], [(4, 10), (4, 12), (4, 18), (10, 16), (10, 20), (12, 16), (12, 18), (16, 17), (17, 17), (18, 20), (19, 19), (19, 20)])
([142838], [4, 7, 12, 13, 15, 16, 19, 20], [(4, 16), (4, 15), (4, 7), (7, 12), (7, 20), (12, 15), (12, 13), (13, 13), (15, 16), (16, 20), (19, 19), (19, 20)])
([142968], [4, 10, 14, 16, 17, 18, 19, 20], [(4, 10), (4, 20), (4, 14), (10, 17), (10, 14), (14, 18), (16, 16), (16, 17), (17, 18), (18, 20), (19, 19), (19, 20)])
([142969], [3, 8, 14, 16, 17, 18, 19, 20], [(3, 8), (3, 20), (3, 14), (8, 17), (8, 14), (14, 18), (16, 16), (16, 17), (17, 18), (18, 20), (19, 20), (19, 19)])
([142970], [4, 8, 12, 14, 15, 18, 19, 20], [(4, 8), (4, 20), (4, 12), (8, 12), (8, 15), (12, 18), (14, 14), (14, 15), (15, 18), (18, 20), (19, 19), (19, 20)])
([142971], [6, 9, 14, 16, 17, 18, 19, 20], [(6, 9), (6, 20), (6, 14), (9, 17), (9, 14), (14, 18), (16, 16), (16, 17), (17, 18), (18, 20), (19, 20), (19, 19)])
([143172], [6, 8, 12, 13, 14, 16, 19, 20], [(6, 8), (6, 12), (6, 14), (8, 20), (8, 12), (12, 16), (13, 13), (13, 14), (14, 16), (16, 20), (19, 19), (19, 20)])
([143247], [2, 7, 14, 16, 17, 18, 19, 20], [(2, 20), (2, 14), (2, 7), (7, 17), (7, 14), (14, 18), (16, 16), (16, 17), (17, 18), (18, 20), (19, 20), (19, 19)])
([143603], [7, 9, 14, 16, 17, 18, 19, 20], [(7, 17), (7, 14), (7, 9), (9, 20), (9, 14), (14, 18), (16, 16), (16, 17), (17, 18), (18, 20), (19, 19), (19, 20)])
([143615], [3, 8, 14, 16, 17, 18, 19, 20], [(3, 8), (3, 20), (3, 14), (8, 17), (8, 14), (14, 18), (16, 16), (16, 17), (17, 18), (18, 20), (19, 19), (19, 20)])
([143616], [3, 7, 12, 14, 15, 18, 19, 20], [(3, 20), (3, 12), (3, 7), (7, 12), (7, 15), (12, 18), (14, 14), (14, 15), (15, 18), (18, 20), (19, 19), (19, 20)])
([143617], [3, 7, 12, 14, 15, 18, 19, 20], [(3, 20), (3, 12), (3, 7), (7, 12), (7, 15), (12, 18), (14, 14), (14, 15), (15, 18), (18, 20), (19, 19), (19, 20)])
([143698], [5, 10, 12, 16, 17, 18, 19, 20], [(5, 10), (5, 12), (5, 18), (10, 16), (10, 20), (12, 16), (12, 18), (16, 17), (17, 17), (18, 20), (19, 19), (19, 20)])
([143777], [6, 8, 14, 16, 17, 18, 19, 20], [(6, 8), (6, 17), (6, 14), (8, 20), (8, 14), (14, 18), (16, 16), (16, 17), (17, 18), (18, 20), (19, 20), (19, 19)])
([143796], [3, 8, 10, 16, 17, 18, 19, 20], [(3, 8), (3, 10), (3, 18), (8, 16), (8, 20), (10, 16), (10, 18), (16, 17), (17, 17), (18, 20), (19, 19), (19, 20)])
([143846], [7, 10, 12, 14, 15, 18, 19, 20], [(7, 20), (7, 10), (7, 12), (10, 12), (10, 15), (12, 18), (14, 14), (14, 15), (15, 18), (18, 20), (19, 19), (19, 20)])
([143849], [0, 11, 15, 16, 17, 18, 19, 20], [(0, 18), (0, 11), (0, 20), (11, 16), (11, 15), (15, 16), (15, 18), (16, 20), (17, 17), (17, 18), (19, 19), (19, 20)])
([143851], [7, 12, 14, 16, 17, 18, 19, 20], [(7, 12), (7, 20), (7, 14), (12, 17), (12, 14), (14, 18), (16, 16), (16, 17), (17, 18), (18, 20), (19, 19), (19, 20)])
([143864], [0, 8, 14, 16, 17, 18, 19, 20], [(0, 8), (0, 20), (0, 14), (8, 17), (8, 14), (14, 18), (16, 16), (16, 17), (17, 18), (18, 20), (19, 19), (19, 20)])
([143885], [1, 8, 12, 14, 15, 18, 19, 20], [(1, 8), (1, 20), (1, 12), (8, 12), (8, 15), (12, 18), (14, 14), (14, 15), (15, 18), (18, 20), (19, 19), (19, 20)])
([143971], [1, 7, 12, 14, 15, 18, 19, 20], [(1, 20), (1, 12), (1, 7), (7, 12), (7, 15), (12, 18), (14, 14), (14, 15), (15, 18), (18, 20), (19, 19), (19, 20)])
([143993], [0, 6, 12, 13, 14, 16, 19, 20], [(0, 20), (0, 12), (0, 6), (6, 12), (6, 14), (12, 16), (13, 13), (13, 14), (14, 16), (16, 20), (19, 19), (19, 20)])
([144144], [4, 8, 10, 16, 17, 18, 19, 20], [(4, 8), (4, 10), (4, 18), (8, 16), (8, 20), (10, 16), (10, 18), (16, 17), (17, 17), (18, 20), (19, 19), (19, 20)])
([144294], [5, 8, 12, 14, 15, 18, 19, 20], [(5, 8), (5, 12), (5, 15), (8, 20), (8, 12), (12, 18), (14, 14), (14, 15), (15, 18), (18, 20), (19, 19), (19, 20)])
([144307], [3, 7, 12, 13, 14, 16, 19, 20], [(3, 20), (3, 12), (3, 7), (7, 12), (7, 14), (12, 16), (13, 13), (13, 14), (14, 16), (16, 20), (19, 19), (19, 20)])
([144407], [5, 10, 12, 13, 14, 16, 19, 20], [(5, 20), (5, 10), (5, 12), (10, 12), (10, 14), (12, 16), (13, 13), (13, 14), (14, 16), (16, 20), (19, 19), (19, 20)])
([144412], [4, 8, 12, 13, 15, 18, 19, 20], [(4, 8), (4, 18), (4, 15), (8, 12), (8, 20), (12, 13), (12, 15), (13, 13), (15, 18), (18, 20), (19, 19), (19, 20)])
([144427], [3, 6, 7, 11, 12, 16, 19, 20], [(3, 16), (3, 6), (3, 7), (6, 16), (6, 11), (7, 11), (7, 20), (11, 12), (12, 12), (16, 20), (19, 19), (19, 20)])
([144428], [3, 7, 12, 13, 15, 16, 19, 20], [(3, 16), (3, 15), (3, 7), (7, 20), (7, 12), (12, 15), (12, 13), (13, 13), (15, 16), (16, 20), (19, 19), (19, 20)])
([144486], [5, 7, 12, 14, 15, 18, 19, 20], [(5, 12), (5, 7), (5, 15), (7, 12), (7, 20), (12, 18), (14, 14), (14, 15), (15, 18), (18, 20), (19, 19), (19, 20)])
([144487], [2, 6, 12, 14, 15, 18, 19, 20], [(2, 20), (2, 12), (2, 6), (6, 12), (6, 15), (12, 18), (14, 14), (14, 15), (15, 18), (18, 20), (19, 19), (19, 20)])
([144526], [0, 11, 15, 16, 17, 18, 19, 20], [(0, 18), (0, 11), (0, 20), (11, 16), (11, 15), (15, 16), (15, 18), (16, 20), (17, 17), (17, 18), (19, 19), (19, 20)])
([144592], [0, 5, 10, 11, 12, 16, 19, 20], [(0, 10), (0, 20), (0, 5), (5, 10), (5, 12), (10, 16), (11, 11), (11, 12), (12, 16), (16, 20), (19, 19), (19, 20)])
([144705], [4, 8, 10, 14, 15, 16, 19, 20], [(4, 8), (4, 16), (4, 10), (8, 20), (8, 14), (10, 16), (10, 14), (14, 15), (15, 15), (16, 20), (19, 19), (19, 20)])
([144883], [3, 8, 10, 14, 15, 16, 19, 20], [(3, 8), (3, 16), (3, 10), (8, 20), (8, 14), (10, 16), (10, 14), (14, 15), (15, 15), (16, 20), (19, 19), (19, 20)])
([144884], [3, 7, 8, 14, 15, 18, 19, 20], [(3, 8), (3, 18), (3, 7), (7, 20), (7, 14), (8, 18), (8, 14), (14, 15), (15, 15), (18, 20), (19, 19), (19, 20)])
([144900], [3, 6, 10, 11, 13, 16, 19, 20], [(3, 16), (3, 13), (3, 6), (6, 10), (6, 20), (10, 11), (10, 13), (11, 11), (13, 16), (16, 20), (19, 19), (19, 20)])
([145267], [4, 8, 12, 13, 14, 16, 19, 20], [(4, 8), (4, 20), (4, 12), (8, 12), (8, 14), (12, 16), (13, 13), (13, 14), (14, 16), (16, 20), (19, 19), (19, 20)])
([145288], [3, 6, 10, 11, 12, 16, 19, 20], [(3, 10), (3, 12), (3, 6), (6, 10), (6, 20), (10, 16), (11, 11), (11, 12), (12, 16), (16, 20), (19, 19), (19, 20)])
([145289], [4, 6, 10, 12, 13, 18, 19, 20], [(4, 10), (4, 13), (4, 6), (6, 20), (6, 10), (10, 18), (12, 12), (12, 13), (13, 18), (18, 20), (19, 19), (19, 20)])
([145290], [2, 5, 10, 12, 13, 18, 19, 20], [(2, 20), (2, 10), (2, 5), (5, 10), (5, 13), (10, 18), (12, 12), (12, 13), (13, 18), (18, 20), (19, 19), (19, 20)])
([145382], [5, 7, 12, 13, 14, 16, 19, 20], [(5, 12), (5, 14), (5, 7), (7, 12), (7, 20), (12, 16), (13, 13), (13, 14), (14, 16), (16, 20), (19, 19), (19, 20)])
([145441], [2, 6, 12, 14, 15, 18, 19, 20], [(2, 20), (2, 12), (2, 6), (6, 12), (6, 15), (12, 18), (14, 14), (14, 15), (15, 18), (18, 20), (19, 19), (19, 20)])
([145451], [3, 7, 12, 14, 15, 18, 19, 20], [(3, 20), (3, 12), (3, 7), (7, 12), (7, 15), (12, 18), (14, 14), (14, 15), (15, 18), (18, 20), (19, 19), (19, 20)])
([145495], [6, 8, 12, 14, 15, 18, 19, 20], [(6, 8), (6, 12), (6, 15), (8, 20), (8, 12), (12, 18), (14, 14), (14, 15), (15, 18), (18, 20), (19, 19), (19, 20)])
([145501], [2, 7, 12, 14, 15, 18, 19, 20], [(2, 20), (2, 12), (2, 7), (7, 12), (7, 15), (12, 18), (14, 14), (14, 15), (15, 18), (18, 20), (19, 19), (19, 20)])
([145534], [7, 11, 15, 16, 17, 18, 19, 20], [(7, 18), (7, 11), (7, 20), (11, 16), (11, 15), (15, 16), (15, 18), (16, 20), (17, 17), (17, 18), (19, 19), (19, 20)])
([145564], [0, 9, 15, 16, 17, 18, 19, 20], [(0, 9), (0, 18), (0, 20), (9, 16), (9, 15), (15, 16), (15, 18), (16, 20), (17, 17), (17, 18), (19, 19), (19, 20)])
([145579], [4, 9, 10, 14, 15, 18, 19, 20], [(4, 9), (4, 10), (4, 18), (9, 20), (9, 14), (10, 18), (10, 14), (14, 15), (15, 15), (18, 20), (19, 19), (19, 20)])
([145677], [0, 11, 15, 16, 17, 18, 19, 20], [(0, 18), (0, 11), (0, 20), (11, 16), (11, 15), (15, 16), (15, 18), (16, 20), (17, 17), (17, 18), (19, 19), (19, 20)])
([145711], [3, 7, 12, 14, 15, 18, 19, 20], [(3, 20), (3, 12), (3, 7), (7, 12), (7, 15), (12, 18), (14, 14), (14, 15), (15, 18), (18, 20), (19, 19), (19, 20)])
([145815], [3, 6, 10, 12, 13, 18, 19, 20], [(3, 20), (3, 10), (3, 6), (6, 10), (6, 13), (10, 18), (12, 12), (12, 13), (13, 18), (18, 20), (19, 19), (19, 20)])
([145843], [4, 7, 12, 13, 14, 16, 19, 20], [(4, 12), (4, 14), (4, 7), (7, 20), (7, 12), (12, 16), (13, 13), (13, 14), (14, 16), (16, 20), (19, 19), (19, 20)])
([145867], [5, 7, 12, 14, 15, 18, 19, 20], [(5, 12), (5, 7), (5, 15), (7, 12), (7, 20), (12, 18), (14, 14), (14, 15), (15, 18), (18, 20), (19, 19), (19, 20)])
([145882], [0, 11, 15, 16, 17, 18, 19, 20], [(0, 18), (0, 11), (0, 20), (11, 16), (11, 15), (15, 16), (15, 18), (16, 20), (17, 17), (17, 18), (19, 19), (19, 20)])
([145883], [6, 11, 15, 16, 17, 18, 19, 20], [(6, 18), (6, 11), (6, 20), (11, 16), (11, 15), (15, 16), (15, 18), (16, 20), (17, 17), (17, 18), (19, 19), (19, 20)])
([145884], [0, 9, 15, 16, 17, 18, 19, 20], [(0, 9), (0, 18), (0, 20), (9, 16), (9, 15), (15, 16), (15, 18), (16, 20), (17, 17), (17, 18), (19, 19), (19, 20)])
([145885], [0, 11, 15, 16, 17, 18, 19, 20], [(0, 18), (0, 11), (0, 20), (11, 16), (11, 15), (15, 16), (15, 18), (16, 20), (17, 17), (17, 18), (19, 19), (19, 20)])
([145917], [1, 7, 12, 13, 14, 16, 19, 20], [(1, 20), (1, 12), (1, 7), (7, 12), (7, 14), (12, 16), (13, 13), (13, 14), (14, 16), (16, 20), (19, 19), (19, 20)])
([145982], [3, 7, 12, 13, 14, 16, 19, 20], [(3, 20), (3, 12), (3, 7), (7, 12), (7, 14), (12, 16), (13, 13), (13, 14), (14, 16), (16, 20), (19, 19), (19, 20)])
([146187], [2, 7, 12, 14, 15, 18, 19, 20], [(2, 20), (2, 12), (2, 7), (7, 12), (7, 15), (12, 18), (14, 14), (14, 15), (15, 18), (18, 20), (19, 19), (19, 20)])
([146236], [4, 11, 15, 16, 17, 18, 19, 20], [(4, 18), (4, 11), (4, 20), (11, 16), (11, 15), (15, 16), (15, 18), (16, 20), (17, 17), (17, 18), (19, 19), (19, 20)])
([146241], [6, 8, 12, 14, 15, 18, 19, 20], [(6, 8), (6, 20), (6, 12), (8, 12), (8, 15), (12, 18), (14, 14), (14, 15), (15, 18), (18, 20), (19, 19), (19, 20)])
([146242], [7, 10, 12, 13, 14, 16, 19, 20], [(7, 20), (7, 10), (7, 12), (10, 12), (10, 14), (12, 16), (13, 13), (13, 14), (14, 16), (16, 20), (19, 19), (19, 20)])
([146254], [3, 6, 12, 13, 14, 16, 19, 20], [(3, 20), (3, 12), (3, 6), (6, 12), (6, 14), (12, 16), (13, 13), (13, 14), (14, 16), (16, 20), (19, 19), (19, 20)])
([146540], [5, 7, 12, 13, 14, 16, 19, 20], [(5, 12), (5, 14), (5, 7), (7, 12), (7, 20), (12, 16), (13, 13), (13, 14), (14, 16), (16, 20), (19, 19), (19, 20)])
([146541], [2, 6, 12, 13, 14, 16, 19, 20], [(2, 20), (2, 12), (2, 6), (6, 12), (6, 14), (12, 16), (13, 13), (13, 14), (14, 16), (16, 20), (19, 19), (19, 20)])
([146553], [3, 7, 12, 13, 14, 16, 19, 20], [(3, 20), (3, 12), (3, 7), (7, 12), (7, 14), (12, 16), (13, 13), (13, 14), (14, 16), (16, 20), (19, 19), (19, 20)])
([146564], [3, 6, 10, 11, 12, 16, 19, 20], [(3, 20), (3, 10), (3, 6), (6, 12), (6, 10), (10, 16), (11, 11), (11, 12), (12, 16), (16, 20), (19, 19), (19, 20)])
([146572], [5, 9, 15, 16, 17, 18, 19, 20], [(5, 9), (5, 18), (5, 20), (9, 16), (9, 15), (15, 16), (15, 18), (16, 20), (17, 17), (17, 18), (19, 19), (19, 20)])
([146819], [2, 6, 10, 12, 13, 18, 19, 20], [(2, 10), (2, 20), (2, 6), (6, 10), (6, 13), (10, 18), (12, 12), (12, 13), (13, 18), (18, 20), (19, 19), (19, 20)])
([146838], [2, 5, 10, 11, 12, 16, 19, 20], [(2, 20), (2, 10), (2, 5), (5, 10), (5, 12), (10, 16), (11, 11), (11, 12), (12, 16), (16, 20), (19, 19), (19, 20)])
([146863], [0, 9, 15, 16, 17, 18, 19, 20], [(0, 9), (0, 18), (0, 20), (9, 16), (9, 15), (15, 16), (15, 18), (16, 20), (17, 17), (17, 18), (19, 19), (19, 20)])
([146934], [3, 7, 8, 12, 13, 16, 19, 20], [(3, 8), (3, 16), (3, 7), (7, 20), (7, 12), (8, 16), (8, 12), (12, 13), (13, 13), (16, 20), (19, 19), (19, 20)])
([146964], [3, 11, 15, 16, 17, 18, 19, 20], [(3, 18), (3, 11), (3, 20), (11, 16), (11, 15), (15, 16), (15, 18), (16, 20), (17, 17), (17, 18), (19, 19), (19, 20)])
([146982], [8, 11, 15, 16, 17, 18, 19, 20], [(8, 18), (8, 11), (8, 20), (11, 16), (11, 15), (15, 16), (15, 18), (16, 20), (17, 17), (17, 18), (19, 19), (19, 20)])
([147022], [0, 11, 15, 16, 17, 18, 19, 20], [(0, 18), (0, 11), (0, 20), (11, 16), (11, 15), (15, 16), (15, 18), (16, 20), (17, 17), (17, 18), (19, 19), (19, 20)])
([147023], [6, 11, 15, 16, 17, 18, 19, 20], [(6, 18), (6, 11), (6, 20), (11, 16), (11, 15), (15, 16), (15, 18), (16, 20), (17, 17), (17, 18), (19, 19), (19, 20)])
([147024], [0, 9, 15, 16, 17, 18, 19, 20], [(0, 9), (0, 18), (0, 20), (9, 16), (9, 15), (15, 16), (15, 18), (16, 20), (17, 17), (17, 18), (19, 19), (19, 20)])
([147066], [4, 6, 10, 11, 12, 16, 19, 20], [(4, 10), (4, 12), (4, 6), (6, 20), (6, 10), (10, 16), (11, 11), (11, 12), (12, 16), (16, 20), (19, 19), (19, 20)])
([147078], [6, 8, 12, 13, 14, 16, 19, 20], [(6, 8), (6, 20), (6, 12), (8, 12), (8, 14), (12, 16), (13, 13), (13, 14), (14, 16), (16, 20), (19, 19), (19, 20)])
([147174], [0, 9, 13, 14, 17, 18, 19, 20], [(0, 9), (0, 18), (0, 20), (9, 13), (9, 14), (13, 18), (13, 14), (14, 20), (17, 17), (17, 18), (19, 19), (19, 20)])
([147179], [6, 9, 15, 16, 17, 18, 19, 20], [(6, 9), (6, 18), (6, 20), (9, 16), (9, 15), (15, 16), (15, 18), (16, 20), (17, 17), (17, 18), (19, 19), (19, 20)])
([147181], [0, 9, 13, 14, 17, 18, 19, 20], [(0, 9), (0, 18), (0, 20), (9, 13), (9, 14), (13, 18), (13, 14), (14, 20), (17, 17), (17, 18), (19, 19), (19, 20)])
([147265], [6, 11, 15, 16, 17, 18, 19, 20], [(6, 18), (6, 11), (6, 20), (11, 16), (11, 15), (15, 16), (15, 18), (16, 20), (17, 17), (17, 18), (19, 19), (19, 20)])
([147301], [1, 6, 10, 11, 12, 16, 19, 20], [(1, 10), (1, 20), (1, 6), (6, 12), (6, 10), (10, 16), (11, 11), (11, 12), (12, 16), (16, 20), (19, 19), (19, 20)])
([147356], [2, 9, 15, 16, 17, 18, 19, 20], [(2, 9), (2, 18), (2, 20), (9, 16), (9, 15), (15, 16), (15, 18), (16, 20), (17, 17), (17, 18), (19, 19), (19, 20)])
([147474], [3, 9, 15, 16, 17, 18, 19, 20], [(3, 9), (3, 18), (3, 20), (9, 16), (9, 15), (15, 16), (15, 18), (16, 20), (17, 17), (17, 18), (19, 19), (19, 20)])
([147557], [0, 9, 13, 14, 17, 18, 19, 20], [(0, 9), (0, 18), (0, 20), (9, 13), (9, 14), (13, 18), (13, 14), (14, 20), (17, 17), (17, 18), (19, 19), (19, 20)])
([147572], [0, 7, 15, 16, 17, 18, 19, 20], [(0, 18), (0, 20), (0, 7), (7, 16), (7, 15), (15, 16), (15, 18), (16, 20), (17, 17), (17, 18), (19, 19), (19, 20)])
([147623], [5, 9, 15, 16, 17, 18, 19, 20], [(5, 9), (5, 18), (5, 20), (9, 16), (9, 15), (15, 16), (15, 18), (16, 20), (17, 17), (17, 18), (19, 19), (19, 20)])
([147624], [0, 9, 13, 14, 17, 18, 19, 20], [(0, 9), (0, 18), (0, 20), (9, 13), (9, 14), (13, 18), (13, 14), (14, 20), (17, 17), (17, 18), (19, 19), (19, 20)])
([147654], [5, 9, 13, 14, 17, 18, 19, 20], [(5, 9), (5, 18), (5, 20), (9, 14), (9, 13), (13, 18), (13, 14), (14, 20), (17, 17), (17, 18), (19, 19), (19, 20)])
([147664], [6, 9, 13, 14, 17, 18, 19, 20], [(6, 9), (6, 18), (6, 20), (9, 14), (9, 13), (13, 18), (13, 14), (14, 20), (17, 17), (17, 18), (19, 19), (19, 20)])
([147692], [5, 9, 13, 14, 17, 18, 19, 20], [(5, 9), (5, 18), (5, 20), (9, 14), (9, 13), (13, 18), (13, 14), (14, 20), (17, 17), (17, 18), (19, 19), (19, 20)])
([147723], [0, 7, 13, 14, 17, 18, 19, 20], [(0, 18), (0, 20), (0, 7), (7, 13), (7, 14), (13, 18), (13, 14), (14, 20), (17, 17), (17, 18), (19, 19), (19, 20)])
([147743], [3, 9, 13, 14, 17, 18, 19, 20], [(3, 9), (3, 18), (3, 20), (9, 13), (9, 14), (13, 18), (13, 14), (14, 20), (17, 17), (17, 18), (19, 19), (19, 20)])
([147746], [2, 9, 13, 14, 17, 18, 19, 20], [(2, 9), (2, 18), (2, 20), (9, 13), (9, 14), (13, 18), (13, 14), (14, 20), (17, 17), (17, 18), (19, 19), (19, 20)])
([147774], [4, 7, 15, 16, 17, 18, 19, 20], [(4, 18), (4, 20), (4, 7), (7, 16), (7, 15), (15, 16), (15, 18), (16, 20), (17, 17), (17, 18), (19, 19), (19, 20)])
([147806], [0, 7, 13, 14, 17, 18, 19, 20], [(0, 18), (0, 20), (0, 7), (7, 13), (7, 14), (13, 18), (13, 14), (14, 20), (17, 17), (17, 18), (19, 19), (19, 20)])
([147825], [4, 7, 13, 14, 17, 18, 19, 20], [(4, 18), (4, 20), (4, 7), (7, 13), (7, 14), (13, 18), (13, 14), (14, 20), (17, 17), (17, 18), (19, 19), (19, 20)])
([147864], [0, 7, 11, 12, 17, 18, 19, 20], [(0, 18), (0, 20), (0, 7), (7, 11), (7, 12), (11, 12), (11, 18), (12, 20), (17, 17), (17, 18), (19, 19), (19, 20)])
([147876], [4, 7, 11, 12, 17, 18, 19, 20], [(4, 18), (4, 20), (4, 7), (7, 12), (7, 11), (11, 12), (11, 18), (12, 20), (17, 17), (17, 18), (19, 19), (19, 20)])
