1216
1451
1452
1453
1454
1456
2813
2958
3167
3201
3375
3420
3451
3525
3600
3648
3663
3669
3698
3708
3777
3943
3964
3965
3967
3969
4072
4294
4353
4360
4385
4586
4587
4589
4643
4644
4646
4647
4775
4890
4891
4893
4894
4896
4897
5016
5212
5357
5442
5443
5476
5779
5780
6050
6114
6245
6249
6343
6353
6354
6355
6356
6358
6359
6360
6393
6688
6731
6764
6765
6783
6990
6991
6993
6994
6995
6997
7141
7158
7180
7255
7360
7551
7626
7747
7807
7843
7951
8006
8291
8310
8331
8441
8445
8493
8619
8621
8632
8633
8634
8681
8714
8719
8723
8789
8872
8906
8934
8970
8987
9040
9041
9093
9121
9253
9363
9380
9388
9484
9496
9546
9567
9608
9661
9662
9663
9774
9780
9781
9969
9981
10045
10059
10060
10070
10242
10258
10259
10260
10556
10557
10558
10560
10561
10578
10579
10581
10619
10742
10769
10773
10781
10783
10785
10786
10797
10812
10847
10879
10880
10882
10929
10930
11027
11071
11073
11074
11100
11116
11218
11294
11338
11591
11970
12007
12026
12028
12029
12030
12032
12033
12121
12129
12133
12224
12225
12227
12228
12284
12331
12348
12486
12520
12583
12652
12769
12770
12771
12787
12801
12803
12804
12950
12952
12953
12960
12971
12980
12984
13139
13244
13245
13249
13250
13251
13252
13260
13273
13274
13275
13413
13421
13427
13429
13610
13640
13654
13655
13673
13809
13860
14079
14080
14109
14165
14287
14457
14471
14485
14515
14558
14650
14701
14729
14734
14744
14781
14811
14845
14940
15006
15017
15068
15134
15168
15177
15388
15390
15391
15392
15505
15630
15907
15917
15934
16046
16063
16205
16268
16269
16270
16271
16299
16301
16333
16346
16347
16349
16397
16408
16623
16624
16626
16727
16728
16729
16808
16810
16811
16853
16900
16954
16955
16956
16957
16958
16959
17031
17096
17233
17234
17235
17237
17249
17250
17252
17253
17259
17401
17402
17436
17456
17465
17548
17551
17621
17645
17658
17775
17800
17816
17925
18003
18018
18020
18025
18198
18199
18200
18235
18240
18276
18277
18406
18423
18424
18425
18426
18461
18462
18589
18779
18780
18787
18788
18790
18814
18815
18816
18817
18819
18820
18821
18822
18841
18887
18916
18917
19058
19059
19060
19061
19185
19226
19227
19282
19284
19286
19445
19505
19522
19569
19571
19617
19618
19809
19823
19824
19825
20003
20084
20150
20189
20190
20238
20252
20269
20292
20433
20460
20461
20462
20463
20480
20541
20588
20614
20629
20646
20647
20649
20650
20670
20715
20716
20736
20765
20767
20793
20796
20797
20839
20867
20923
20925
20998
21014
21061
21077
21117
21118
21119
21142
21195
21222
21223
21358
21435
21466
21476
21547
21557
21699
21771
21801
21803
21878
21910
21957
22053
22120
22705
22708
22710
22712
22713
22858
23019
23020
23021
23023
23024
23050
23052
23054
23241
23242
23243
23247
23248
23249
23250
23251
23252
23277
23278
23279
23280
23281
23323
23330
23381
23530
23563
23564
23566
23581
23604
23652
23724
23738
23760
23825
23872
23873
23875
23879
23948
23950
23952
23953
24124
24125
24126
24127
24174
24217
24219
24220
24228
24271
24272
24274
24275
24310
24349
24350
24352
24353
24441
24501
24502
24646
24684
24685
24799
24869
24927
24960
24978
25025
25028
25029
25030
25087
25088
25089
25090
25091
25207
25209
25250
25272
25292
25317
25372
25385
25544
25596
25597
25673
25698
25715
25716
25717
25718
25749
25754
25828
25846
25905
25979
25980
26404
26443
26444
26583
26584
26641
26642
26646
26647
26712
26713
26728
26880
26906
26907
26993
26995
26996
26997
26998
26999
27001
27003
27030
27032
27033
27034
27357
27500
27610
27618
27619
27620
27689
27715
27716
27717
27749
27846
27847
27954
27955
27957
27995
28003
28032
28066
28079
28080
28081
28088
28199
28201
28206
28212
28289
28304
28311
28318
28320
28321
28433
28446
28507
28525
28526
28527
28528
28547
28612
28760
28921
28922
28923
28924
29013
29014
29031
29103
29104
29105
29106
29107
29167
29206
29281
29330
29446
29456
29490
29539
29540
29543
29548
29550
29551
29553
29583
29584
29668
29669
29671
29672
29673
29730
29731
29733
29755
29798
29885
29994
30002
30003
30004
30054
30271
30279
30544
30548
30693
30717
30726
30738
30742
30758
30819
30852
31167
31194
31429
31506
31526
31584
31658
31659
31661
31662
31882
31971
31973
31974
32148
32361
32362
32363
32364
32365
32366
32715
32888
33130
33131
33132
33134
33299
33300
33302
33303
33304
33315
33316
33319
33320
33321
33377
33378
33379
33380
33525
33526
33528
33560
33583
33584
33586
33588
33643
33644
33646
33647
33703
33704
33705
33706
33707
33708
34019
34020
34021
34037
34038
34039
34040
34041
34073
34074
34075
34076
34092
34094
34100
34379
34380
34542
34566
34570
34596
34597
34598
34599
34600
34652
34738
34739
34740
34763
34860
34873
34874
34875
34895
34898
34975
34976
34978
35064
35142
35259
35367
35701
35702
35703
35704
35734
35735
35736
35737
35783
35784
35785
35975
35976
35977
35978
35979
35981
35982
36254
36255
36256
36319
36323
36324
36325
36326
36432
36434
36438
36439
36475
36476
36481
36482
36483
36492
36493
36494
36496
36558
36606
36661
36747
36766
36882
37178
37179
37376
37385
37386
37409
37501
37708
37776
37835
37864
37969
37970
37971
38010
38030
38057
38058
38066
38105
38238
38239
38268
38309
38345
38360
38361
38400
38405
38410
38427
38429
38480
38665
38699
38700
38764
38957
38958
38990
39135
39173
39200
39299
39345
39352
39400
39426
39445
39459
39500
39524
39549
39550
39580
39633
39634
39764
39909
39910
39911
39952
39955
40146
40148
40181
40199
40218
40249
40304
40313
40354
40466
40467
40488
40587
40634
40639
40655
40715
40736
40746
40782
40839
40840
40930
40983
40990
41047
41197
41203
41245
41248
41296
41297
41316
41317
41326
41364
41431
41463
41472
41499
41598
41610
41646
41655
41686
41688
41762
41872
41897
41940
41943
41966
41970
41971
42112
42266
42286
42326
42420
42428
42443
42451
42461
42488
42604
42699
42700
42702
42912
43038
43165
43195
43292
43318
43319
43320
43326
43327
43328
43329
43372
43373
43374
43375
43376
43390
43393
43394
43456
43457
43459
43465
43804
43908
43956
43993
44083
44099
44246
44247
44248
44249
44250
44251
44252
44267
44268
44269
44329
44412
44504
44505
44506
44507
44550
44606
44607
44608
44628
44658
44692
44765
45067
45204
45205
45207
45280
45282
45283
45556
45681
45822
45914
45915
45923
45928
46080
46431
46432
46473
46474
46475
46476
46477
46565
46582
46659
46746
46747
46748
46749
46771
46772
46773
46787
46788
46789
46790
46791
47029
47066
47067
47068
47069
47070
47254
47255
47466
47467
47468
47469
47685
47894
47895
47897
47922
47923
47924
47951
47964
47965
47966
47967
48079
48080
48162
48328
48329
48330
48388
48389
48459
48460
48461
48462
48567
48668
48860
48921
48922
48923
48924
48961
49033
49034
49117
49118
49584
49590
49676
49797
49893
49980
50034
50179
50340
50358
50394
50410
50411
50412
50420
50423
50429
50444
50457
50481
50565
50567
50568
50658
50663
50781
50782
50859
50872
50873
50875
50931
50932
51050
51051
51211
51410
51411
51413
51414
51415
51473
51479
51512
51528
51533
51535
51565
51566
51645
51646
51652
51668
51669
51670
51672
51745
51811
51812
51844
51845
51930
51976
51994
52017
52018
52019
52040
52056
52123
52125
52231
52321
52323
52328
52329
52406
52407
52408
52449
52525
52600
52696
52846
52941
52942
53236
53243
53348
53386
53387
53623
53656
53717
53957
54011
54027
54059
54084
54122
54123
54152
54231
54232
54264
54298
54382
54491
54568
54593
54707
54852
54865
54879
54892
55074
55087
55102
55160
55170
55209
55236
55377
55378
55572
55587
55658
55685
55782
55806
55815
55908
55973
55995
56057
56166
56304
56305
56463
56464
56465
56466
56650
56653
56694
56742
56743
56745
56765
56785
56994
57121
57122
57123
57124
57125
57126
57236
57339
57395
57445
57446
57679
57803
57884
57885
57886
58249
58535
58537
58666
58757
58758
58759
58760
58818
58819
58821
58966
59035
59036
59038
59144
59145
59146
59183
59184
59268
59275
59348
59692
59875
59876
59877
60076
60077
60317
60318
60319
60368
60369
60370
60371
60411
60458
60554
60630
60648
60668
60790
60818
61023
61134
61186
61413
61591
61684
61685
61687
61688
61692
61693
61694
61695
61994
61995
61996
62393
62457
62767
62826
62827
62828
62925
62940
63060
63061
63114
63156
63224
63605
63619
63635
63673
63949
63950
63975
64031
64033
64034
64035
64178
64210
64218
64253
64451
64452
64646
64800
64801
64844
64852
64853
64854
65094
65132
65173
65232
65416
65488
65567
65578
65601
65602
65768
65769
65771
65910
65927
65928
65929
65999
66006
66036
66351
66425
66427
66428
66471
66472
66473
66495
66576
66653
66896
67009
67095
67214
67285
67318
67327
67328
67329
67354
67403
67404
67447
67479
67526
67527
67556
67586
67619
67637
67638
67664
67730
67838
67851
68039
68040
68041
68133
68134
68340
68359
68360
68378
68379
68380
68381
68412
68492
68670
68686
68719
68809
68810
68959
68993
69016
69021
69144
69284
69333
69455
69488
69575
69649
69690
70054
70145
70210
70247
70386
70391
70392
70497
70521
70532
70574
70708
70709
70758
70937
70944
71088
71107
71122
71123
71218
71290
71301
71302
71320
71350
71441
71442
71447
71457
71531
71585
71592
71600
71643
71676
71679
71695
71740
71901
71908
71931
71993
72135
72351
72402
72666
72668
72669
72740
72741
73157
73383
73472
73474
73475
73476
73477
73478
73479
73480
73521
73531
73537
73888
73889
73993
74314
74315
74422
74423
74424
74425
74426
74656
74717
74736
74737
74738
74739
74740
75717
75904
75905
75906
75907
76193
76380
76412
76663
76696
76802
76804
77091
77114
77115
77116
77117
77118
77175
77295
77382
77526
77584
77617
77939
77941
77942
78051
78052
78053
78054
78134
78135
78136
78179
78225
78600
78601
78602
78603
78643
78650
78651
78940
78958
79064
79132
79149
79388
79389
79390
79392
79393
79521
79678
79679
79737
79788
80263
80350
80430
80617
80680
80681
80701
80702
80736
80737
80795
80796
80832
81043
81115
81116
81118
81185
81187
81188
81189
81223
81384
81385
81520
81680
82137
82332
82411
82494
82525
82584
82668
82681
82682
82683
82747
82782
83134
83285
83286
83452
83453
83635
83636
83931
83932
83999
84360
84374
84376
84416
84596
84651
84683
84684
84793
84841
84854
84855
84970
84971
84972
84978
84979
85121
85122
85123
85124
85418
85419
85634
85752
85962
86008
86009
86010
86173
86223
86316
86329
86491
86502
86534
86536
86537
86665
86697
86699
86774
86785
86905
87006
87110
87111
87112
87351
87387
87388
87599
87769
87788
87872
87974
88257
88258
88511
88599
88628
88757
88869
88938
89002
89031
89375
89458
89488
89489
89512
89582
89584
89711
89827
89887
89949
90034
90110
90172
90173
90410
90519
90520
90655
90668
90669
90725
90727
90728
90759
90779
90781
90817
91302
91421
91982
92587
92588
92589
92946
92969
92987
93000
93180
93181
93836
93866
93867
94002
94293
94396
94397
94399
94400
95358
95359
95382
95401
95521
95522
95605
95606
95607
95608
95616
95617
95618
95619
95634
95646
95648
95649
95650
95651
95777
95778
95913
96228
96249
96258
96309
96319
96436
96478
96522
96609
96945
97019
97021
97032
97033
97034
97368
97732
97801
97879
98362
98363
98364
98452
98593
98594
98595
99138
99516
99517
99518
99777
99778
99779
99827
100073
100074
100260
100261
100343
100344
100345
100491
101037
101214
101598
101601
101663
101692
101693
101880
101881
101898
101915
101952
102310
102371
102372
102447
102672
103172
103211
103272
103404
103405
103524
103698
103705
103880
103984
104051
104068
104107
104112
104113
104114
104501
104568
104572
104697
104897
104898
105224
105355
105361
105621
105699
105701
105716
105828
105842
106046
106166
106327
106340
106341
106373
106375
106536
106578
106843
106965
106990
107006
107070
107092
107131
107164
107202
107203
107249
107250
107288
107384
107485
107542
107567
107568
107654
107668
107977
108045
108227
108513
108581
108622
108716
108743
108883
108959
108982
109056
109132
109147
109696
109740
109741
109792
109962
109963
109964
109965
109967
110611
110641
110642
110643
111024
111085
111087
111088
111094
111095
111096
111659
111660
111661
112219
112220
112221
112612
112614
112671
112723
113007
113008
113406
113412
113681
113921
114455
114570
114571
114656
114658
114659
115228
115251
115352
115353
115354
115478
115559
115561
115665
115746
115747
115748
115749
115865
115940
116096
116228
116366
116802
117532
117533
117739
117740
117774
117933
117967
118294
118366
118500
118651
118652
118795
118864
118985
118987
119027
119028
119134
119184
119262
119296
119297
119576
119577
119579
119752
119967
120049
120072
120295
120296
120299
120300
120301
120316
120318
120494
120495
120496
120503
120531
120613
120659
120854
120887
120888
120998
121080
121099
121110
121178
121205
121253
121317
121421
121488
121590
121788
121861
121862
121863
121903
122160
122271
122282
122372
122379
122497
122629
122774
122789
122849
122850
122959
123006
123084
123157
123198
123331
123470
123484
123489
123558
123633
123785
123829
123846
123942
123978
124021
124034
124094
124097
124099
124557
124584
124585
124588
124852
124893
124999
125001
125002
125102
125103
125104
125105
125170
125171
125172
125207
125420
125751
125775
125860
125931
125933
126379
126380
126386
126405
126568
126704
126782
126783
127261
127262
127276
127720
127792
127851
127943
127944
127981
128020
128164
128229
128330
128458
128537
128612
128891
129183
129243
129247
129446
129447
129508
129624
129625
129689
129709
129805
130038
130178
130188
130189
130190
130226
130227
130229
130280
130281
130282
130415
130416
130417
130439
130441
130623
130624
130625
130701
130945
131052
131415
131502
131508
131569
131613
131760
131935
132004
132005
132068
132091
132184
132351
132436
132465
132620
132639
132761
132833
132835
132845
132965
133034
133093
133105
133124
133149
133218
133220
133370
133388
133435
133474
133614
133734
133774
133821
133822
133836
133871
133886
133983
134006
134007
134019
134080
134085
134131
134156
134283
134328
134372
134412
134470
134553
134554
134555
134556
134558
134788
134981
134983
134985
134987
134988
135293
135303
135304
135305
135307
135310
135341
135342
135344
135345
135346
135347
135348
135384
135447
135516
135556
135659
135856
136057
136112
136113
136114
136115
136116
136117
136256
136258
136260
136298
136299
136412
136413
136415
136451
136453
136586
136661
136729
136957
136958
136959
136981
137005
137006
137007
137009
137139
137236
137237
137406
137441
137442
137443
137452
137488
137545
137546
137549
137564
137875
137925
138184
138203
138247
138397
138448
138515
138583
138584
138595
138619
138889
138902
138906
138995
139008
139102
139103
139104
139106
139154
139251
139298
139322
139323
139369
139434
139448
139693
139694
139754
139787
139844
139885
139985
140059
140150
140187
140244
140293
140294
140440
140454
140473
140510
140520
140521
140534
140544
140552
140563
140585
140624
140666
140747
140751
140832
140873
140886
141068
141075
141145
141146
141148
141149
141209
141233
141437
141438
141439
141465
141498
141499
141500
141502
141503
141504
141505
141693
141719
141738
141832
141864
141865
141905
142037
142038
142039
142075
142076
142085
142140
142223
142224
142242
142248
142249
142251
142313
142385
142548
142549
142551
142569
142576
142595
142596
142616
142617
142641
142644
142702
142703
142704
142706
142832
142834
142872
142916
142928
142946
142977
142978
143064
143119
143182
143357
143358
143420
143476
143539
143644
143645
143648
143666
143716
143717
143718
143762
143790
143818
143828
143877
143884
143906
143916
143977
144005
144052
144062
144109
144181
144219
144235
144312
144342
144369
144374
144387
144432
144484
144512
144513
144520
144547
144555
144556
144600
144679
144687
144819
144821
144822
144824
144863
144864
144921
144922
144923
144925
144926
144927
144980
145039
145040
145108
145111
145149
145171
145190
145215
145216
145362
145364
145460
145462
145500
145547
145581
145660
145726
145727
145728
145772
145773
145775
145777
145818
145841
145844
145845
145846
145847
146033
146074
146076
146077
146136
146142
146148
146149
146169
146196
146202
146215
146230
146278
146281
146282
146302
146305
146316
146344
146369
146375
146399
146427
146488
146491
146492
146519
146529
146597
146608
146613
146642
146655
146656
146658
146685
146686
146706
146756
146767
146768
146790
146791
146801
146809
147039
147077
147094
147109
147110
147119
147132
147159
147160
147165
147236
147237
147262
147272
147330
147372
147386
147398
147441
147463
147477
147522
147538
147602
147603
147605
147647
147652
147727
147729
147775
147809
147846
