637
991
1028
1499
1609
1755
1756
1952
2316
2350
2351
2352
2534
2768
3127
3231
3514
4110
4976
5264
5282
5283
5787
5844
5947
5970
5971
6190
6795
6796
6797
7768
7793
7831
7897
8706
8764
9114
9559
9617
9689
10346
10347
10348
10615
10617
10714
11442
11929
12696
14356
14720
17204
17830
17831
19419
19894
19895
20485
21950
23568
24079
29973
33105
37641
140979
141304
143609
143794
144320
144464
144573
144641
144646
144755
144962
145476
145543
145634
145858
145916
145990
146049
146056
146066
146094
146165
146437
146524
146546
146567
146583
146780
146781
146782
146783
146784
146804
146833
146972
147019
147048
147113
147114
147115
147116
147169
147183
147205
147206
147208
147222
147244
147253
147270
147278
147287
147296
147305
147306
147307
147308
147309
147310
147311
147312
147331
147335
147384
147410
147415
147423
147432
147443
147489
147490
147491
147509
147526
147530
147531
147542
147565
147566
147583
147597
147601
147614
147617
147626
147670
147673
147674
147675
147676
147684
147686
147687
147689
147693
147714
147719
147721
147725
147726
147735
147776
147778
147785
147789
147790
147791
147796
147803
147804
147816
147822
147830
147835
147836
147837
147842
147843
147849
147851
147855
147857
147859
147871
147880
147881
147890
147895
147898
147904
