1223
1757
1953
2353
2452
2453
2455
2456
4361
4957
5330
5552
5553
5554
5707
5719
6008
6345
6395
6798
7157
7363
7625
7898
8105
8106
8148
8150
9953
10349
10616
10620
10657
10795
10814
11278
11330
11752
11930
12467
12940
13232
14460
14645
15534
15986
15987
15988
15989
16331
17087
17088
17089
18234
18250
18251
19148
19420
19726
20334
22380
22382
22383
23605
23820
24798
25695
25751
26415
26961
27031
27809
29259
29799
30719
31428
33356
33357
33359
33360
34017
34214
39662
39845
39846
40787
41323
41786
42337
43435
45371
45373
47024
47025
47027
47028
47575
47576
49579
51437
51438
54262
54415
54613
59360
60820
60894
64121
64122
64591
64592
65125
67946
67948
68212
68213
69317
70884
70938
72170
77711
79292
80061
82579
82635
83612
84371
86493
86923
86925
88144
88177
89423
89425
90291
95647
96229
99964
102301
103025
104607
107212
107960
108236
108499
108500
108564
109534
116373
116374
117108
120688
122619
123511
124137
130044
130045
132431
133536
134491
134812
135444
135578
138818
139217
140576
140881
141303
141305
141306
141381
141479
141509
142116
143154
143167
143622
143872
143892
144207
144282
144321
144642
144643
144644
144772
144944
144974
145055
145131
145207
145238
145470
145637
145744
145905
145911
145966
145989
146034
146048
146065
146067
146068
146095
146096
146294
146303
146318
146319
146320
146324
146436
146438
146439
146469
146568
146569
146675
146732
146764
146797
146840
146853
146974
146975
146976
146993
147006
147009
147010
147011
147012
147020
147025
147026
147038
147076
147101
147201
147209
147211
147216
147245
147280
147294
147340
147367
147403
147427
147428
147429
147440
147460
147486
147497
147533
147551
147560
147569
147585
147590
147600
147608
147615
147616
147619
147620
147630
147657
147681
147682
147683
147704
147709
147718
147720
147749
147754
147757
147794
147795
147801
147823
147829
147834
147863
147872
147874
147896
