1450
2454
3003
3136
3437
3906
4159
4895
5660
5661
5662
5663
5856
6113
8104
8149
8366
8367
8405
8406
8407
8408
8409
8620
8738
8739
8740
8909
9042
9258
9405
9565
10086
10257
10518
10577
11083
11084
11085
11202
11245
11246
11247
11248
11393
11394
11396
12031
12226
12672
12853
13202
13506
13653
13823
14117
14203
14204
14206
15019
15057
15133
15196
15389
15985
16267
16300
16575
16576
16577
16622
16776
16809
16944
16945
16946
16947
16948
17023
17065
17130
17373
17842
17843
17844
18019
18292
18336
18778
18901
19225
19408
19409
19636
20213
20276
20491
20912
21149
21219
21475
22082
22183
22381
23562
23753
23754
23755
23756
23757
24076
24123
24268
24269
24270
24378
24379
24532
24533
24534
24535
25157
25206
25595
25655
25656
25978
26007
26305
26596
26640
26645
26685
27808
27956
28078
28326
28327
28370
28445
28463
29441
29549
29585
29653
29654
29655
29656
29752
30146
30147
32031
32545
33127
33194
33195
33358
33582
33645
33798
33878
34680
34681
34682
35158
35159
35160
35161
35244
35301
35469
36440
36678
36679
36680
36681
36692
36754
37240
37557
37558
37559
37619
37620
37621
37653
37681
38060
38333
38352
38618
39498
39499
39632
40428
40654
41021
41022
41204
41315
41561
41660
42160
42255
42322
42701
43395
43396
43458
43844
44752
44780
44781
44782
44783
44828
45372
45514
45515
47026
47184
47317
47318
47319
47320
47577
48156
49035
49116
49535
49536
49583
49950
51104
51153
51154
51155
51156
51439
51997
52447
52579
52902
53081
53725
54112
54134
54230
54263
54492
54507
54842
55298
55681
55960
56155
56744
57350
57587
59050
59051
59052
59053
59370
59541
59542
59618
61398
61399
61400
61473
61905
61906
62455
62973
63620
64123
64590
64821
64822
64823
65568
66098
66099
66100
66897
67148
67639
67640
67641
67868
67931
67932
67947
68214
68408
68707
68834
69318
69507
70533
70943
71058
71059
71089
71363
73473
73890
74316
75410
75411
76801
77444
77553
77940
78259
78260
78261
78329
78330
78608
78707
78708
79391
80389
81183
81184
82282
82316
83012
84597
85357
85358
85420
86535
86691
86692
86924
87490
88145
88484
88637
89032
89249
89388
89424
89573
89583
89626
89813
89847
89885
90031
90037
90324
90471
90521
91667
91955
92125
92127
92501
92502
92503
92504
92505
92506
93182
93424
93425
94003
94678
95523
95572
96960
97213
97214
97215
97216
97567
97734
98596
99828
99963
100584
100698
101421
101422
101423
101615
102673
103199
103200
103201
103443
103445
104160
104446
105495
106374
106537
106768
106769
106770
106781
108501
108528
108722
108744
108756
108788
108976
109412
109413
109414
109966
110654
110655
110656
110657
110658
110659
111391
111441
113191
113266
113267
113571
113883
113884
114126
114633
114634
114635
115562
115563
115564
115565
115566
116304
116715
116717
118589
118966
120215
120216
120217
120389
120393
120599
120753
120812
120900
121098
121111
121139
121717
121718
121864
121968
122498
122851
122978
122979
123112
123115
123177
123653
123654
123655
123831
124014
124116
124335
124336
124337
124338
124339
124476
124477
124478
124479
124480
124525
124571
124587
124640
124641
125000
125932
126728
126729
126867
127171
127172
127173
127533
128048
128933
129448
129450
129555
129908
129962
130185
130187
130724
130725
130726
130736
130789
130791
130890
131327
131328
131614
131711
131712
131801
131802
131814
131815
131816
131851
131858
131859
131994
132028
132055
132242
132422
132429
132430
132988
132996
133565
133640
133672
133803
133804
133915
133982
134001
134109
134241
134242
134251
134305
134347
134375
134557
134984
134986
135106
135107
135108
135109
135306
135343
135389
135611
135677
136012
136013
136014
136118
136259
136296
136297
136306
136414
136454
136476
136840
136852
137008
137138
137238
137384
137475
137547
137548
137874
138123
138124
138215
138234
138446
138447
138449
138454
138455
138516
138585
138598
138685
138690
138964
138993
139101
139111
139238
139317
139413
139484
139494
139515
139516
139517
139518
139531
139614
139692
139724
139917
139934
139935
140009
140153
140162
140173
140175
140185
140312
140329
140351
140376
140422
140474
140525
140593
140626
140667
140723
140748
140754
140790
140825
140879
140880
140882
141094
141095
141096
141147
141150
141152
141252
141301
141405
141441
141501
141543
141568
141575
141576
141585
141586
141587
141595
141654
141683
141684
141685
141686
141687
141835
141863
141885
142026
142040
142045
142046
142047
142048
142077
142222
142225
142244
142250
142550
142597
142642
142681
142688
142699
142700
142701
142705
142747
142748
142753
142812
142833
142846
142911
142994
142995
142996
143063
143076
143077
143138
143139
143140
143208
143274
143343
143421
143428
143429
143462
143463
143464
143478
143533
143597
143690
143725
143733
143767
143817
143896
143897
143927
143959
143964
143965
144031
144042
144065
144066
144073
144151
144180
144224
144266
144280
144281
144283
144288
144382
144396
144397
144416
144419
144421
144433
144462
144465
144564
144619
144699
144700
144701
144702
144703
144817
144823
144847
144848
144849
144862
144898
144924
144979
144981
145038
145128
145129
145130
145132
145204
145205
145206
145208
145209
145221
145241
145242
145281
145303
145305
145333
145363
145367
145368
145369
145391
145393
145394
145421
145461
145474
145502
145514
145515
145516
145517
145558
145586
145617
145659
145673
145757
145758
145767
145774
145827
145842
145849
145886
145890
145907
145908
145909
145910
145921
145922
145923
145929
145933
145942
145965
145994
146062
146069
146075
146099
146106
146117
146118
146119
146127
146128
146155
146191
146217
146248
146258
146277
146284
146342
146343
146348
146355
146362
146395
146397
146400
146412
146421
146451
146466
146467
146468
146470
146472
146487
146489
146506
146508
146590
146595
146609
146631
146632
146633
146634
146654
146662
146672
146673
146674
146676
146677
146687
146693
146717
146730
146731
146739
146765
146769
146770
146795
146796
146803
146846
146847
146848
146868
146869
146883
146942
146944
146965
146966
146967
147042
147051
147063
147072
147086
147087
147107
147108
147117
147136
147137
147148
147196
147226
147228
147230
147249
147258
147263
147279
147285
147313
147339
147341
147342
147343
147346
147347
147348
147349
147352
147358
147375
147376
147388
147397
147412
147426
147430
147436
147437
147442
147457
147458
147459
147476
147505
147515
147516
147517
147549
147550
147561
147582
147589
147631
147641
147668
147695
147712
147713
147728
147734
147736
147750
147752
147753
147770
147798
147808
147810
147819
147820
147848
147870
147882
