22698
27705
33530
37292
38794
40674
40873
41519
41520
43285
43287
43288
43289
43672
46323
46971
47500
47523
51541
52147
52148
52249
52682
53359
53723
53874
56587
56938
58739
58772
62080
62812
64070
64075
64291
64526
64795
64815
65364
65385
65386
65410
65702
66372
66731
66804
66805
66811
67918
68266
69164
70901
70902
70927
71018
71614
71691
72796
74660
75104
75522
75524
75525
77715
78420
78949
80002
80628
80717
80718
80821
81104
81345
81762
82923
83571
84050
84368
84958
85369
86299
86429
86430
86431
86895
86897
87146
87147
87245
87519
87660
87661
88061
88180
88250
88251
88453
88590
89025
89566
90107
90650
90651
91199
92063
92852
92853
92854
92855
92856
93101
94843
95086
95093
95272
95947
97392
97589
98470
99353
99354
99355
99356
99753
100620
101175
101429
101430
101527
101689
101940
101941
102149
102180
102365
102511
102512
102513
104102
104190
104191
104192
104751
104752
104939
105499
106360
106378
106600
107078
108621
109035
109544
109974
110429
111997
112410
112588
112633
112695
112697
112698
113129
113696
114123
114440
114441
114442
115807
115808
116029
116135
116136
116137
117737
118015
118016
118018
118591
119047
119128
119318
119661
120365
120705
121056
121057
121251
121252
121413
121712
121990
122097
122243
122244
123733
123976
124418
124419
124420
124421
124422
124938
125309
125310
125627
125628
125645
125647
126996
127225
127226
127708
128065
128269
129155
129156
130304
130705
131552
132031
132032
132290
133891
133894
133895
134069
134386
135391
135855
137431
138172
138636
138723
138724
139177
139178
140382
140549
142696
