4
11
13
20
27
31
33
37
43
58
62
70
77
81
94
97
99
116
122
130
169
175
176
177
179
189
191
192
193
218
224
225
227
235
246
259
269
271
272
291
334
336
338
347
349
350
353
355
356
364
369
378
379
382
383
389
391
416
472
478
480
489
497
506
519
546
586
587
588
596
609
712
720
722
746
748
750
752
753
755
757
758
770
854
874
880
881
883
884
921
922
924
932
933
935
963
965
969
976
981
1004
1007
1018
1022
1067
1068
1069
1071
1087
1115
1138
1156
1160
1161
1163
1166
1177
1183
1184
1239
1245
1299
1311
1321
1349
1411
1412
1416
1417
1418
1419
1465
1469
1483
1496
1504
1513
1531
1533
1534
1536
1537
1557
1560
1562
1635
1636
1637
1676
1733
1736
1790
1801
1804
1805
1825
1826
1828
1829
1845
1857
1957
1958
1965
2009
2054
2061
2078
2079
2080
2082
2083
2093
2094
2104
2113
2129
2130
2136
2156
2158
2163
2177
2182
2191
2203
2210
2215
2239
2265
2277
2278
2280
2314
2332
2361
2394
2395
2427
2429
2431
2432
2434
2435
2513
2524
2528
2529
2530
2531
2532
2550
2592
2594
2595
2597
2598
2650
2657
2660
2706
2718
2720
2721
2722
2723
2724
2730
2772
2773
2795
2845
2846
2847
2848
2857
2861
2862
2921
2923
2929
2931
2932
2933
2947
3027
3030
3048
3056
3057
3082
3083
3128
3178
3194
3195
3209
3250
3284
3285
3297
3309
3383
3396
3430
3468
3474
3486
3499
3572
3574
3598
3615
3688
3697
3716
3717
3718
3720
3731
3742
3763
3783
3802
3824
3827
3850
3868
3871
3872
3873
3874
3875
3876
3927
3959
3963
4104
4107
4108
4135
4165
4166
4167
4168
4192
4193
4196
4215
4402
4403
4406
4420
4421
4423
4424
4425
4429
4464
4465
4467
4469
4475
4476
4477
4478
4480
4482
4493
4599
4621
4624
4672
4677
4678
4709
4711
4718
4719
4723
4724
4725
4726
4793
4796
4799
4800
4822
4825
4865
4866
4945
4946
5105
5110
5112
5198
5268
5324
5362
5423
5426
5437
5439
5440
5441
5481
5507
5508
5510
5519
5625
5671
5672
5673
5674
5687
5688
5689
5690
5795
5796
5797
5798
5835
5842
5843
5860
5862
5890
5891
5892
5893
5911
5912
5921
5935
5964
5979
6016
6056
6058
6059
6063
6065
6066
6067
6079
6111
6132
6223
6237
6244
6258
6287
6322
6366
6372
6386
6458
6597
6599
6651
6675
6728
6762
6816
6819
6870
6871
6875
6876
6877
6888
6889
6890
6891
6892
6932
7039
7041
7045
7064
7104
7105
7106
7107
7140
7152
7162
7194
7216
7217
7218
7219
7244
7280
7325
7333
7410
7411
7413
7414
7415
7416
7417
7523
7535
7587
7620
7623
7624
7654
7684
7731
7734
7736
7737
7783
7784
7786
7788
7803
7840
7852
7853
7928
7930
7954
7969
8004
8020
8021
8022
8073
8120
8194
8195
8196
8202
8203
8337
8340
8363
8447
8448
8449
8450
8505
8506
8532
8533
8562
8584
8585
8589
8593
8618
8637
8710
8846
8856
8884
8896
8897
8898
8899
8900
8918
8925
8944
8983
8984
8985
8986
9010
9011
9012
9059
9080
9167
9211
9231
9262
9263
9270
9274
9275
9303
9370
9371
9450
9458
9480
9514
9515
9516
9517
9531
9570
9571
9593
9595
9629
9657
9669
9670
9702
9707
9712
9714
9716
9727
9753
9792
9819
9849
9850
9861
9887
9893
9894
9904
9958
9996
10052
10064
10065
10066
10067
10111
10112
10116
10117
10118
10119
10120
10219
10220
10221
10222
10223
10252
10280
10281
10282
10283
10528
10549
10597
10600
10602
10603
10604
10605
10701
10702
10703
10704
10844
10845
10846
10852
10853
10854
10856
10857
10859
10865
10867
10960
10961
10962
10963
10987
11007
11012
11014
11015
11016
11025
11066
11068
11069
11138
11156
11157
11158
11161
11193
11196
11197
11199
11331
11334
11335
11341
11401
11403
11404
11405
11406
11433
11435
11437
11465
11472
11555
11558
11561
11562
11567
11601
11604
11605
11609
11688
11689
11690
11691
11692
11693
11720
11721
11728
11796
11797
11799
11801
11866
11867
11868
11869
11886
11887
11889
11890
11891
11898
11899
11953
11989
11991
12013
12088
12089
12178
12185
12186
12360
12440
12446
12458
12528
12529
12530
12531
12603
12604
12658
12733
12736
12799
12826
12827
12829
12831
12875
12897
12904
12905
12926
12929
12933
12949
13032
13033
13122
13123
13124
13137
13157
13344
13345
13347
13348
13362
13363
13364
13365
13366
13418
13455
13484
13536
13560
13827
13903
13908
14017
14018
14031
14037
14078
14113
14126
14152
14157
14240
14317
14361
14385
14386
14387
14440
14493
14546
14606
14622
14627
14657
14752
14852
14862
14900
14930
14942
14956
15040
15154
15270
15280
15288
15289
15292
15427
15430
15631
15803
15804
15805
15806
15807
15821
15843
15846
15847
15848
15879
15886
15995
16048
16055
16139
16140
16141
16247
16491
16505
16568
16569
16570
16675
16735
16736
16756
16758
16787
16903
16906
16908
16910
16942
16943
17154
17155
17159
17172
17173
17174
17175
17176
17177
17273
17394
17396
17397
17496
17499
17500
17501
17502
17655
17656
17674
17735
17741
17742
17743
17745
17910
17912
17913
17914
17915
17950
17973
17974
17976
17980
17981
17982
18081
18122
18126
18127
18282
18288
18297
18298
18403
18472
18517
18540
18541
18542
18572
18573
18575
18576
18577
18646
18653
18655
18656
18670
18671
18674
18774
18775
18776
18777
18785
18786
18864
18866
18880
18881
18906
18907
18908
18947
19028
19092
19093
19094
19095
19197
19200
19201
19232
19252
19347
19348
19353
19356
19366
19436
19440
19441
19473
19475
19476
19477
19488
19489
19490
19491
19596
19743
19771
19860
19863
19864
19865
19866
20078
20079
20080
20081
20089
20141
20185
20197
20267
20268
20271
20308
20374
20379
20380
20453
20454
20455
20476
20478
20498
20503
20521
20536
20618
20702
20710
20711
20834
20835
20899
20900
20901
20905
20927
20928
20929
21019
21025
21028
21053
21092
21145
21146
21155
21159
21251
21268
21271
21273
21274
21293
21334
21335
21350
21362
21374
21411
21412
21442
21485
21511
21516
21579
21582
21615
21652
21657
21710
21754
21758
21762
21777
21789
21835
21889
21929
21932
21933
21952
21972
22001
22005
22037
22106
22156
22343
22389
22400
22403
22404
22406
22407
22409
22477
22579
22622
22625
22642
22643
22645
22647
22648
22649
22755
22792
22842
22846
23175
23176
23177
23259
23355
23397
23399
23501
23502
23504
23506
23507
23519
23549
23551
23552
23553
23554
23797
23798
23799
23800
23801
23887
23941
24129
24131
24132
24133
24141
24142
24143
24144
24145
24178
24202
24413
24414
24415
24416
24451
24518
24519
24520
24521
24522
24523
24565
24574
24576
24577
24578
24707
24826
24827
24828
24866
24945
24946
24947
24952
24953
24956
24986
24987
25182
25184
25185
25186
25278
25280
25588
25590
25592
25593
25594
25619
25625
25628
25651
25652
25654
25681
25721
25944
25962
25964
25966
25967
25975
25976
25977
25988
25989
25990
25991
25992
26006
26078
26080
26081
26082
26083
26248
26251
26252
26262
26263
26273
26274
26275
26283
26284
26304
26393
26420
26556
26624
26655
26694
26758
26800
26840
26842
26843
26853
26859
26878
26912
26913
26914
26929
26980
27028
27042
27105
27107
27138
27140
27178
27179
27180
27336
27548
27709
27710
27711
27904
27905
27906
27907
27910
27911
28012
28076
28280
28281
28316
28342
28343
28344
28396
28413
28458
28459
28461
28462
28487
28494
28522
28523
28530
28531
28564
28586
28646
28712
28713
28772
28856
28857
28886
28946
28947
28972
28973
28984
29030
29090
29126
29131
29212
29238
29314
29316
29317
29324
29331
29395
29630
29632
29633
29813
29820
29895
29930
29937
29941
29962
30022
30150
30168
30174
30198
30223
30250
30286
30360
30381
30389
30413
30415
30436
30570
30594
30613
30674
30728
30759
30779
30784
30801
30854
30879
30903
30909
30932
30939
30976
30994
31072
31095
31117
31129
31149
31281
31403
31404
31406
31407
31409
31410
31459
31461
31463
31464
31466
31467
31492
31493
31494
31652
31655
31656
31810
31811
31943
32057
32077
32265
32266
32267
32268
32269
32322
32333
32336
32416
32590
32664
32665
32666
33031
33050
33068
33100
33102
33103
33274
33275
33288
33328
33330
33423
33424
33425
33426
33462
33463
33464
33466
33491
33738
33739
33741
33817
33912
33913
33915
34004
34006
34008
34362
34366
34367
34368
34709
34726
34819
34903
34965
34979
35094
35128
35130
35188
35189
35254
35255
35256
35257
35258
35311
35413
35414
35415
35416
35417
35592
35767
35768
35769
35862
35886
35887
35888
35889
35890
35916
35917
35918
35919
35920
35927
35929
35930
36023
36024
36025
36108
36110
36149
36154
36193
36349
36350
36501
36544
36545
36569
36629
36646
36647
36664
36666
36672
36673
36725
36726
36727
36735
36736
36737
36786
36787
36823
36824
36866
36915
36916
37024
37100
37101
37140
37161
37224
37264
37318
37320
37380
37544
37546
37547
37548
37716
37729
37766
37979
38119
38121
38153
38155
38234
38235
38258
38259
38313
38375
38376
38377
38378
38516
38538
38631
38632
38633
38634
38635
38637
38638
38687
38688
38689
38715
38730
38734
38743
38754
38906
39063
39066
39078
39079
39151
39290
39386
39388
39397
39410
39416
39501
39619
39620
39624
39631
39694
39696
39767
39780
39815
39882
39930
40204
40285
40379
40380
40420
40476
40477
40485
40486
40487
40535
40536
40537
40653
40703
40722
40723
40729
40738
40776
40871
40936
41006
41007
41038
41048
41090
41109
41151
41163
41195
41218
41226
41257
41294
41330
41358
41388
41402
41457
41524
41553
41580
41599
41710
41734
41832
41883
41884
41907
41934
41959
42011
42017
42021
42113
42193
42194
42195
42217
42220
42238
42281
42312
42313
42380
42402
42434
42670
42673
42674
42798
42799
42802
42803
42804
42805
42806
43003
43015
43016
43109
43143
43145
43201
43202
43204
43213
43214
43215
43551
43602
43605
43607
43771
43793
43865
43891
44037
44038
44508
44869
45014
45112
45113
45116
45189
45190
45191
45213
45368
45369
45393
45400
45620
45621
45624
45644
45645
45646
45707
45708
45710
45711
45712
45758
45775
45794
45796
45816
45978
45981
45982
45983
46013
46015
46016
46018
46050
46068
46384
46386
46400
46402
46403
46718
46719
46720
46721
46722
47090
47091
47092
47093
47310
47519
47520
47521
47555
47563
47564
47565
47621
47643
47650
47652
47660
47661
47726
47743
47744
47746
47767
47915
47933
48001
48013
48014
48015
48016
48374
48385
48427
48563
48570
48683
48684
48685
48720
48724
49052
49176
49177
49214
49215
49216
49230
49311
49315
49327
49330
49396
49416
49540
49542
49598
49600
49913
49923
49943
49944
49945
50007
50008
50045
50054
50057
50058
50102
50103
50104
50117
50137
50138
50169
50257
50442
50536
50607
50717
50769
50801
50855
51015
51016
51087
51089
51090
51124
51141
51142
51162
51163
51164
51173
51174
51175
51253
51254
51269
51270
51345
51346
51347
51348
51401
51423
51424
51499
51524
51594
51876
51907
52228
52232
52290
52291
52325
52377
52584
52683
52684
52702
52706
52793
52909
52911
53010
53011
53041
53054
53101
53364
53365
53373
53375
53486
53494
53519
53520
53539
53541
53545
53560
53660
53685
53704
53726
53744
53763
53781
53818
53848
53849
53906
53987
54151
54159
54203
54258
54261
54365
54381
54418
54435
54748
54750
54795
54821
54836
54904
54920
54924
54925
54971
55038
55107
55119
55124
55138
55195
55210
55212
55226
55270
55355
55524
55627
55672
55739
55768
55803
55827
55830
55852
55868
55982
55998
56392
56446
56449
56450
56467
56468
56470
56471
56950
56971
57293
57294
57295
57296
57516
57522
57524
57582
57583
57584
57585
57586
57621
57685
57686
57742
58411
58433
58575
58577
58593
58594
58596
58651
58654
58655
58837
58944
58984
58985
58986
58987
59070
59122
59123
59124
59125
59218
59261
59473
59475
59476
59477
59564
59578
59970
59971
59972
59973
59992
59993
60005
60299
60405
60659
60994
60996
61331
61332
61333
61339
61340
61341
61342
61345
61346
61347
61667
61668
61669
61850
62077
62276
62325
62326
62362
62444
62738
62836
62890
62891
62981
63027
63028
63030
63122
63125
63129
63130
63268
63269
63270
63412
63413
63419
63421
63422
63460
63461
63524
63767
63802
64015
64051
64052
64053
64115
64327
64363
64364
64400
64401
64512
64513
64567
64584
64600
64863
64886
64887
64909
64910
64912
64973
65159
65160
65162
65202
65370
65371
65372
65380
65403
65404
65557
65607
65727
65755
65800
65801
66010
66011
66124
66126
66249
66353
66377
66412
66413
66414
66415
66417
66419
66420
66544
66606
66608
66664
66665
66666
66771
66827
66839
66842
67092
67191
67222
67223
67224
67253
67277
67350
67483
68011
68033
68034
68046
68059
68147
68255
68394
68493
68494
68495
68559
68578
68647
68650
68746
68772
68817
68838
68859
68895
68902
68904
69162
69269
69287
69463
69470
69506
69513
69695
69836
69868
70105
70107
70116
70237
70259
70260
70427
70428
70503
70504
70517
70569
70570
70604
70621
70694
70695
70777
70852
70886
71067
71076
71082
71133
71197
71198
71276
71318
71323
71397
71403
71404
71675
71696
71697
71713
71821
71823
71827
71838
71839
71977
72008
72061
72070
72090
72115
72132
72163
72223
72431
72432
72477
72665
73140
73141
73143
73204
73450
73508
73571
73620
74098
74101
74830
74833
74853
75204
75244
75245
75532
75650
75669
75747
75748
75749
75858
75860
75861
75862
75915
75916
75917
75932
76077
76079
76080
76081
76199
76201
76203
76374
76508
76552
76553
76587
76588
76589
76862
76863
76921
77120
77121
77232
77380
77397
77398
77400
77401
77486
77487
77488
77596
77597
77598
77599
77620
77621
77728
77754
78084
78085
78127
78142
78161
78163
78211
78574
78686
78687
78775
78776
78778
79115
79188
79189
79190
79346
79348
79349
79565
79582
79747
79748
79881
80010
80052
80053
80054
80275
80776
80811
80813
80974
80975
81309
81310
81311
81312
81336
81337
81338
81339
81479
81484
81569
81699
81700
81713
81715
81716
81717
81734
81788
82008
82103
82154
82196
82306
82459
82460
82593
82626
82695
82707
82724
82757
82758
82773
82838
82890
82966
83226
83343
83345
83491
83621
83713
83739
83740
83750
83820
83874
83882
84053
84067
84106
84166
84167
84351
84639
84641
85109
85199
85255
85427
85465
85487
85488
85489
85529
85737
85738
85891
85892
86019
86062
86063
86085
86233
86400
86460
86559
86877
86917
86996
87153
87160
87375
87481
87482
87523
87524
87600
87865
87892
87936
87947
88262
88267
88357
88358
88364
88409
88410
88452
88500
88630
88632
88633
88773
88831
88921
88922
89055
89209
89247
89253
89272
89314
89381
89404
89437
89438
89484
89568
89613
89684
89752
89790
89804
89882
89953
89972
90090
90104
90190
90351
90356
90378
90385
90605
90763
90865
90866
90917
91073
91561
91729
91730
91731
91732
91804
91949
92182
92265
92333
92334
92335
92414
92577
92578
92579
92936
93057
93217
93547
93550
93551
93552
93614
93615
93616
93617
93759
94230
94447
94613
94629
94649
94687
94720
94721
94722
95317
95318
95320
95321
95367
95932
95992
95993
95994
96040
96060
96061
96213
96333
96505
96835
97326
97328
97330
97357
97498
97501
97502
97503
98034
98115
98284
98483
98546
98713
98714
98715
98717
98718
98719
98720
98735
98756
98819
98820
99396
99398
99586
99587
99795
100150
100164
100165
100166
100243
100244
100271
100393
100444
100446
100447
100515
100748
100831
100926
101258
101420
101442
101550
101790
101954
102072
102073
102089
102667
102845
102948
102949
103030
103142
103313
103314
103459
103486
103629
103655
103768
104066
104078
104079
104080
104088
104157
104201
104799
104981
105008
105159
105259
105313
105470
105582
105597
105697
106154
106205
106417
106569
106589
106686
106740
106908
106909
106989
107373
107429
107525
107649
107692
108059
108110
108111
108231
108582
108591
108761
108875
109152
109153
109329
109466
109468
109469
109470
109700
109788
110056
110350
110457
110906
111098
111099
111368
111999
112255
112258
112563
112721
112777
112778
113048
113061
113716
113807
114083
114095
114097
114540
114650
114653
115267
115904
115960
116248
116342
116407
116508
116738
116785
116832
116894
117223
117284
117341
117885
117924
117985
118580
118581
118582
118583
118584
118682
119042
119322
120077
120080
120344
120346
120550
121354
121355
121356
121357
121358
121440
121626
121836
121837
122143
122451
122452
122453
122454
122652
123125
123126
123370
124268
124305
124324
124702
124705
124861
124890
125448
125805
126205
126228
126450
126480
126716
127041
127109
127538
127667
127836
128002
128018
128055
128199
128243
128256
128258
128424
128455
128618
128678
128870
128995
129587
129812
129827
130199
130454
130458
130459
130460
130462
130463
130464
130488
130530
130550
130637
130710
130783
130857
131293
131792
131868
131962
132035
132166
132447
132506
132507
132508
132530
132827
132902
133018
133036
133048
133054
133106
133357
133358
133362
133390
133632
133681
133693
133778
134014
134015
134047
134494
134508
134899
135069
135288
135298
135299
135497
135515
135518
135519
135520
135521
135523
135524
135525
135526
135548
135704
135877
135962
135991
136026
136177
136192
136471
136482
136495
136779
136780
136781
136782
136784
136785
136786
136809
136811
136986
137011
137047
137160
137168
137279
137409
137423
137450
137590
137623
137625
137626
138017
138142
138180
138181
138202
138272
138273
138275
138288
138290
138313
138336
138378
138380
138548
138656
138916
138966
139180
139226
139295
139330
139404
139406
139407
139469
139470
139472
139498
139509
139510
139569
139604
139659
139843
139847
139853
139876
139880
139913
140013
140014
140085
140110
140166
140207
140241
140362
140419
140491
140721
140883
140955
140959
140961
141031
141037
141196
141230
141250
141430
141464
141593
141650
141701
141703
141704
141769
141770
141771
141773
141774
141824
142009
142010
142016
142017
142126
142197
142294
142296
142369
142370
142372
142373
142374
142392
142453
142461
142463
142464
142472
142474
142477
142575
142586
142710
142732
142825
143006
143086
143093
143094
143191
143200
143261
143262
143264
143270
143366
143367
143369
143418
143590
143591
143592
143660
143747
143748
143883
143943
143957
143970
144195
144210
144215
144684
144732
144734
144739
144759
144797
144798
144917
144992
145029
145037
145092
145137
145142
145192
145194
145260
145318
145319
145321
145322
145365
145494
145525
145546
145612
145644
145798
145833
145941
145967
145985
146046
146084
146108
146204
146219
146229
146328
146331
146353
146483
146498
146500
146599
146601
146641
146763
146788
146857
146888
146889
146938
146985
147100
147204
147290
147291
147421
147466
147470
147503
147748
147800
147839
147845
