3436
4240
5274
5563
5873
7167
7479
7628
7773
7774
8853
9475
9631
10386
11086
11274
11345
11395
12673
13604
13682
13755
14093
14205
14235
15982
15983
15984
16812
16813
16814
16815
16816
17131
18637
18638
18921
20035
20090
21422
23283
23297
24623
25839
26076
26566
26567
26568
26809
26827
28375
29313
29479
33508
33509
33510
34683
35302
36451
37095
38619
47682
47683
49219
50135
64789
82315
87244
88795
89358
92126
93131
95472
100697
103444
103535
106037
106325
106876
106902
108977
110708
113489
113885
114636
116716
118149
118590
118655
120045
120218
120394
121160
121351
121969
122442
122649
124025
124903
125374
125675
125764
126750
127174
129552
129553
129556
129557
129906
129907
129909
130186
130221
130222
130447
130741
131297
131349
131713
131850
132016
132328
132423
133492
135388
135479
135673
135723
136359
136660
136755
137110
137436
137438
137921
138125
138303
138881
139292
139414
139461
139612
139691
139775
139776
139784
139918
140140
140141
140163
140261
140570
140632
140794
140807
140891
141151
141298
141299
141300
141302
141350
141867
142155
142227
142275
142327
142418
142779
143071
143078
143116
143126
143133
143134
143135
143150
143453
143454
143528
143535
143631
143632
143633
143750
143945
144025
144026
144087
144182
144325
144326
144449
144456
144457
144597
144845
144904
144905
144949
144950
144951
144952
144953
144954
145013
145014
145015
145016
145167
145223
145224
145225
145283
145284
145285
145286
145463
145548
145823
145824
145828
145865
145866
145873
145891
145949
146021
146103
146598
146775
146776
146800
146834
146899
146917
146952
147013
147014
147079
147080
147135
147138
147146
147161
147217
147254
147257
147276
147302
147303
147304
147380
147390
147518
147604
147611
147635
147717
147741
