593
643
731
1149
1215
1262
1266
1578
1710
1872
1873
1875
1918
1943
1980
2028
2029
2030
2031
2179
2180
2250
2251
2252
2254
2255
2579
2687
2936
3009
3010
3011
3012
3013
3175
3176
3282
3344
3364
3366
3494
3520
3544
3545
3546
3547
3553
3589
3655
3695
3711
3738
3809
3816
3823
3831
3838
3842
3987
4034
4035
4036
4037
4322
4391
4526
4606
4618
4667
4668
4695
4734
4741
4744
4768
4840
4842
4843
4844
4870
4889
4919
5055
5091
5155
5156
5157
5158
5159
5160
5167
5170
5174
5175
5183
5186
5195
5209
5249
5251
5300
5346
5404
5405
5533
5568
5586
5587
5588
5589
5590
5599
5601
5641
5642
5811
5824
5825
5932
5942
6020
6069
6084
6085
6086
6183
6187
6191
6204
6217
6308
6310
6335
6450
6532
6533
6634
6635
6636
6637
6774
6854
6971
6975
7006
7018
7033
7078
7079
7127
7207
7251
7262
7264
7265
7266
7267
7371
7374
7436
7506
7563
7564
7566
7567
7568
7569
7646
7668
7885
7906
7908
7909
8063
8097
8098
8099
8100
8101
8102
8103
8113
8175
8180
8224
8226
8227
8228
8229
8235
8255
8256
8258
8265
8266
8268
8269
8315
8316
8317
8318
8336
8390
8435
8438
8470
8472
8663
8728
8731
8840
8844
8932
8957
8958
8959
9063
9088
9109
9147
9182
9201
9213
9214
9215
9216
9223
9233
9238
9243
9365
9366
9369
9378
9409
9410
9423
9424
9425
9460
9470
9471
9505
9522
9613
9614
9615
9620
9621
9622
9628
9642
9729
9751
9752
9758
9805
9834
9855
9870
9889
9913
9922
9926
9927
9929
9934
9988
9997
10026
10079
10191
10195
10197
10198
10199
10311
10312
10313
10314
10316
10317
10318
10340
10402
10420
10421
10423
10424
10425
10427
10428
10457
10458
10459
10461
10500
10502
10512
10538
10540
10542
10551
10553
10554
10585
10591
10614
10644
10694
10730
10733
10738
10860
10925
11021
11087
11088
11089
11090
11163
11164
11227
11229
11230
11231
11233
11234
11235
11236
11237
11238
11279
11283
11596
11622
11624
11625
11784
11785
11786
11787
11788
11789
11791
11793
11810
11811
11829
11877
11878
11913
12058
12095
12158
12160
12161
12163
12195
12205
12206
12207
12345
12346
12362
12363
12418
12426
12437
12556
12585
12586
12587
12589
12610
12612
12626
12644
12719
12720
12722
12810
12906
12907
12908
12909
12934
12992
13001
13034
13036
13037
13038
13058
13059
13061
13093
13094
13095
13107
13199
13200
13201
13219
13243
13265
13290
13291
13333
13381
13547
13548
13569
13570
13571
13599
13600
13703
13714
13760
13761
13763
13789
13790
13791
13792
13815
13862
13863
13865
13866
13875
13876
13877
13901
13902
13981
13982
13983
14022
14035
14095
14096
14097
14191
14196
14207
14209
14213
14230
14231
14239
14246
14248
14299
14329
14330
14336
14337
14338
14404
14407
14470
14489
14554
14577
14617
14695
14696
14697
14711
14766
14769
14805
14824
14826
14827
14829
14850
14893
14903
14919
14953
14990
15048
15074
15075
15092
15093
15119
15123
15139
15229
15232
15233
15234
15315
15330
15331
15332
15335
15342
15350
15351
15352
15355
15356
15445
15495
15577
15578
15580
15582
15585
15601
15602
15643
15653
15684
15728
15729
15730
15732
15754
15839
15855
15856
15858
15859
15893
15900
15953
15954
15955
15957
15958
16000
16006
16210
16212
16214
16215
16296
16327
16328
16329
16330
16378
16379
16380
16381
16382
16383
16444
16446
16469
16470
16471
16472
16473
16474
16488
16538
16539
16540
16635
16687
16688
16697
16711
16714
16715
16716
16717
16718
16719
16766
16824
16825
16826
16849
16860
16949
16950
16951
16952
16965
16967
16968
16969
16973
16975
16976
16977
16978
17040
17083
17084
17086
17104
17105
17202
17203
17207
17215
17217
17218
17288
17289
17290
17291
17292
17307
17309
17310
17350
17362
17367
17462
17474
17485
17487
17564
17565
17566
17567
17601
17605
17643
17667
17692
17693
17694
17695
17696
17701
17703
17704
17783
17804
17832
17834
17835
17872
17921
17989
18011
18035
18064
18093
18094
18153
18157
18174
18209
18319
18320
18321
18412
18436
18437
18452
18485
18503
18505
18506
18518
18530
18616
18617
18625
18633
18635
18636
18696
18699
18701
18745
18746
18747
18748
18759
18810
19031
19034
19057
19254
19255
19293
19397
19469
19482
19501
19544
19545
19546
19547
19619
19620
19622
19623
19625
19676
19677
19678
19734
19756
19796
19802
19819
19850
19851
19852
19921
20064
20098
20118
20131
20163
20164
20250
20251
20274
20328
20349
20391
20538
20557
20564
20620
20621
20623
20624
20625
20627
20653
20655
20683
20684
20747
20748
20830
20844
20889
20890
20917
20950
20951
20952
20973
21003
21004
21041
21059
21065
21066
21068
21093
21114
21182
21205
21206
21232
21264
21281
21282
21283
21331
21337
21338
21340
21341
21342
21349
21366
21367
21373
21430
21494
21548
21587
21602
21628
21631
21641
21642
21675
21677
21716
21721
21749
21781
21785
21787
21790
21805
21806
21814
21822
21831
21856
21870
21871
21922
21923
21924
21971
21974
21976
22028
22033
22042
22051
22063
22081
22083
22091
22100
22109
22118
22119
22121
22123
22124
22134
22135
22141
22143
22161
22163
22166
22169
22170
22172
22224
22225
22226
22227
22228
22231
22239
22258
22273
22278
22286
22315
22316
22317
22319
22331
22333
22422
22423
22424
22479
22523
22542
22570
22572
22574
22590
22599
22601
22602
22603
22604
22605
22606
22607
22610
22721
22856
22889
22919
22920
22923
22963
23015
23017
23018
23063
23096
23117
23132
23187
23188
23189
23190
23201
23221
23222
23223
23224
23225
23226
23235
23266
23268
23269
23270
23290
23292
23294
23368
23475
23492
23587
23588
23625
23709
23711
23712
23791
23793
23794
23808
23809
23811
23812
23813
23906
23988
24003
24004
24006
24062
24063
24065
24066
24068
24069
24083
24137
24157
24226
24227
24282
24307
24335
24394
24395
24396
24397
24445
24452
24454
24455
24456
24458
24459
24460
24461
24462
24471
24477
24510
24511
24524
24525
24527
24601
24602
24603
24604
24620
24669
24712
24734
24735
24736
24840
24854
24856
24936
24938
24939
25101
25107
25201
25234
25346
25347
25348
25349
25380
25496
25722
25737
25851
25853
25854
25888
25889
25890
25891
25893
25957
25959
25960
25961
25982
25983
25984
25997
25998
25999
26000
26010
26059
26060
26062
26063
26111
26141
26142
26143
26144
26145
26225
26227
26315
26316
26318
26360
26436
26437
26438
26439
26452
26454
26455
26456
26457
26458
26513
26523
26528
26529
26531
26532
26549
26588
26590
26632
26633
26635
26636
26670
26671
26673
26676
26677
26686
26688
26803
26808
26981
26992
27044
27052
27059
27081
27082
27083
27084
27085
27086
27097
27111
27114
27120
27188
27199
27201
27202
27209
27211
27212
27224
27227
27228
27229
27265
27266
27268
27269
27270
27348
27388
27390
27392
27402
27403
27407
27424
27444
27516
27517
27518
27519
27520
27524
27525
27529
27571
27609
27669
27684
27686
27687
27706
27722
27726
27729
27730
27747
27767
27768
27769
27810
27814
27876
27883
27960
27961
27962
27968
28123
28125
28140
28142
28221
28241
28242
28244
28286
28287
28288
28313
28314
28339
28341
28383
28427
28428
28474
28583
28584
28585
28657
28676
28677
28678
28680
28694
28777
28783
28785
28786
28806
28807
28809
28874
28875
28880
28889
28901
28902
28925
28926
28927
28928
28956
28977
28979
28980
29038
29059
29087
29225
29231
29241
29264
29266
29284
29286
29287
29288
29325
29329
29375
29419
29420
29421
29467
29482
29483
29488
29489
29496
29498
29502
29582
29609
29614
29618
29619
29641
29642
29644
29649
29678
29706
29707
29719
29763
29788
29794
29795
29796
29858
29876
29927
29928
29933
29934
29956
29969
29993
30011
30074
30088
30120
30141
30183
30186
30190
30191
30204
30222
30262
30281
30314
30353
30354
30362
30363
30364
30394
30409
30410
30453
30470
30478
30479
30526
30539
30564
30565
30566
30568
30571
30572
30573
30574
30575
30576
30577
30596
30622
30632
30647
30740
30747
30774
30783
30814
30830
30834
30837
30845
30900
30935
30944
30949
30961
30988
31001
31007
31012
31017
31018
31020
31021
31033
31048
31052
31055
31056
31057
31070
31077
31096
31097
31099
31103
31104
31105
31116
31126
31135
31136
31156
31170
31172
31177
31179
31190
31192
31193
31197
31206
31211
31212
31213
31216
31218
31219
31221
31250
31375
31392
31438
31440
31442
31443
31483
31485
31487
31488
31497
31536
31537
31539
31540
31541
31549
31551
31608
31645
31719
31831
31879
31880
31881
31891
31895
31950
31952
31953
31954
31955
32004
32005
32006
32007
32008
32009
32042
32043
32046
32255
32329
32330
32332
32403
32405
32406
32407
32408
32409
32410
32411
32430
32450
32451
32452
32453
32454
32470
32471
32472
32480
32610
32631
32638
32669
32697
32768
32769
32771
32772
32773
32774
32782
32831
32854
32856
32857
32858
32859
32868
32870
32895
32896
32897
32898
32899
32900
32904
32936
33005
33006
33008
33009
33028
33030
33036
33038
33039
33040
33079
33080
33081
33082
33083
33093
33107
33108
33110
33111
33112
33113
33115
33188
33189
33190
33191
33192
33283
33295
33364
33372
33447
33448
33450
33451
33452
33532
33551
33552
33553
33599
33600
33602
33603
33680
33691
33709
33710
33712
33713
33715
33717
33719
33720
33721
33722
33723
33734
33736
33737
33746
33751
33763
33764
33765
33766
33767
33768
33769
33771
33810
33862
33867
33896
33898
33899
33900
33951
33978
33981
33996
33998
33999
34000
34023
34025
34026
34027
34028
34111
34114
34116
34127
34128
34130
34131
34140
34141
34142
34143
34150
34188
34197
34198
34231
34282
34285
34378
34402
34403
34409
34413
34451
34504
34592
34615
34616
34692
34694
34695
34732
34734
34735
34736
34737
34754
34772
34773
34799
34855
34920
34931
34932
34933
34934
34935
34938
34940
34950
34951
34953
34954
35009
35015
35080
35082
35083
35084
35085
35168
35170
35193
35225
35228
35229
35263
35264
35265
35322
35324
35325
35327
35328
35329
35360
35530
35533
35537
35544
35545
35546
35547
35578
35582
35584
35585
35586
35598
35621
35622
35623
35682
35691
35692
35693
35694
35732
35739
35778
35846
35847
35848
35878
35904
35944
35994
35995
35996
35997
36008
36009
36010
36011
36013
36014
36017
36076
36077
36078
36080
36097
36132
36170
36171
36189
36227
36228
36343
36431
36435
36437
36473
36479
36576
36675
36676
36677
36738
36739
36740
36741
36743
36744
36745
36746
36800
36818
36819
36820
36839
36868
36870
36871
36872
36874
36876
37004
37025
37026
37027
37028
37029
37048
37076
37085
37086
37157
37158
37159
37255
37257
37258
37259
37277
37306
37310
37312
37411
37423
37424
37441
37446
37448
37498
37499
37500
37505
37506
37507
37529
37530
37531
37538
37540
37541
37542
37579
37580
37612
37629
37668
37676
37677
37688
37689
37691
37692
37739
37783
37784
37785
37786
37917
37942
37957
38032
38033
38034
38035
38037
38038
38039
38040
38041
38115
38170
38177
38179
38185
38186
38187
38188
38189
38243
38349
38350
38351
38439
38441
38450
38469
38471
38473
38481
38495
38505
38506
38507
38509
38529
38543
38544
38598
38646
38668
38691
38701
38702
38759
38763
38782
38871
38873
38902
38907
38908
38922
38938
38940
38948
38997
38999
39007
39010
39053
39054
39055
39056
39074
39096
39097
39098
39101
39102
39115
39116
39142
39143
39156
39183
39184
39190
39193
39300
39301
39302
39319
39343
39344
39347
39362
39391
39395
39412
39413
39432
39451
39464
39490
39491
39505
39521
39527
39535
39567
39591
39672
39673
39687
39707
39772
39782
39783
39791
39854
39856
39869
39873
39892
39893
39896
39897
39941
39985
40014
40046
40047
40048
40049
40051
40099
40131
40159
40168
40226
40341
40342
40360
40361
40362
40432
40437
40449
40450
40453
40454
40523
40524
40525
40572
40612
40680
40689
40725
40833
40845
40847
40948
41015
41056
41059
41060
41112
41113
41114
41142
41143
41145
41146
41147
41149
41241
41274
41295
41299
41321
41322
41334
41371
41396
41409
41415
41416
41417
41419
41460
41462
41504
41507
41527
41528
41532
41537
41547
41548
41549
41568
41569
41589
41626
41693
41694
41695
41704
41745
41758
41763
41779
41858
41859
41862
41868
41869
41878
41879
41880
41898
41916
41917
41918
41950
41955
41956
41965
41984
41988
42000
42001
42013
42028
42049
42065
42069
42072
42078
42093
42105
42119
42128
42140
42141
42158
42159
42168
42171
42173
42177
42180
42184
42205
42211
42215
42236
42246
42268
42275
42283
42288
42304
42305
42368
42369
42398
42403
42431
42442
42464
42471
42484
42487
42489
42495
42496
42502
42513
42518
42519
42520
42521
42537
42540
42606
42608
42609
42610
42635
42637
42638
42639
42640
42641
42642
42643
42651
42741
42756
42758
42759
42760
42784
42794
42795
42797
42926
42927
42929
42961
42962
42963
42964
42966
42967
42968
42975
42976
42978
42979
43004
43006
43007
43057
43088
43089
43091
43092
43093
43094
43095
43096
43099
43128
43130
43132
43133
43134
43135
43136
43358
43404
43428
43445
43446
43447
43448
43496
43498
43499
43500
43501
43502
43503
43504
43593
43594
43595
43610
43619
43620
43621
43622
43624
43625
43626
43627
43665
43667
43669
43670
43685
43695
43717
43718
43779
43780
43781
43782
43783
43784
43785
43786
43787
43853
43855
43857
44026
44061
44063
44065
44066
44067
44159
44168
44170
44171
44190
44192
44193
44194
44195
44196
44201
44330
44337
44338
44339
44340
44341
44342
44343
44344
44345
44346
44347
44348
44416
44417
44419
44421
44448
44471
44484
44485
44486
44488
44489
44520
44524
44543
44577
44590
44592
44593
44594
44595
44596
44623
44625
44626
44635
44647
44679
44682
44683
44684
44685
44686
44703
44762
44794
44834
44835
44837
44839
44848
44850
44888
44893
44916
44917
44958
44959
44962
45046
45049
45050
45051
45053
45054
45055
45060
45104
45106
45107
45109
45110
45142
45229
45244
45333
45334
45336
45338
45339
45348
45349
45350
45351
45353
45392
45405
45417
45447
45448
45449
45450
45451
45453
45462
45463
45465
45507
45673
45695
45740
45741
45742
45749
45751
45752
45754
45761
45901
45944
45945
45947
45948
45951
45973
45977
46009
46012
46105
46156
46157
46158
46159
46160
46162
46164
46165
46183
46184
46185
46186
46296
46303
46304
46305
46306
46325
46353
46354
46355
46356
46380
46382
46383
46455
46478
46495
46496
46497
46498
46499
46500
46529
46544
46545
46546
46547
46548
46549
46591
46634
46798
46800
46837
46838
46839
46931
46942
46944
46987
46988
46989
46990
47000
47051
47055
47058
47059
47061
47062
47109
47110
47151
47152
47192
47193
47194
47207
47208
47209
47210
47212
47238
47239
47241
47242
47296
47297
47307
47398
47399
47434
47435
47451
47453
47454
47455
47456
47460
47481
47485
47542
47557
47573
47597
47598
47599
47600
47666
47667
47697
47710
47715
47716
47717
47771
47772
47773
47784
47810
47812
47813
47814
47815
47835
47846
47863
47872
47874
47875
47876
47877
47878
47879
47880
47881
47931
47932
47936
47937
47938
47939
47992
47993
47994
47996
47997
47998
48070
48095
48096
48097
48101
48103
48107
48142
48158
48218
48219
48228
48229
48254
48304
48306
48307
48335
48336
48337
48350
48351
48452
48517
48539
48540
48581
48591
48607
48620
48705
48715
48744
48856
48857
48886
48902
48906
48907
48908
48909
48964
48971
48974
49036
49038
49042
49047
49071
49076
49078
49080
49102
49124
49190
49191
49193
49257
49280
49292
49299
49300
49301
49304
49351
49353
49354
49360
49370
49455
49477
49499
49532
49553
49554
49558
49559
49560
49567
49593
49595
49596
49602
49611
49659
49662
49699
49701
49703
49708
49709
49731
49773
49795
49807
49877
49952
49964
49965
49967
50011
50047
50093
50126
50129
50136
50156
50157
50206
50207
50208
50209
50222
50223
50224
50230
50232
50234
50301
50302
50322
50324
50326
50350
50352
50353
50355
50356
50357
50379
50381
50382
50384
50388
50397
50398
50399
50438
50496
50506
50507
50508
50509
50515
50517
50518
50556
50590
50640
50662
50668
50669
50687
50688
50689
50690
50726
50727
50728
50729
50792
50793
50794
50795
50809
50810
50812
50825
50840
50841
50843
50868
50879
50880
50881
50959
50960
50961
50962
50988
50989
51020
51076
51077
51082
51109
51110
51161
51242
51250
51275
51276
51278
51282
51299
51336
51339
51349
51350
51352
51353
51463
51465
51466
51484
51485
51490
51491
51493
51508
51510
51511
51543
51596
51598
51599
51600
51601
51618
51622
51647
51648
51659
51660
51675
51676
51677
51697
51718
51719
51721
51729
51736
51737
51797
51841
51846
51847
51848
51919
51950
51968
52004
52064
52066
52077
52082
52091
52092
52094
52095
52113
52133
52149
52180
52213
52215
52216
52253
52255
52256
52257
52258
52271
52306
52307
52320
52330
52398
52422
52559
52560
52574
52575
52589
52603
52632
52633
52634
52658
52659
52680
52711
52716
52726
52728
52769
52771
52772
52824
52854
52906
52913
52918
52944
52945
52954
52955
52956
52958
52959
52960
52961
53003
53040
53058
53140
53141
53145
53194
53195
53196
53208
53209
53219
53220
53223
53232
53238
53248
53249
53251
53395
53396
53402
53403
53434
53439
53455
53456
53458
53493
53501
53552
53553
53611
53681
53693
53697
53750
53802
53820
53852
53881
53882
53887
53933
53968
53992
54003
54050
54051
54052
54074
54076
54080
54096
54110
54115
54125
54146
54202
54249
54250
54291
54294
54320
54359
54372
54379
54419
54420
54444
54446
54463
54510
54511
54538
54539
54551
54552
54558
54566
54632
54689
54691
54729
54751
54780
54782
54801
54803
54804
54917
54966
55001
55009
55017
55043
55085
55104
55123
55179
55215
55238
55243
55244
55245
55253
55254
55255
55284
55294
55326
55337
55350
55368
55384
55410
55411
55449
55451
55467
55472
55473
55479
55480
55481
55482
55483
55487
55491
55506
55526
55547
55554
55556
55570
55584
55588
55591
55618
55619
55689
55698
55699
55714
55723
55770
55771
55783
55812
55818
55831
55842
55863
55865
55896
55950
55971
55983
56016
56022
56035
56042
56071
56074
56075
56095
56107
56121
56131
56164
56165
56172
56185
56210
56244
56300
56302
56303
56316
56356
56363
56364
56365
56366
56367
56369
56370
56377
56378
56379
56381
56382
56405
56410
56417
56418
56419
56420
56434
56519
56520
56521
56522
56523
56551
56552
56553
56555
56556
56558
56559
56670
56671
56673
56675
56676
56677
56678
56718
56736
56737
56739
56740
56741
56758
56797
56824
56871
56931
57004
57005
57007
57008
57009
57010
57098
57099
57100
57101
57102
57103
57104
57107
57110
57144
57146
57162
57186
57202
57203
57204
57205
57206
57207
57210
57237
57240
57241
57243
57244
57246
57328
57378
57379
57380
57382
57421
57441
57451
57484
57502
57565
57569
57598
57599
57601
57602
57603
57641
57724
57726
57728
57729
57825
57831
57833
57834
57835
57836
57837
57838
57880
57881
57882
57947
58023
58071
58073
58074
58076
58077
58139
58140
58142
58145
58168
58217
58221
58268
58269
58271
58272
58342
58350
58352
58353
58378
58383
58387
58483
58513
58544
58545
58546
58597
58598
58600
58602
58603
58638
58696
58699
58700
58711
58721
58848
58869
58885
58896
58919
58921
58922
58995
58996
58997
58998
59005
59033
59085
59162
59244
59246
59247
59249
59250
59339
59365
59378
59416
59420
59421
59423
59424
59425
59450
59454
59499
59536
59539
59623
59624
59625
59626
59635
59636
59637
59656
59657
59658
59661
59679
59680
59681
59682
59683
59685
59717
59753
59801
59803
59804
59805
59806
59808
59809
59810
59811
59816
59819
59915
59916
59953
60003
60060
60143
60173
60185
60186
60192
60238
60407
60453
60455
60456
60487
60532
60543
60545
60546
60548
60600
60700
60704
60706
60707
60708
60710
60721
60744
60756
60757
60759
60761
60762
60763
60809
60810
60844
60847
60848
60849
60850
60851
60852
60854
60866
60867
60924
61003
61038
61053
61146
61147
61148
61149
61201
61203
61228
61229
61230
61247
61248
61249
61251
61252
61253
61254
61255
61256
61281
61284
61286
61287
61328
61348
61349
61350
61352
61353
61354
61391
61448
61497
61499
61537
61582
61583
61585
61586
61587
61596
61615
61619
61620
61621
61622
61623
61635
61636
61637
61641
61653
61654
61655
61671
61736
61737
61738
61764
61765
61766
61768
61810
61811
61812
61851
61853
61855
61856
61862
61942
61944
61956
61958
61981
62000
62011
62012
62056
62093
62096
62097
62098
62099
62100
62125
62186
62187
62189
62190
62240
62251
62253
62254
62268
62270
62271
62272
62330
62331
62332
62334
62335
62358
62364
62372
62376
62377
62379
62417
62441
62511
62535
62545
62571
62708
62776
62777
62779
62849
62851
62852
62854
62873
62879
62893
62894
62895
62896
62897
62910
62911
62914
62916
62920
62921
62922
62923
62924
62969
62970
62971
62972
62988
62989
62990
62991
62992
63069
63080
63108
63162
63174
63175
63176
63177
63178
63318
63336
63337
63339
63362
63363
63365
63366
63382
63389
63390
63400
63401
63402
63403
63441
63442
63444
63445
63446
63447
63450
63468
63493
63539
63541
63542
63543
63545
63546
63574
63579
63580
63624
63642
63643
63644
63645
63656
63658
63659
63682
63683
63697
63698
63699
63700
63708
63728
63763
63764
63791
63803
63804
63805
63818
63827
63829
63830
63853
63888
63895
63896
63897
63937
63939
63940
63964
63987
64004
64005
64006
64088
64089
64090
64091
64103
64155
64156
64160
64212
64213
64214
64220
64236
64237
64239
64242
64306
64308
64309
64343
64352
64354
64380
64381
64382
64383
64434
64437
64468
64478
64502
64503
64553
64609
64661
64663
64664
64665
64679
64680
64790
64797
64816
64856
64868
64873
64913
64914
64916
64917
64919
64921
64922
64923
64925
64926
64928
65010
65011
65012
65013
65014
65035
65062
65064
65065
65066
65070
65077
65143
65154
65155
65156
65169
65172
65194
65247
65274
65275
65276
65277
65278
65294
65296
65301
65334
65428
65435
65451
65503
65576
65583
65592
65624
65627
65639
65651
65652
65654
65662
65672
65687
65714
65716
65717
65718
65719
65784
65799
65808
65809
65810
65814
65817
65875
65887
65901
65931
65936
65967
65968
65977
65986
65987
66056
66092
66101
66118
66119
66120
66164
66166
66167
66175
66176
66177
66178
66179
66207
66208
66209
66210
66211
66220
66227
66228
66290
66291
66304
66320
66368
66383
66407
66408
66409
66410
66429
66488
66489
66516
66517
66552
66553
66567
66568
66569
66584
66585
66586
66605
66614
66626
66627
66632
66638
66662
66687
66689
66690
66691
66701
66723
66730
66898
66941
66970
66971
66992
67004
67005
67017
67018
67019
67031
67032
67033
67090
67091
67107
67149
67153
67179
67187
67218
67220
67221
67271
67305
67345
67377
67381
67473
67491
67492
67493
67546
67554
67555
67627
67632
67644
67649
67691
67692
67709
67714
67715
67716
67794
67818
67844
67854
67878
68014
68020
68042
68068
68093
68108
68159
68209
68210
68211
68220
68231
68232
68241
68256
68258
68269
68270
68282
68283
68284
68285
68291
68298
68328
68336
68339
68341
68357
68361
68386
68411
68455
68461
68465
68466
68484
68506
68534
68539
68556
68557
68584
68611
68617
68654
68713
68761
68773
68785
68803
68808
68825
68888
68889
68897
68916
68920
68929
68930
68980
68981
69072
69074
69075
69078
69079
69153
69165
69166
69197
69209
69238
69240
69241
69243
69244
69256
69275
69283
69286
69300
69307
69319
69320
69325
69330
69359
69372
69383
69392
69393
69430
69435
69436
69438
69446
69447
69450
69451
69452
69462
69476
69477
69484
69494
69495
69497
69500
69541
69574
69603
69613
69614
69615
69619
69620
69621
69661
69662
69667
69668
69676
69748
69770
69780
69831
69894
69895
69903
69906
69907
69999
70008
70022
70056
70086
70089
70090
70091
70092
70096
70111
70133
70134
70136
70154
70162
70163
70184
70193
70217
70218
70219
70230
70231
70248
70271
70277
70289
70291
70300
70309
70326
70418
70419
70448
70451
70463
70500
70501
70502
70538
70540
70550
70553
70555
70556
70558
70561
70568
70580
70588
70622
70625
70637
70644
70663
70668
70669
70670
70683
70693
70718
70749
70755
70768
70770
70794
70815
70844
70850
70851
70865
70911
70915
70947
70959
70977
70978
70992
70993
71004
71048
71108
71160
71163
71181
71193
71206
71216
71217
71238
71264
71327
71331
71333
71335
71343
71349
71374
71375
71389
71390
71392
71393
71396
71426
71431
71465
71468
71521
71522
71523
71524
71568
71569
71589
71619
71626
71636
71637
71647
71654
71661
71681
71702
71703
71716
71720
71721
71825
71826
71856
71859
71862
71867
71953
71958
71975
72013
72014
72022
72023
72054
72083
72095
72099
72133
72145
72150
72155
72186
72189
72195
72200
72202
72203
72209
72227
72272
72274
72275
72276
72277
72391
72445
72577
72586
72590
72605
72610
72612
72613
72616
72617
72632
72641
72643
72644
72646
72647
72648
72657
72658
72659
72781
72800
72894
72895
72896
72898
72933
72934
72936
72937
72947
72949
72950
72952
72953
72954
72955
72974
72987
72993
73022
73105
73106
73108
73109
73133
73318
73319
73320
73364
73393
73395
73396
73397
73398
73399
73453
73454
73455
73456
73457
73458
73459
73460
73461
73518
73686
73712
73722
73759
73768
73769
73771
73785
73788
73811
73814
73817
73819
73820
73821
73822
73824
73834
73896
73913
73915
73916
73917
73919
73921
73925
73930
74017
74019
74027
74093
74120
74121
74122
74170
74171
74187
74192
74193
74194
74195
74229
74244
74248
74249
74250
74251
74284
74305
74340
74342
74343
74344
74345
74382
74387
74399
74401
74402
74403
74404
74407
74419
74453
74504
74534
74643
74662
74663
74664
74666
74742
74743
74744
74745
74747
74748
74761
74793
74794
74795
74796
74797
74811
74812
74813
74814
74821
74822
74823
74824
74825
74842
74843
74844
74845
74846
74847
74857
74986
75012
75059
75062
75095
75097
75099
75100
75116
75117
75164
75165
75166
75193
75198
75231
75232
75233
75235
75268
75325
75327
75329
75376
75377
75378
75379
75380
75458
75459
75462
75477
75479
75517
75580
75582
75584
75585
75598
75599
75600
75602
75603
75637
75638
75640
75647
75648
75649
75686
75751
75832
75875
75877
75879
75903
75951
75952
75953
75955
75956
75957
75959
75993
75994
75996
76001
76033
76035
76036
76037
76068
76069
76070
76087
76099
76100
76102
76103
76117
76136
76162
76163
76164
76166
76167
76168
76258
76271
76284
76309
76310
76311
76312
76314
76361
76396
76397
76398
76404
76446
76507
76539
76558
76596
76610
76618
76635
76687
76688
76689
76701
76702
76703
76732
76734
76735
76772
76773
76792
76817
76856
76857
76858
76859
76889
76910
76911
76913
76914
76923
76991
77034
77035
77042
77043
77081
77082
77084
77096
77097
77098
77099
77100
77101
77159
77171
77286
77324
77326
77369
77462
77504
77505
77506
77508
77564
77623
77625
77634
77635
77637
77638
77639
77644
77670
77671
77672
77673
77674
77675
77676
77682
77684
77716
77746
77808
77812
77851
77870
77878
77883
77924
77927
77950
77954
78024
78033
78154
78159
78234
78273
78274
78275
78276
78277
78278
78287
78288
78289
78290
78291
78296
78297
78299
78300
78325
78326
78327
78328
78338
78406
78407
78409
78410
78411
78431
78496
78497
78498
78562
78564
78565
78566
78567
78575
78576
78590
78611
78617
78619
78666
78713
78732
78734
78736
78745
78846
78897
78908
78910
78952
79019
79020
79021
79052
79113
79197
79238
79239
79240
79241
79243
79257
79259
79261
79284
79285
79286
79287
79289
79290
79325
79397
79398
79405
79424
79425
79478
79518
79519
79540
79541
79542
79543
79620
79649
79654
79670
79671
79672
79677
79695
79738
79739
79740
79741
79742
79810
79972
79980
80027
80035
80068
80069
80070
80073
80114
80137
80215
80236
80240
80251
80293
80334
80348
80392
80393
80394
80395
80425
80426
80427
80428
80429
80455
80466
80467
80468
80469
80472
80473
80474
80505
80566
80567
80568
80569
80570
80598
80599
80601
80602
80603
80612
80614
80660
80697
80699
80706
80712
80726
80727
80728
80819
80824
80833
80834
80836
80837
80838
80839
80845
80864
80866
80867
80869
80880
80881
80893
80894
80895
80910
80911
80913
80946
80953
80954
80955
81019
81020
81021
81022
81023
81024
81025
81026
81028
81031
81047
81048
81050
81051
81052
81053
81134
81136
81137
81138
81146
81147
81149
81160
81169
81298
81328
81350
81351
81352
81353
81354
81360
81364
81370
81394
81434
81455
81456
81512
81586
81587
81598
81608
81686
81725
81731
81745
81815
81816
81836
81838
81892
81911
81912
81914
81915
81916
82020
82080
82096
82105
82109
82161
82171
82172
82173
82185
82186
82188
82189
82201
82202
82294
82295
82296
82351
82352
82360
82361
82378
82395
82397
82407
82408
82416
82417
82419
82422
82429
82439
82551
82557
82558
82559
82566
82574
82575
82576
82577
82587
82676
82735
82737
82744
82746
82750
82763
82787
82802
82803
82804
82805
82806
82831
82893
82894
82896
82897
82899
82913
82915
82921
82922
82982
82993
82995
82996
83006
83007
83008
83029
83054
83073
83075
83117
83118
83121
83122
83123
83124
83155
83156
83157
83251
83252
83253
83254
83255
83256
83279
83280
83281
83318
83319
83391
83392
83393
83408
83420
83422
83450
83501
83504
83552
83553
83554
83555
83560
83574
83608
83609
83610
83611
83633
83662
83711
83712
83722
83723
83777
83778
83789
83951
83974
83997
83998
84024
84025
84026
84034
84037
84234
84235
84236
84262
84263
84269
84284
84329
84359
84394
84410
84412
84413
84428
84478
84485
84490
84491
84497
84509
84510
84511
84524
84525
84528
84532
84615
84616
84617
84634
84637
84638
84642
84662
84667
84668
84669
84694
84731
84738
84740
84774
84779
84797
84870
84875
84898
84953
84984
85009
85069
85070
85071
85081
85106
85130
85131
85136
85205
85206
85319
85320
85321
85329
85341
85342
85346
85375
85376
85391
85396
85409
85428
85482
85503
85511
85539
85621
85640
85648
85649
85650
85652
85657
85677
85688
85728
85729
85730
85760
85761
85762
85773
85774
85775
85776
85815
85879
85880
85882
85897
85904
85929
85961
85983
85987
86002
86003
86004
86037
86039
86079
86093
86128
86129
86131
86133
86137
86139
86146
86155
86156
86169
86170
86204
86205
86206
86259
86260
86262
86263
86280
86281
86282
86309
86325
86326
86332
86335
86369
86385
86386
86389
86417
86442
86478
86479
86480
86489
86508
86510
86511
86514
86524
86526
86533
86558
86569
86573
86582
86617
86619
86622
86632
86634
86640
86650
86708
86732
86758
86784
86805
86839
86840
86841
86854
86865
86866
86911
86912
86913
86931
86978
86979
86980
86985
86986
87009
87012
87037
87047
87075
87086
87087
87098
87130
87138
87154
87161
87168
87193
87217
87219
87229
87246
87265
87267
87280
87289
87291
87324
87330
87335
87342
87349
87389
87391
87397
87408
87445
87446
87447
87479
87528
87534
87541
87555
87601
87603
87627
87637
87638
87655
87656
87664
87672
87673
87676
87678
87723
87724
87747
87768
87771
87772
87791
87814
87830
87831
87874
87879
87888
87890
87893
87899
87905
87930
87979
88003
88031
88041
88043
88063
88078
88079
88096
88101
88106
88121
88126
88133
88138
88156
88158
88159
88161
88190
88217
88272
88297
88331
88369
88378
88382
88390
88391
88440
88441
88443
88459
88462
88481
88482
88496
88519
88531
88539
88543
88581
88639
88644
88648
88657
88670
88707
88727
88746
88763
88768
88786
88809
88832
88835
88850
88857
88861
88866
88881
88900
88907
88909
88910
88920
88924
88940
88984
88989
89034
89037
89052
89097
89115
89125
89144
89182
89183
89190
89191
89195
89235
89243
89245
89252
89261
89265
89270
89290
89291
89294
89299
89330
89331
89355
89411
89419
89448
89469
89486
89487
89499
89505
89518
89531
89533
89545
89562
89581
89596
89603
89610
89611
89622
89653
89666
89724
89725
89732
89733
89741
89751
89758
89771
89772
89777
89815
89874
89875
89877
89878
89879
89939
89943
89974
89975
89976
89992
89994
90003
90014
90019
90125
90130
90137
90138
90151
90177
90210
90271
90273
90280
90308
90321
90327
90328
90336
90349
90359
90362
90369
90380
90386
90391
90396
90399
90400
90425
90431
90458
90459
90613
90643
90644
90645
90646
90720
90721
90722
90723
90724
90784
90792
90913
90939
90940
90941
90943
90944
90971
90977
90994
91022
91023
91024
91026
91027
91029
91035
91053
91054
91056
91057
91062
91063
91064
91065
91067
91121
91126
91138
91163
91255
91256
91262
91294
91377
91399
91404
91412
91474
91475
91476
91530
91547
91548
91597
91612
91614
91616
91660
91662
91663
91665
91666
91676
91722
91733
91734
91736
91737
91738
91740
91747
91750
91751
91752
91753
91763
91850
91914
91915
91917
91934
91936
91937
92010
92066
92072
92076
92081
92117
92118
92119
92121
92122
92124
92175
92177
92205
92236
92281
92300
92301
92302
92336
92363
92426
92427
92429
92430
92440
92442
92443
92456
92480
92481
92483
92496
92497
92498
92499
92500
92507
92509
92672
92680
92681
92682
92683
92684
92685
92688
92689
92738
92739
92763
92773
92788
92803
92804
92806
92836
92837
92839
92867
92904
92964
92965
92966
92967
92997
92999
93030
93042
93062
93064
93098
93128
93178
93205
93206
93207
93209
93210
93211
93218
93219
93220
93227
93228
93230
93231
93233
93269
93290
93349
93351
93352
93399
93401
93404
93434
93436
93437
93516
93529
93530
93532
93533
93570
93628
93629
93630
93631
93643
93775
93777
93944
93965
94080
94081
94083
94099
94100
94155
94221
94222
94223
94224
94226
94227
94274
94275
94277
94281
94282
94284
94285
94286
94296
94305
94324
94430
94501
94503
94504
94505
94506
94507
94548
94585
94586
94587
94642
94643
94645
94646
94647
94762
94780
94781
94783
94784
94785
94793
94815
94822
94888
94917
94925
94928
94933
94935
94937
94938
94954
94986
94996
95062
95094
95125
95126
95128
95144
95147
95228
95258
95259
95260
95291
95292
95294
95295
95296
95298
95302
95303
95309
95421
95473
95474
95475
95476
95477
95479
95480
95482
95493
95494
95495
95505
95506
95507
95535
95536
95559
95561
95672
95673
95675
95698
95746
95769
95772
95890
95891
95936
95937
95938
95940
95979
95980
95981
95982
95995
95996
95997
95998
96011
96021
96023
96028
96029
96084
96111
96112
96113
96114
96143
96177
96178
96179
96180
96181
96183
96192
96193
96194
96195
96215
96224
96254
96255
96256
96257
96311
96393
96402
96403
96452
96454
96455
96482
96484
96485
96491
96493
96494
96502
96527
96530
96535
96538
96554
96564
96610
96611
96612
96620
96700
96738
96770
96773
96775
96781
96814
96815
96816
96817
96818
96819
96848
96893
96894
96895
96896
96956
96958
96997
97001
97009
97100
97102
97104
97105
97106
97107
97129
97141
97163
97169
97170
97171
97172
97173
97186
97273
97281
97284
97298
97304
97306
97307
97343
97352
97353
97354
97355
97356
97377
97422
97427
97429
97430
97431
97436
97437
97438
97439
97440
97451
97452
97461
97462
97477
97493
97494
97496
97497
97537
97539
97591
97594
97596
97597
97646
97650
97652
97653
97654
97675
97676
97677
97699
97707
97709
97710
97754
97822
97823
97824
97825
97826
97843
97873
97874
97898
97900
97901
97930
97963
97964
97967
97969
98039
98060
98079
98106
98107
98108
98145
98149
98250
98252
98253
98254
98271
98272
98287
98288
98289
98293
98294
98296
98312
98338
98389
98402
98421
98487
98492
98500
98530
98542
98543
98544
98554
98564
98565
98566
98605
98606
98607
98608
98610
98611
98617
98649
98650
98651
98652
98653
98660
98661
98662
98663
98664
98747
98748
98749
98750
98751
98771
98806
98807
98815
98827
98875
98931
98932
98933
98970
98975
99012
99013
99014
99055
99057
99058
99059
99078
99079
99080
99171
99172
99173
99174
99175
99176
99179
99181
99183
99184
99294
99295
99296
99420
99432
99495
99496
99497
99544
99547
99551
99552
99562
99569
99571
99578
99588
99606
99636
99637
99638
99655
99656
99659
99674
99676
99677
99683
99688
99689
99691
99692
99693
99694
99703
99704
99705
99789
99790
99800
99902
99903
99906
99907
99908
99909
99986
99987
99988
100000
100001
100002
100009
100010
100011
100012
100014
100028
100029
100030
100031
100032
100034
100056
100084
100085
100097
100117
100156
100182
100193
100218
100224
100225
100257
100276
100286
100302
100322
100371
100388
100389
100391
100413
100419
100460
100468
100469
100553
100567
100570
100571
100572
100573
100574
100578
100605
100642
100662
100672
100673
100747
100785
100793
100842
100867
100868
100871
100872
100875
100915
101010
101057
101058
101059
101060
101063
101203
101252
101299
101300
101311
101312
101334
101339
101392
101406
101408
101409
101449
101498
101536
101545
101584
101612
101613
101650
101720
101721
101722
101723
101724
101725
101733
101734
101735
101739
101774
101786
101817
101820
101844
101858
101859
101866
101876
101884
101887
101892
101900
101902
101907
102023
102024
102034
102036
102047
102055
102056
102057
102059
102074
102075
102082
102108
102112
102150
102151
102152
102161
102269
102270
102279
102281
102289
102290
102305
102324
102325
102327
102328
102329
102357
102358
102383
102393
102419
102426
102433
102434
102449
102485
102518
102519
102526
102527
102541
102561
102563
102593
102635
102650
102655
102688
102689
102691
102693
102694
102695
102716
102733
102734
102735
102831
102832
102846
102847
102856
102900
102901
102928
102938
102966
102967
102969
102970
102972
102976
102977
102998
103009
103014
103016
103031
103032
103039
103066
103117
103165
103212
103217
103219
103220
103273
103302
103310
103311
103312
103324
103418
103419
103442
103464
103483
103493
103496
103503
103557
103558
103574
103584
103589
103591
103607
103608
103610
103613
103626
103644
103664
103668
103669
103678
103685
103690
103692
103693
103694
103720
103756
103832
103859
103860
103869
103900
103915
103923
103924
104075
104076
104092
104093
104094
104095
104096
104100
104101
104108
104140
104142
104151
104152
104162
104181
104195
104196
104206
104213
104214
104270
104304
104331
104373
104381
104384
104385
104397
104398
104406
104408
104415
104416
104426
104435
104457
104462
104481
104525
104555
104556
104557
104562
104564
104565
104579
104581
104599
104611
104641
104644
104678
104714
104723
104724
104775
104784
104791
104803
104836
104837
104849
104852
104853
104872
104886
104951
104952
104975
105005
105046
105047
105048
105049
105071
105083
105104
105119
105137
105142
105162
105173
105176
105193
105223
105252
105330
105333
105334
105357
105389
105394
105396
105411
105442
105475
105479
105493
105494
105501
105503
105504
105505
105551
105563
105569
105633
105644
105700
105733
105742
105750
105789
105790
105791
105819
105820
105848
105864
105876
105911
105916
105981
106010
106021
106022
106035
106044
106052
106055
106056
106060
106083
106095
106096
106117
106132
106151
106152
106156
106165
106175
106178
106216
106319
106329
106330
106331
106353
106380
106419
106439
106449
106477
106478
106487
106497
106506
106545
106564
106565
106582
106597
106601
106608
106614
106617
106627
106652
106663
106710
106711
106716
106725
106726
106727
106742
106754
106755
106763
106784
106785
106786
106787
106826
106827
106853
106854
106856
106869
106900
106914
106917
106927
106998
107025
107026
107057
107074
107087
107089
107090
107096
107113
107129
107134
107162
107166
107176
107181
107190
107248
107254
107265
107266
107271
107306
107316
107328
107362
107389
107414
107415
107416
107417
107418
107426
107461
107475
107489
107531
107540
107571
107575
107580
107612
107629
107634
107644
107673
107678
107680
107720
107758
107762
107767
107768
107771
107784
107847
107849
107851
107855
107884
107887
107906
107921
107923
107934
107939
107969
107986
107995
108010
108025
108041
108053
108076
108077
108091
108103
108118
108132
108144
108147
108171
108172
108173
108174
108179
108185
108191
108202
108204
108217
108223
108239
108240
108244
108247
108250
108266
108299
108306
108339
108343
108348
108352
108358
108360
108363
108375
108376
108381
108388
108444
108449
108469
108492
108503
108521
108574
108589
108599
108631
108642
108656
108657
108663
108697
108717
108718
108727
108751
108766
108835
108842
108844
108850
108853
108855
108871
108878
108881
108882
108898
108919
108941
109039
109064
109065
109066
109068
109087
109095
109096
109098
109101
109108
109123
109124
109138
109167
109171
109213
109250
109276
109277
109278
109280
109281
109282
109284
109289
109299
109300
109301
109303
109317
109324
109333
109334
109335
109336
109337
109371
109391
109392
109396
109397
109398
109399
109400
109401
109403
109404
109405
109423
109430
109493
109530
109559
109596
109656
109679
109752
109753
109754
109755
109756
109757
109758
109759
109760
109761
109762
109763
109805
109830
109845
109847
109861
109880
109891
109940
109977
110021
110050
110051
110052
110053
110054
110055
110058
110091
110112
110162
110211
110227
110228
110249
110250
110251
110253
110256
110299
110300
110301
110302
110303
110345
110347
110348
110378
110380
110381
110391
110392
110394
110395
110396
110397
110398
110502
110572
110667
110785
110815
110942
110976
110994
110995
110996
110998
110999
111001
111027
111029
111031
111047
111081
111083
111084
111261
111262
111265
111273
111324
111380
111408
111414
111423
111424
111425
111426
111499
111504
111510
111511
111512
111514
111515
111517
111518
111533
111534
111535
111537
111538
111562
111567
111568
111569
111595
111597
111598
111650
111663
111667
111668
111683
111684
111685
111686
111709
111819
111820
111821
111822
111839
111846
111847
111855
111856
111857
111858
111859
111900
111902
111903
111905
111910
111912
111913
111942
112082
112098
112099
112100
112101
112142
112144
112147
112172
112174
112210
112211
112212
112223
112278
112282
112332
112334
112335
112365
112382
112388
112389
112391
112411
112451
112453
112538
112543
112546
112643
112645
112681
112682
112741
112742
112810
112811
112829
112934
112967
112968
112969
112970
112972
112997
112998
113033
113042
113043
113044
113046
113047
113081
113114
113123
113141
113142
113143
113146
113148
113149
113211
113219
113230
113247
113252
113253
113254
113256
113289
113291
113318
113320
113322
113326
113350
113492
113493
113512
113532
113533
113534
113536
113584
113641
113666
113768
113805
113836
113837
113842
113843
113844
113845
113846
113869
113872
113886
113887
113897
113898
113899
113935
114000
114001
114011
114032
114052
114076
114108
114130
114159
114160
114205
114208
114209
114254
114255
114302
114345
114346
114347
114348
114357
114358
114405
114414
114438
114439
114448
114449
114459
114477
114598
114602
114618
114675
114695
114702
114704
114714
114716
114718
114719
114735
114736
114738
114739
114748
114765
114766
114775
114776
114815
114816
114844
114872
114888
114914
114969
115010
115153
115154
115155
115156
115157
115158
115160
115161
115188
115328
115356
115404
115429
115453
115454
115456
115473
115482
115510
115526
115527
115528
115529
115549
115551
115558
115585
115666
115680
115681
115682
115683
115692
115693
115694
115716
115717
115766
115785
115786
115787
115788
115789
115856
115857
115874
115892
115900
115901
115939
115981
116070
116132
116172
116187
116191
116192
116205
116218
116219
116250
116251
116252
116254
116262
116267
116268
116287
116311
116338
116355
116365
116392
116452
116456
116526
116527
116528
116529
116531
116627
116628
116629
116630
116707
116760
116779
116808
116846
116850
116853
116863
116864
116865
116866
116867
116937
116949
116950
116990
117045
117058
117062
117063
117064
117071
117114
117115
117159
117163
117167
117185
117186
117205
117206
117207
117227
117248
117263
117292
117300
117301
117315
117328
117351
117369
117405
117423
117437
117445
117463
117464
117486
117487
117502
117512
117513
117514
117586
117590
117594
117645
117647
117648
117651
117653
117663
117664
117665
117686
117687
117720
117721
117756
117815
117816
117817
117823
117824
117898
117987
117997
118000
118034
118035
118036
118039
118052
118064
118076
118078
118079
118080
118082
118083
118084
118085
118086
118087
118116
118117
118118
118170
118253
118257
118258
118259
118269
118270
118283
118286
118292
118304
118305
118306
118308
118312
118330
118343
118361
118362
118405
118428
118429
118430
118452
118466
118471
118481
118483
118485
118506
118507
118550
118557
118559
118592
118622
118624
118629
118633
118635
118642
118722
118734
118754
118755
118756
118757
118758
118759
118777
118796
118797
118851
118852
118853
118877
118918
118947
118948
118967
119009
119011
119013
119024
119096
119100
119126
119160
119161
119162
119163
119166
119167
119191
119252
119253
119332
119337
119382
119383
119384
119385
119388
119398
119399
119400
119416
119419
119420
119425
119434
119435
119436
119437
119438
119473
119474
119476
119499
119507
119531
119538
119566
119581
119582
119583
119590
119602
119603
119604
119605
119609
119610
119613
119627
119628
119629
119658
119659
119663
119683
119688
119697
119698
119699
119705
119716
119717
119739
119741
119780
119781
119835
119836
119837
119838
119841
119842
119847
119851
119904
119917
119958
119959
119979
119981
119982
119983
119984
120022
120023
120024
120032
120033
120118
120123
120124
120156
120157
120166
120167
120199
120219
120221
120306
120310
120329
120331
120355
120356
120357
120436
120483
120491
120510
120539
120555
120556
120566
120570
120583
120584
120601
120628
120629
120631
120632
120633
120635
120682
120696
120697
120708
120718
120742
120743
120763
120779
120861
120886
120895
120950
120951
120957
120966
120967
120969
120978
120979
120980
120981
121005
121020
121053
121067
121068
121069
121087
121094
121095
121130
121170
121183
121214
121223
121224
121287
121314
121346
121359
121363
121369
121371
121373
121376
121377
121398
121399
121401
121402
121416
121445
121446
121447
121472
121493
121496
121497
121509
121515
121552
121570
121575
121602
121603
121609
121622
121630
121655
121656
121701
121747
121750
121779
121807
121818
121819
121820
121838
121853
121884
121895
121910
121911
121913
121916
121918
121937
121940
121961
122030
122032
122055
122056
122072
122104
122165
122173
122188
122212
122213
122227
122229
122249
122281
122304
122306
122321
122363
122386
122397
122417
122423
122471
122473
122478
122491
122495
122496
122499
122540
122552
122591
122592
122593
122594
122601
122602
122634
122642
122659
122677
122688
122689
122713
122724
122730
122782
122787
122788
122791
122797
122817
122818
122819
122820
122825
122858
122867
122883
122894
122895
122898
122924
122943
122949
122956
122969
123017
123035
123046
123054
123055
123063
123064
123079
123123
123129
123131
123143
123158
123176
123187
123203
123209
123215
123216
123218
123237
123241
123253
123271
123286
123287
123308
123310
123311
123312
123313
123316
123318
123339
123340
123382
123384
123385
123409
123420
123421
123422
123424
123477
123513
123517
123524
123555
123563
123574
123593
123641
123650
123665
123667
123675
123693
123710
123740
123775
123781
123809
123839
123861
123862
123876
123894
123927
123928
123932
123945
123992
124019
124026
124030
124048
124074
124079
124080
124081
124110
124119
124122
124126
124136
124141
124144
124150
124200
124201
124202
124203
124204
124236
124284
124286
124287
124288
124289
124291
124292
124293
124294
124295
124296
124391
124465
124466
124502
124559
124602
124604
124611
124628
124629
124630
124631
124632
124633
124634
124653
124654
124655
124658
124665
124666
124668
124669
124692
124693
124695
124696
124699
124720
124738
124740
124741
124742
124743
124744
124755
124798
124799
124800
124801
124802
124805
124831
124897
124899
124900
124905
124906
124907
124908
124909
124981
125009
125011
125076
125077
125139
125183
125184
125187
125233
125263
125341
125342
125413
125424
125443
125444
125492
125493
125494
125498
125499
125532
125533
125572
125576
125581
125582
125588
125644
125671
125691
125693
125721
125762
125780
125781
125782
125822
125824
125828
125990
125991
125992
126197
126230
126232
126233
126320
126321
126322
126338
126409
126410
126412
126428
126463
126502
126503
126504
126563
126564
126583
126589
126590
126592
126593
126599
126601
126666
126667
126685
126759
126763
126775
126776
126777
126778
126853
126883
126919
126920
126962
126963
126964
126965
126987
127004
127044
127045
127046
127047
127056
127057
127062
127090
127091
127136
127148
127152
127271
127279
127313
127334
127336
127358
127359
127361
127362
127363
127364
127385
127412
127413
127415
127416
127420
127422
127442
127541
127642
127672
127673
127674
127675
127701
127707
127727
127728
127729
127730
127742
127796
127823
127837
127863
127909
127916
127921
127922
127937
127968
127969
127992
127993
128057
128058
128082
128083
128084
128085
128159
128182
128210
128211
128221
128231
128245
128271
128311
128314
128315
128337
128362
128365
128383
128673
128674
128700
128702
128703
128705
128710
128720
128721
128769
128770
128796
128827
128850
128855
128857
128866
128867
128884
128886
128932
128969
128970
128971
128972
128973
128974
128975
128977
129037
129038
129039
129053
129054
129063
129064
129076
129089
129090
129115
129152
129176
129177
129178
129194
129195
129201
129202
129210
129244
129245
129257
129260
129272
129313
129316
129386
129481
129487
129503
129537
129538
129564
129565
129566
129575
129616
129617
129618
129648
129653
129669
129671
129673
129698
129704
129775
129779
129794
129795
129799
129856
129857
129873
129914
129915
129939
129987
130032
130046
130071
130073
130074
130109
130110
130111
130112
130138
130161
130206
130247
130248
130249
130255
130272
130274
130275
130276
130303
130363
130364
130365
130455
130489
130490
130491
130492
130493
130494
130537
130555
130578
130580
130581
130670
130671
130672
130677
130678
130679
130712
130727
130728
130730
130731
130777
130780
130794
130824
130896
130928
130956
130957
131005
131010
131011
131020
131021
131022
131023
131024
131025
131135
131145
131147
131148
131172
131224
131237
131269
131292
131313
131338
131339
131340
131350
131351
131353
131383
131390
131391
131393
131405
131436
131463
131470
131504
131505
131551
131561
131562
131611
131633
131634
131644
131655
131662
131663
131666
131700
131742
131748
131750
131756
131757
131761
131775
131781
131837
131872
131891
131909
131910
132013
132014
132023
132041
132061
132062
132115
132120
132141
132142
132143
132167
132179
132191
132200
132225
132234
132235
132298
132306
132307
132308
132319
132325
132326
132333
132375
132387
132395
132403
132412
132413
132418
132419
132435
132439
132452
132473
132519
132553
132588
132643
132669
132695
132747
132751
132757
132760
132763
132764
132797
132839
132847
132849
132861
132879
132885
132887
132895
132907
132956
132957
132984
132994
132995
133007
133043
133063
133065
133104
133107
133136
133137
133154
133160
133161
133182
133186
133203
133227
133245
133250
133270
133271
133272
133316
133318
133330
133334
133346
133404
133410
133414
133415
133449
133460
133493
133516
133531
133534
133546
133564
133571
133572
133581
133589
133603
133633
133705
133710
133727
133737
133755
133756
133765
133783
133787
133796
133806
133809
133817
133854
133870
133876
133892
133896
133927
133970
133971
133973
133987
134058
134070
134117
134154
134155
134170
134300
134301
134306
134311
134319
134336
134387
134401
134466
134469
134493
134546
134566
134567
134580
134608
134631
134652
134653
134655
134692
134715
134716
134763
134769
134770
134771
134772
134773
134775
134776
134778
134789
134790
134791
134804
134805
134845
134848
134886
134903
134904
134906
134943
134949
134967
134979
134980
135022
135044
135046
135149
135258
135272
135296
135314
135315
135319
135320
135340
135351
135358
135541
135542
135543
135544
135545
135664
135681
135682
135683
135684
135707
135708
135727
135748
135769
135770
135771
135808
135809
135810
135819
135820
135821
135822
135832
135834
135909
135910
135911
135926
135927
135929
136073
136075
136110
136126
136184
136189
136190
136195
136212
136237
136238
136239
136240
136241
136242
136243
136253
136255
136277
136279
136437
136439
136449
136450
136455
136456
136457
136491
136618
136674
136687
136688
136689
136734
136744
136748
136794
136796
136797
136801
136806
136825
136827
136942
136943
137023
137081
137083
137118
137173
137181
137182
137196
137197
137198
137199
137217
137291
137292
137316
137353
137421
137426
137432
137489
137515
137516
137554
137566
137578
137588
137616
137674
137676
137677
137715
137766
137791
137792
137793
137930
137934
137935
137936
137974
137975
137976
138013
138082
138089
138090
138091
138185
138212
138216
138295
138352
138354
138374
138382
138402
138404
138405
138456
138457
138458
138483
138520
138557
138577
138580
138624
138667
138668
138671
138672
138695
138697
138726
138748
138770
138780
138845
138846
138847
138848
138849
138874
138982
138983
139002
139018
139019
139141
139213
139241
139247
139267
139309
139333
139334
139338
139457
139467
139558
139579
139646
139652
139688
139689
139811
139822
139839
139845
139850
139877
139901
139908
139911
139929
139960
139963
140010
140017
140022
140023
140063
140096
140101
140104
140127
140146
140151
140203
140204
140231
140242
140243
140311
140318
140384
140387
140388
140393
140394
140482
140498
140499
140558
140600
140650
140678
140687
140688
140766
140771
140775
140776
140784
140793
140837
140838
140855
140887
140900
140904
140935
140936
140957
140972
140989
140990
141090
141093
141102
141103
141104
141105
141159
141190
141199
141247
141339
141341
141345
141353
141407
141416
141417
141418
141434
141435
141442
141444
141554
141555
141588
141589
141590
141652
141663
141751
141753
141754
141848
141884
141913
141914
141915
141963
141964
142006
142020
142179
142245
142246
142247
142252
142253
142254
142262
142288
142351
142352
142353
142354
142408
142415
142425
142427
142442
142458
142497
142539
142583
142599
142611
142668
142669
142670
142671
142672
142762
142769
142810
142823
142864
142951
142987
143000
143084
143158
143209
143249
143250
143257
143258
143288
143302
143303
143341
143434
143438
143441
143446
143460
143468
143473
143474
143552
143576
143579
143613
143614
143630
143667
143671
143675
143706
143707
143753
143755
143763
143803
143805
143909
143919
143963
143972
144020
144032
144071
144076
144096
144126
144142
144158
144171
144201
144208
144209
144220
144236
144357
144360
144390
144411
144417
144442
144448
144458
144558
144640
144653
144655
144715
144716
144717
144718
144751
144752
144799
144835
145009
145072
145134
145169
145197
145210
145247
145248
145254
145403
145471
145472
145479
145491
145499
145537
145538
145568
145569
145663
145664
145689
145690
145718
145765
145766
145778
145821
145822
145831
145832
145888
145930
145944
145955
145997
146006
146022
146023
146116
146225
146341
146346
146351
146446
146618
146619
146635
146636
146653
146670
146671
146855
146913
146991
147090
147097
147098
147259
147400
147529
