6494
13023
14364
17512
17513
18132
21885
23918
29440
29758
29787
29803
30492
33453
35342
35895
40567
41696
44662
48288
49220
49510
54183
64510
66668
108549
115677
120821
122785
125674
125909
125910
128871
129554
132327
133439
134312
135374
135672
137126
137437
137600
137835
138450
138778
139613
139837
139838
140377
141491
142128
142146
142517
142518
142689
143410
143411
143687
143944
143980
144268
144344
144383
144453
144479
144605
144719
144720
144774
144778
144906
145006
145007
145068
145181
145465
145684
145931
146050
146102
146147
146547
146903
146925
146947
146986
147103
147187
147198
147200
147273
147275
147355
147405
147451
147502
147552
147595
147742
147751
