1529
1856
2253
2360
2731
2783
2834
2977
3225
3593
3605
3626
3657
3684
3712
3724
3776
3860
4593
4673
4792
4841
4855
5051
5136
5137
5138
5139
5162
5163
5164
5165
5173
5250
5297
5318
5345
5379
5392
5456
5471
5472
5473
5474
5475
5598
5675
5676
5677
5678
5823
5868
5880
6031
6078
6138
6139
6140
6151
6152
6208
6238
6239
6262
6272
6367
6515
6596
6652
6780
6818
6855
6856
6857
6858
6859
6860
6861
6919
7049
7077
7115
7263
7329
7429
7445
7446
7447
7448
7529
7565
7585
7608
7686
7754
7755
7756
7757
7758
7804
7825
7907
7932
7971
7972
8072
8225
8257
8314
8352
8364
8381
8397
8410
8411
8446
8520
8521
8522
8523
8524
8526
8536
8537
8538
8646
8647
8649
8690
8733
8754
8849
8855
8863
8864
8865
8971
9004
9141
9179
9186
9205
9212
9222
9228
9260
9306
9336
9356
9357
9359
9360
9403
9404
9408
9521
9526
9555
9624
9627
9630
9638
9655
9705
9722
9852
9875
9876
9916
10003
10142
10143
10145
10146
10147
10154
10155
10156
10157
10196
10315
10358
10381
10382
10383
10384
10419
10442
10460
10462
10463
10464
10465
10466
10468
10469
10470
10471
10501
10552
10630
10677
10678
10679
10681
10682
10706
10994
11006
11120
11121
11122
11123
11124
11125
11126
11127
11128
11136
11228
11232
11516
11517
11518
11519
11576
11623
11783
11790
11856
11879
11925
11977
12044
12082
12162
12269
12298
12337
12358
12361
12364
12399
12415
12416
12417
12455
12510
12523
12574
12575
12577
12588
12625
12699
12700
12701
12702
12703
12721
12800
12809
12818
12839
12840
12841
12925
12996
13002
13035
13092
13109
13110
13111
13112
13125
13126
13127
13128
13129
13168
13198
13229
13242
13292
13349
13390
13437
13438
13486
13546
13553
13554
13555
13556
13558
13568
13572
13573
13574
13575
13628
13702
13744
13759
13788
13828
13843
13864
13887
13900
13905
13920
13921
13935
13946
13955
13956
13961
13978
13979
13980
14004
14012
14013
14060
14139
14141
14208
14222
14243
14245
14282
14291
14298
14307
14318
14362
14375
14406
14411
14414
14441
14468
14573
14611
14623
14648
14673
14674
14675
14676
14693
14775
14808
14809
14914
14921
15020
15021
15029
15047
15065
15073
15079
15080
15082
15085
15164
15174
15182
15231
15281
15284
15285
15287
15334
15354
15362
15363
15383
15395
15459
15512
15528
15529
15531
15542
15598
15641
15642
15644
15645
15646
15647
15662
15663
15664
15665
15666
15731
15832
15857
15956
15972
15973
15974
16015
16029
16049
16119
16127
16164
16208
16223
16272
16273
16274
16275
16276
16277
16278
16310
16311
16312
16313
16314
16315
16326
16377
16401
16468
16477
16485
16486
16487
16490
16498
16512
16513
16514
16515
16571
16572
16573
16574
16578
16580
16581
16582
16594
16887
16904
16917
16966
16974
16985
16986
16987
16993
17010
17027
17028
17029
17030
17034
17081
17082
17085
17216
17271
17287
17308
17321
17486
17489
17539
17540
17541
17542
17544
17545
17563
17684
17691
17702
17810
17811
17812
17813
17814
17815
17821
17833
18071
18072
18073
18075
18092
18123
18149
18150
18151
18211
18229
18318
18323
18421
18451
18504
18533
18535
18586
18615
18626
18700
18723
18732
18743
18744
18749
18750
18751
18752
18753
18754
18803
18805
18846
18847
18854
18918
18928
19008
19009
19010
19076
19122
19123
19124
19125
19189
19209
19247
19253
19265
19268
19269
19270
19321
19330
19344
19386
19388
19428
19429
19430
19431
19433
19450
19452
19453
19507
19543
19652
19653
19654
19656
19675
19753
19754
19763
19783
19784
19785
19786
19835
19845
19929
19931
19932
19944
19945
19946
19960
19963
19964
19965
19982
20041
20042
20043
20063
20082
20151
20166
20167
20168
20169
20230
20248
20249
20300
20317
20318
20319
20320
20321
20363
20400
20415
20442
20445
20464
20465
20523
20524
20535
20537
20597
20634
20657
20658
20659
20661
20664
20665
20674
20705
20706
20738
20743
20745
20852
20853
20854
20872
20881
20886
20896
20947
20957
20962
20977
21000
21064
21085
21095
21103
21183
21198
21204
21207
21220
21229
21238
21239
21263
21299
21325
21352
21363
21372
21389
21402
21403
21404
21457
21463
21464
21465
21470
21477
21503
21529
21533
21540
21543
21545
21555
21567
21586
21595
21596
21619
21695
21728
21729
21778
21793
21794
21809
21846
21857
21858
21891
21977
21997
21998
22003
22010
22048
22073
22093
22165
22214
22223
22250
22270
22311
22318
22332
22336
22373
22414
22425
22515
22516
22517
22518
22600
22627
22628
22629
22673
22674
22675
22676
22677
22756
22794
22813
22831
22887
22888
22890
22891
22893
22900
22949
22950
22951
22952
22953
22960
22961
22962
22971
22972
22973
22974
22975
22976
22978
22979
22980
23016
23036
23118
23119
23121
23122
23128
23129
23130
23131
23186
23220
23227
23228
23229
23230
23232
23265
23267
23307
23352
23366
23367
23406
23407
23408
23409
23410
23411
23412
23413
23433
23447
23448
23449
23450
23451
23452
23453
23454
23476
23477
23478
23480
23508
23509
23510
23511
23512
23513
23514
23539
23540
23541
23586
23589
23590
23591
23592
23593
23595
23613
23614
23615
23617
23633
23638
23639
23641
23653
23698
23732
23733
23734
23735
23736
23748
23749
23751
23752
23792
23810
23960
23974
24048
24081
24082
24084
24161
24189
24260
24393
24425
24426
24427
24428
24430
24442
24457
24526
24600
24722
24723
24724
24725
24726
24727
24728
24729
24730
24731
24732
24733
24836
24837
24838
24839
24841
24842
24901
24902
24903
24904
24905
24906
24921
24922
24923
24937
24963
25073
25094
25095
25096
25098
25099
25131
25178
25179
25180
25181
25226
25313
25315
25316
25333
25368
25379
25381
25382
25461
25473
25474
25476
25571
25572
25684
25691
25703
25704
25705
25706
25723
25820
25835
25836
25837
25838
25878
25884
25885
25886
25887
25912
25958
26008
26009
26025
26028
26049
26157
26179
26215
26246
26247
26254
26314
26317
26351
26359
26363
26364
26365
26369
26397
26442
26465
26466
26467
26533
26534
26535
26541
26661
26667
26668
26669
26672
26678
26687
26689
26690
26691
26695
26701
26729
26730
26812
26821
26822
26823
26824
26825
26826
26860
26876
26905
27020
27039
27040
27064
27070
27071
27073
27121
27122
27123
27124
27182
27187
27200
27258
27267
27278
27279
27280
27300
27308
27376
27418
27423
27443
27482
27483
27484
27485
27512
27513
27515
27599
27651
27652
27654
27690
27701
27760
27761
27762
27787
27788
27819
27828
27852
27853
27854
27866
27870
27887
27888
27889
27963
28002
28025
28026
28033
28034
28035
28039
28040
28065
28074
28075
28093
28106
28130
28134
28141
28216
28243
28276
28337
28338
28340
28393
28394
28395
28423
28430
28478
28479
28532
28582
28593
28600
28665
28681
28682
28683
28699
28738
28771
28780
28784
28787
28808
28810
28817
28851
28852
28853
28854
28855
28873
28939
28962
28963
28964
28981
28982
28985
28993
28996
29008
29033
29035
29052
29053
29054
29152
29159
29171
29214
29265
29293
29305
29319
29354
29355
29359
29360
29362
29363
29366
29377
29391
29392
29412
29424
29425
29457
29458
29474
29475
29477
29478
29493
29517
29518
29603
29607
29608
29610
29611
29662
29718
29746
29747
29757
29761
29762
29764
29765
29783
29809
29837
29864
29901
29925
29935
30014
30030
30031
30032
30034
30066
30068
30078
30079
30098
30252
30276
30288
30301
30311
30331
30335
30337
30338
30339
30352
30393
30418
30431
30441
30451
30452
30517
30535
30536
30537
30556
30560
30561
30617
30618
30645
30646
30670
30676
30679
30680
30686
30701
30731
30787
30844
30856
30877
30896
30897
30923
30936
30940
30941
30950
31002
31013
31035
31044
31053
31066
31106
31118
31255
31276
31309
31310
31311
31313
31441
31479
31486
31530
31538
31550
31566
31611
31624
31638
31639
31640
31641
31663
31664
31665
31666
31667
31668
31669
31670
31671
31692
31713
31714
31715
31717
31718
31720
31728
31760
31782
31815
31816
31820
31848
31849
31850
31851
31853
31885
31903
31904
31905
31906
31907
31948
31949
31951
31962
32003
32010
32011
32012
32013
32014
32015
32016
32017
32018
32019
32020
32021
32022
32023
32045
32071
32072
32073
32078
32090
32158
32213
32214
32215
32220
32278
32301
32305
32331
32381
32382
32383
32384
32385
32424
32432
32433
32434
32435
32460
32461
32462
32463
32505
32511
32512
32513
32514
32515
32516
32517
32518
32519
32552
32613
32614
32615
32616
32617
32625
32626
32627
32628
32629
32630
32632
32645
32694
32695
32696
32698
32699
32700
32701
32729
32741
32742
32746
32747
32791
32801
32840
32850
32851
32852
32853
32855
32894
32921
32922
32923
32940
32941
32942
32943
32944
32945
32975
33029
33094
33114
33146
33236
33253
33346
33381
33382
33383
33395
33449
33471
33472
33473
33474
33501
33520
33521
33522
33523
33524
33536
33537
33538
33539
33540
33541
33542
33573
33574
33576
33601
33697
33698
33699
33700
33701
33702
33729
33730
33731
33732
33733
33735
33784
33785
33800
33801
33802
33805
33830
33831
33832
33833
33834
33836
33837
33858
33917
33997
34033
34034
34035
34036
34058
34071
34077
34083
34084
34085
34086
34132
34139
34178
34199
34200
34201
34203
34204
34205
34206
34207
34208
34209
34217
34345
34373
34406
34460
34487
34488
34573
34575
34576
34577
34601
34602
34603
34604
34605
34693
34741
34742
34743
34745
34746
34753
34755
34756
34757
34758
34759
34761
34857
34919
34930
34961
34962
34963
34964
34988
34989
34990
34999
35000
35001
35003
35017
35031
35033
35034
35048
35068
35069
35070
35071
35086
35087
35088
35089
35099
35100
35101
35102
35105
35119
35120
35121
35122
35123
35124
35126
35127
35169
35171
35172
35173
35251
35252
35293
35294
35295
35296
35326
35330
35331
35347
35355
35368
35426
35435
35436
35437
35464
35465
35492
35573
35574
35575
35576
35583
35628
35653
35654
35655
35656
35657
35658
35663
35664
35665
35666
35667
35668
35669
35670
35671
35695
35696
35746
35747
35748
35749
35750
35781
35782
35812
35823
35824
35825
35832
35833
35834
35835
35836
35837
35861
35899
35900
35901
35902
35903
35907
35957
36004
36005
36006
36007
36026
36153
36169
36179
36180
36186
36187
36188
36218
36226
36229
36230
36381
36382
36383
36384
36430
36436
36445
36504
36574
36605
36640
36674
36697
36698
36732
36733
36734
36742
36763
36773
36832
36833
36834
36835
36836
36837
36855
36902
36930
36931
36939
36940
36941
36942
37009
37044
37123
37124
37125
37126
37127
37155
37168
37170
37202
37212
37239
37332
37428
37438
37439
37440
37447
37454
37455
37456
37457
37458
37459
37504
37510
37511
37518
37519
37630
37635
37652
37675
37704
37705
37706
37731
37740
37825
37826
37828
37872
37884
37897
37941
37991
38045
38056
38089
38090
38097
38098
38099
38138
38178
38228
38229
38230
38231
38232
38245
38275
38289
38346
38382
38390
38416
38457
38458
38459
38460
38530
38555
38570
38571
38581
38582
38583
38584
38650
38710
38822
38845
38854
38883
38943
38944
38945
38966
38998
39004
39014
39015
39091
39099
39100
39105
39106
39107
39108
39109
39118
39119
39155
39219
39245
39250
39258
39276
39283
39320
39332
39333
39340
39341
39371
39383
39502
39503
39504
39519
39529
39566
39571
39573
39578
39585
39606
39644
39645
39646
39657
39705
39706
39713
39760
39761
39762
39784
39792
39802
39805
39816
39878
39883
39927
39928
39931
39973
39982
40002
40003
40029
40030
40064
40097
40110
40119
40122
40160
40162
40169
40170
40190
40209
40221
40222
40223
40232
40247
40248
40253
40259
40269
40375
40399
40410
40436
40470
40517
40532
40552
40566
40673
40676
40747
40800
40801
40802
40803
40811
40812
40864
40875
40883
40899
40900
40909
40910
40911
40913
40914
40915
40916
40917
40927
40949
40993
40994
41039
41053
41054
41073
41074
41084
41085
41093
41094
41101
41126
41132
41210
41229
41251
41305
41312
41397
41399
41400
41411
41412
41427
41459
41466
41473
41481
41502
41584
41585
41586
41587
41592
41659
41674
41675
41726
41759
41760
41780
41801
41974
41986
42007
42023
42040
42044
42053
42070
42079
42096
42111
42120
42175
42189
42192
42197
42239
42240
42245
42258
42269
42270
42271
42273
42316
42317
42331
42347
42354
42389
42421
42455
42456
42459
42468
42483
42485
42486
42497
42498
42499
42511
42522
42534
42535
42536
42607
42659
42660
42682
42750
42757
42766
42767
42768
42769
42808
42864
42938
42939
42940
42941
42942
42943
42974
43005
43059
43060
43061
43062
43063
43067
43087
43090
43116
43121
43122
43123
43124
43125
43126
43127
43131
43189
43190
43191
43192
43193
43194
43218
43259
43296
43317
43333
43397
43444
43479
43484
43491
43492
43493
43494
43495
43506
43523
43609
43611
43612
43613
43623
43636
43648
43649
43650
43651
43658
43692
43700
43716
43752
43765
43766
43767
43768
43769
43770
43788
43789
43790
43791
43792
43874
43896
43897
43898
43899
43909
43921
43922
43923
43924
43925
43926
43927
43950
43951
43952
43953
43954
43965
44018
44019
44020
44021
44022
44023
44024
44025
44027
44029
44041
44042
44043
44044
44045
44046
44054
44055
44056
44057
44058
44059
44064
44087
44092
44093
44094
44095
44096
44097
44112
44120
44121
44122
44123
44124
44125
44126
44127
44148
44169
44184
44185
44186
44187
44188
44189
44197
44198
44199
44200
44202
44203
44204
44214
44221
44233
44261
44262
44263
44264
44265
44311
44382
44433
44439
44440
44441
44442
44443
44444
44445
44446
44447
44449
44487
44498
44535
44586
44587
44624
44729
44748
44836
44838
44915
44922
44939
44940
44941
44942
44943
44944
44945
44963
44964
44965
44966
44968
44969
44970
44971
44972
44973
44992
45029
45057
45058
45059
45068
45108
45155
45156
45157
45158
45160
45245
45246
45247
45248
45249
45359
45380
45464
45505
45506
45508
45509
45510
45520
45541
45641
45657
45658
45659
45660
45661
45662
45674
45705
45732
45737
45739
45779
45780
45781
45809
45863
45886
45887
45888
45889
45890
45891
45892
45899
45900
45902
45903
45904
45913
45933
45934
45935
45936
45937
45938
45949
45950
45952
45953
45999
46000
46035
46036
46037
46038
46039
46041
46060
46070
46071
46072
46074
46087
46090
46091
46103
46104
46135
46140
46141
46142
46143
46144
46145
46146
46147
46163
46166
46167
46168
46169
46170
46171
46193
46210
46230
46231
46232
46233
46234
46235
46236
46262
46263
46264
46265
46266
46269
46280
46307
46320
46352
46381
46387
46462
46479
46480
46508
46601
46602
46603
46604
46605
46606
46692
46709
46710
46711
46712
46713
46714
46742
46743
46754
46755
46756
46757
46758
46815
46869
46894
46898
46943
46976
47004
47038
47060
47128
47129
47130
47219
47221
47222
47223
47224
47225
47278
47347
47358
47430
47446
47508
47509
47510
47545
47551
47560
47561
47562
47622
47665
47702
47703
47704
47705
47732
47736
47747
47748
47749
47750
47751
47752
47753
47770
47795
47809
47820
47834
47836
47837
47890
47973
47995
48020
48021
48022
48023
48024
48036
48037
48038
48039
48040
48046
48060
48074
48094
48104
48106
48132
48171
48178
48214
48215
48216
48217
48237
48238
48239
48240
48248
48249
48250
48271
48272
48273
48285
48286
48324
48325
48327
48346
48347
48348
48349
48356
48366
48433
48439
48440
48441
48442
48443
48495
48538
48638
48676
48677
48678
48679
48680
48691
48692
48701
48711
48712
48713
48714
48716
48727
48761
48772
48773
48774
48802
48813
48851
48858
48875
48898
48910
48936
48988
49037
49049
49125
49126
49127
49150
49151
49152
49192
49201
49202
49203
49221
49222
49249
49250
49251
49253
49270
49271
49272
49286
49303
49359
49400
49411
49412
49413
49461
49478
49483
49494
49495
49496
49500
49514
49522
49523
49561
49562
49614
49615
49617
49618
49633
49634
49635
49636
49637
49638
49639
49685
49714
49720
49787
49813
49823
49824
49826
49831
49832
49833
49843
49844
49845
49885
49889
49890
49900
49941
49942
49951
49962
49966
49972
49973
49974
49975
49987
50010
50026
50046
50085
50098
50122
50123
50124
50151
50163
50180
50181
50182
50183
50184
50185
50186
50290
50291
50292
50313
50349
50354
50383
50472
50473
50474
50475
50528
50617
50618
50619
50684
50710
50711
50712
50733
50802
50804
50808
50811
50832
50852
50853
50854
50865
50889
50890
50891
50953
50954
50955
50956
50998
50999
51012
51029
51042
51043
51052
51086
51115
51116
51166
51170
51171
51172
51178
51226
51227
51228
51252
51279
51280
51288
51294
51328
51329
51330
51335
51337
51357
51449
51488
51509
51537
51558
51667
51689
51690
51692
51706
51714
51727
51728
51752
51753
51766
51767
51768
51769
51770
51771
51794
51795
51796
51824
51825
51838
51839
51840
51855
51918
51954
52006
52058
52059
52060
52063
52072
52138
52139
52140
52141
52152
52164
52175
52176
52195
52211
52214
52224
52242
52243
52244
52245
52281
52314
52315
52319
52348
52399
52470
52473
52478
52500
52517
52527
52591
52608
52614
52655
52656
52657
52666
52695
52722
52723
52732
52733
52734
52743
52744
52745
52746
52747
52770
52775
52829
52847
52868
52905
52907
52916
52925
52930
52931
52932
52938
52943
52957
52971
52983
53007
53008
53014
53047
53090
53091
53092
53104
53105
53106
53107
53108
53109
53111
53127
53132
53133
53134
53135
53136
53142
53146
53147
53148
53159
53160
53163
53164
53193
53221
53247
53258
53259
53260
53261
53277
53287
53360
53401
53415
53435
53457
53471
53472
53473
53474
53475
53476
53478
53487
53502
53508
53554
53561
53569
53624
53642
53655
53657
53667
53692
53718
53741
53745
53746
53757
53772
53796
53803
53828
53865
53869
53875
53896
53897
53898
53916
53970
53971
53972
53986
53994
54002
54021
54025
54026
54040
54060
54077
54118
54119
54124
54133
54143
54158
54162
54174
54195
54252
54303
54304
54308
54312
54345
54351
54360
54361
54362
54368
54373
54397
54429
54431
54437
54442
54474
54499
54506
54596
54621
54622
54644
54645
54692
54728
54731
54752
54757
54758
54764
54818
54819
54841
54844
54845
54863
54867
54936
54988
54989
55007
55029
55050
55051
55056
55094
55131
55134
55167
55168
55197
55220
55224
55233
55246
55309
55329
55336
55349
55359
55362
55398
55405
55407
55424
55444
55450
55475
55517
55522
55548
55551
55582
55583
55592
55637
55725
55730
55761
55776
55777
55789
55792
55801
55820
55844
55859
55870
55900
55910
55930
55935
55936
55951
56033
56054
56082
56091
56093
56105
56145
56161
56178
56180
56183
56221
56222
56223
56224
56225
56226
56248
56249
56250
56251
56252
56253
56254
56256
56257
56258
56259
56260
56261
56301
56343
56354
56355
56357
56358
56359
56360
56361
56362
56373
56380
56383
56384
56386
56395
56399
56400
56401
56403
56404
56406
56407
56408
56409
56411
56412
56413
56415
56416
56490
56491
56492
56493
56494
56495
56496
56550
56557
56570
56622
56639
56674
56679
56680
56681
56682
56683
56684
56685
56686
56687
56688
56689
56690
56691
56692
56693
56698
56714
56792
56793
56794
56803
56804
56805
56806
56807
56845
56846
56847
56848
56849
56850
56851
56919
56946
56968
56969
56970
56986
57036
57052
57053
57054
57055
57056
57057
57063
57161
57163
57164
57165
57242
57252
57253
57254
57255
57271
57279
57302
57303
57304
57305
57306
57307
57308
57309
57330
57348
57360
57377
57398
57403
57404
57405
57406
57407
57408
57409
57410
57411
57432
57433
57434
57435
57436
57437
57453
57479
57480
57481
57588
57600
57604
57605
57607
57608
57697
57698
57699
57700
57701
57727
57813
57847
57864
57905
57921
57937
57938
57939
57940
58067
58072
58219
58270
58284
58317
58318
58319
58320
58321
58322
58338
58376
58454
58468
58469
58471
58472
58473
58474
58475
58490
58525
58564
58585
58640
58641
58642
58643
58644
58647
58751
58752
58753
58754
58773
58787
58800
58826
58827
58828
58829
58830
58846
58847
58849
58850
58851
58852
58853
58854
58920
58962
58963
58964
58965
58977
58978
59010
59011
59054
59083
59105
59152
59194
59201
59248
59303
59304
59305
59306
59307
59321
59322
59323
59324
59325
59327
59335
59336
59337
59338
59355
59398
59399
59400
59401
59460
59494
59531
59532
59533
59534
59574
59622
59631
59632
59633
59634
59659
59660
59662
59663
59672
59686
59687
59688
59689
59690
59697
59698
59699
59700
59701
59702
59703
59708
59742
59743
59748
59749
59751
59752
59792
59799
59800
59818
60010
60011
60012
60013
60014
60015
60016
60017
60021
60022
60023
60024
60062
60134
60147
60170
60171
60172
60235
60236
60237
60241
60242
60259
60279
60280
60281
60307
60308
60309
60310
60454
60502
60503
60504
60505
60506
60578
60691
60702
60711
60712
60713
60714
60716
60717
60719
60720
60722
60723
60724
60725
60726
60766
60853
60859
60903
60904
60905
60906
60907
60918
60919
60920
60921
60922
60923
60982
60986
60987
60988
60989
60990
60991
61051
61052
61054
61056
61070
61119
61176
61178
61179
61180
61181
61217
61218
61219
61220
61221
61250
61277
61278
61279
61285
61288
61289
61297
61302
61303
61322
61323
61324
61325
61326
61327
61329
61360
61361
61389
61390
61392
61393
61394
61498
61515
61535
61536
61562
61584
61639
61640
61642
61643
61656
61657
61658
61659
61660
61661
61670
61672
61673
61674
61723
61724
61725
61726
61727
61728
61729
61763
61774
61802
61808
61817
61825
61873
61874
61875
61876
61895
61913
61914
61915
61916
61917
61918
61919
61920
61957
62008
62009
62015
62016
62017
62018
62019
62020
62021
62032
62033
62034
62035
62065
62067
62086
62087
62088
62089
62123
62152
62162
62199
62200
62201
62241
62397
62398
62399
62400
62401
62412
62432
62503
62504
62505
62609
62612
62613
62664
62665
62666
62667
62716
62717
62718
62719
62720
62747
62748
62749
62750
62751
62778
62780
62781
62785
62815
62832
62872
62874
62875
62876
62909
62915
62932
62980
63039
63097
63098
63099
63120
63121
63217
63227
63240
63249
63258
63259
63295
63296
63297
63303
63309
63310
63311
63312
63317
63328
63329
63330
63331
63340
63348
63361
63379
63443
63464
63466
63467
63469
63470
63471
63496
63497
63544
63568
63569
63570
63571
63573
63575
63576
63590
63591
63592
63593
63657
63661
63693
63694
63695
63696
63719
63771
63788
63789
63790
63828
63845
63852
63854
63855
63856
63883
63892
63894
63948
63982
64016
64017
64018
64019
64093
64119
64120
64150
64158
64186
64219
64221
64229
64230
64247
64273
64307
64325
64328
64329
64330
64331
64387
64388
64407
64411
64412
64413
64414
64420
64438
64439
64440
64476
64549
64550
64551
64552
64624
64708
64724
64741
64742
64802
64803
64804
64835
64869
64870
64871
64872
64875
64920
64927
64955
64956
64957
64958
64985
64995
64996
64997
64998
64999
65029
65030
65055
65063
65085
65087
65088
65095
65102
65103
65144
65147
65148
65149
65150
65153
65182
65183
65184
65185
65190
65206
65207
65208
65209
65210
65242
65243
65257
65295
65349
65354
65429
65452
65455
65464
65465
65466
65467
65468
65469
65470
65496
65510
65552
65580
65581
65582
65635
65636
65640
65653
65659
65661
65665
65682
65695
65696
65697
65724
65734
65764
65765
65798
65816
65829
65830
65831
65832
65930
65946
65959
65960
65970
65971
65972
65973
65974
65975
65976
66012
66018
66045
66046
66069
66070
66103
66111
66112
66113
66114
66138
66182
66183
66184
66268
66269
66273
66289
66292
66339
66340
66341
66342
66347
66357
66378
66379
66380
66387
66388
66430
66431
66432
66433
66457
66474
66475
66476
66477
66496
66505
66506
66507
66512
66518
66519
66520
66522
66523
66559
66609
66721
66753
66754
66796
66797
66798
66799
66817
66830
66833
66874
66875
66876
66877
66878
66908
66952
66960
66961
66967
66989
66990
66991
67034
67035
67048
67049
67050
67051
67054
67070
67102
67103
67104
67105
67108
67181
67203
67204
67209
67210
67211
67212
67232
67235
67242
67244
67245
67263
67264
67265
67266
67267
67272
67298
67326
67359
67368
67371
67391
67438
67464
67465
67466
67484
67485
67489
67490
67577
67578
67585
67613
67614
67628
67665
67668
67698
67743
67744
67746
67806
67831
67843
67860
67861
67863
67898
67971
67975
67987
67988
68069
68070
68071
68081
68082
68083
68105
68106
68107
68129
68132
68141
68157
68160
68161
68185
68196
68198
68199
68200
68201
68202
68203
68205
68240
68242
68243
68247
68253
68286
68287
68288
68289
68290
68342
68350
68388
68392
68423
68424
68425
68426
68439
68443
68444
68463
68464
68467
68468
68469
68554
68561
68579
68580
68599
68615
68616
68637
68638
68639
68651
68747
68774
68860
68861
68864
68881
68882
68883
68914
68915
68934
68938
68945
68946
68947
68967
68971
68982
69000
69030
69036
69081
69082
69102
69103
69104
69112
69113
69141
69195
69196
69206
69228
69229
69242
69252
69274
69276
69285
69306
69347
69356
69358
69370
69394
69395
69404
69448
69449
69515
69518
69519
69520
69537
69576
69592
69601
69612
69623
69625
69626
69627
69628
69638
69652
69665
69683
69704
69705
69720
69724
69742
69743
69744
69745
69754
69790
69807
69808
69809
69839
69872
69887
69891
69892
69901
69902
69904
69949
69956
69974
69976
69979
69988
69996
69997
70004
70024
70039
70040
70084
70152
70176
70188
70263
70273
70274
70280
70283
70292
70293
70294
70303
70304
70305
70331
70348
70349
70351
70363
70402
70406
70408
70444
70445
70446
70449
70450
70465
70484
70487
70488
70513
70514
70519
70531
70539
70543
70544
70545
70562
70563
70578
70579
70631
70651
70652
70660
70661
70666
70673
70678
70750
70760
70795
70819
70820
70821
70822
70823
70897
70935
70951
71000
71002
71021
71025
71070
71104
71105
71113
71114
71166
71167
71171
71172
71202
71210
71215
71241
71262
71292
71294
71306
71311
71341
71347
71354
71355
71362
71370
71373
71376
71422
71443
71452
71454
71469
71471
71487
71518
71519
71537
71538
71558
71560
71603
71604
71641
71660
71662
71682
71717
71730
71741
71798
71832
71850
71936
71938
71942
71963
72002
72019
72072
72073
72078
72098
72100
72147
72156
72179
72216
72224
72229
72230
72231
72232
72233
72234
72235
72236
72257
72258
72259
72260
72261
72308
72405
72416
72444
72446
72447
72448
72449
72499
72500
72501
72536
72537
72538
72539
72615
72655
72656
72690
72691
72692
72693
72694
72768
72778
72779
72780
72782
72787
72862
72863
72864
72865
72866
72881
72882
72883
72884
72897
72904
72905
72906
72907
72908
72910
72911
72914
72935
72948
72969
72973
72975
72977
72978
73016
73030
73073
73100
73107
73118
73119
73120
73121
73122
73144
73145
73146
73147
73148
73176
73209
73210
73211
73241
73242
73243
73244
73286
73287
73288
73289
73294
73303
73390
73391
73392
73394
73434
73496
73500
73501
73502
73503
73504
73505
73507
73512
73513
73514
73515
73516
73517
73519
73591
73592
73610
73627
73644
73669
73670
73671
73672
73697
73726
73727
73728
73729
73825
73874
73884
73885
73886
73887
73942
73973
73994
73996
73997
73998
73999
74000
74001
74013
74014
74015
74040
74051
74052
74062
74063
74064
74090
74091
74092
74094
74107
74113
74123
74136
74151
74184
74185
74186
74188
74189
74190
74221
74223
74233
74234
74235
74236
74247
74259
74283
74285
74357
74384
74396
74413
74414
74415
74416
74417
74418
74420
74421
74432
74433
74481
74482
74483
74498
74499
74500
74501
74502
74516
74518
74519
74520
74521
74522
74543
74552
74561
74562
74563
74564
74565
74566
74612
74620
74627
74648
74649
74650
74651
74652
74653
74665
74686
74687
74688
74689
74714
74728
74741
74746
74770
74816
74817
74819
74835
74856
74878
74945
74946
74947
74948
74949
74950
74951
74952
74953
74954
74955
74961
75000
75017
75077
75085
75175
75293
75294
75295
75296
75297
75298
75299
75304
75360
75361
75362
75363
75364
75401
75413
75415
75433
75446
75447
75448
75449
75450
75466
75591
75636
75678
75684
75685
75687
75688
75694
75695
75696
75697
75699
75775
75821
75838
75839
75840
75841
75864
75900
75901
75902
75919
75954
75985
75995
76082
76083
76084
76085
76086
76088
76165
76176
76177
76178
76179
76233
76234
76256
76257
76259
76260
76264
76265
76266
76267
76279
76302
76315
76326
76357
76358
76359
76360
76362
76431
76455
76456
76457
76473
76523
76524
76525
76526
76527
76530
76545
76546
76547
76554
76555
76556
76557
76559
76578
76580
76607
76608
76609
76611
76613
76615
76616
76617
76619
76620
76621
76643
76644
76645
76651
76686
76712
76715
76736
76783
76821
76842
76864
76865
76866
76867
76871
76885
76886
76887
76888
76912
77037
77044
77045
77046
77047
77048
77130
77131
77132
77133
77134
77135
77167
77168
77169
77170
77172
77177
77178
77215
77263
77267
77268
77285
77327
77383
77384
77385
77386
77387
77388
77472
77473
77474
77475
77554
77556
77557
77587
77600
77614
77615
77624
77629
77654
77664
77683
77704
77705
77706
77779
77847
77884
77885
77886
77887
77899
77925
77943
77958
77978
77985
77986
77987
77988
77989
78022
78023
78032
78034
78065
78128
78156
78197
78203
78204
78205
78206
78207
78208
78239
78240
78241
78242
78243
78244
78245
78256
78298
78335
78403
78404
78405
78450
78480
78483
78509
78577
78586
78598
78623
78691
78698
78712
78740
78762
78771
78805
78806
78807
78837
78843
78844
78845
78853
78854
78855
78888
78889
78890
78891
78892
78893
78911
78917
78930
78931
78959
79029
79030
79031
79032
79054
79055
79056
79119
79122
79153
79178
79202
79207
79242
79251
79252
79253
79254
79255
79256
79276
79277
79278
79315
79316
79318
79319
79320
79321
79322
79326
79368
79369
79370
79372
79373
79378
79379
79380
79381
79382
79383
79387
79413
79429
79457
79458
79479
79481
79498
79554
79595
79596
79597
79598
79599
79600
79601
79606
79608
79609
79653
79655
79657
79674
79676
79721
79768
79831
79832
79833
79834
79835
79846
79857
79866
79867
79873
79874
79887
79888
79889
79905
79906
79907
79913
79943
79944
79945
79978
79979
80007
80008
80043
80082
80111
80130
80131
80132
80159
80163
80175
80176
80177
80178
80179
80180
80209
80214
80216
80259
80260
80265
80266
80267
80268
80269
80292
80297
80298
80299
80327
80391
80422
80500
80502
80520
80521
80522
80554
80555
80556
80557
80600
80632
80703
80704
80705
80742
80764
80765
80766
80767
80782
80783
80784
80785
80786
80788
80835
80856
80857
80942
80943
80944
80945
80947
81027
81049
81058
81072
81131
81132
81133
81135
81158
81159
81166
81167
81168
81170
81171
81174
81268
81269
81270
81271
81299
81327
81335
81361
81362
81363
81380
81459
81521
81538
81539
81540
81541
81578
81596
81597
81616
81617
81618
81619
81620
81621
81622
81685
81742
81743
81744
81746
81750
81751
81752
81771
81800
81891
81893
81898
81899
81913
81956
81957
81958
81959
81976
82014
82015
82016
82017
82018
82040
82041
82042
82072
82073
82074
82075
82081
82101
82116
82119
82120
82121
82138
82160
82167
82187
82212
82217
82225
82226
82245
82246
82247
82276
82277
82278
82279
82280
82292
82345
82346
82350
82390
82391
82392
82396
82462
82500
82523
82545
82590
82657
82672
82673
82675
82684
82685
82686
82704
82714
82729
82732
82733
82736
82754
82755
82756
82764
82777
82784
82808
82811
82819
82820
82821
82822
82835
82858
82895
82930
82981
82983
82985
82986
82987
82994
83046
83056
83057
83070
83071
83072
83082
83083
83084
83085
83086
83099
83100
83109
83168
83169
83170
83176
83191
83199
83200
83201
83205
83206
83212
83213
83282
83292
83293
83294
83336
83429
83437
83445
83446
83456
83457
83486
83487
83488
83489
83490
83503
83508
83518
83527
83544
83601
83602
83615
83616
83617
83618
83619
83638
83680
83693
83736
83748
83765
83836
83837
83838
83839
83840
83842
83843
83863
83866
83907
83930
83952
83953
83954
83971
83972
83973
83975
83984
83987
83988
83989
83990
84017
84018
84027
84035
84038
84043
84074
84094
84171
84172
84178
84185
84186
84193
84204
84233
84259
84260
84261
84271
84272
84324
84325
84333
84341
84342
84343
84344
84345
84347
84355
84356
84357
84358
84388
84389
84417
84436
84438
84449
84450
84451
84452
84461
84462
84463
84464
84482
84494
84498
84499
84500
84501
84553
84581
84613
84614
84636
84673
84732
84744
84766
84772
84775
84780
84782
84826
84864
84865
84866
84884
84949
85008
85037
85038
85076
85085
85086
85087
85097
85156
85181
85182
85207
85225
85268
85291
85292
85293
85294
85300
85307
85318
85324
85345
85347
85381
85387
85412
85432
85433
85434
85447
85466
85467
85474
85477
85478
85504
85537
85538
85543
85575
85618
85619
85620
85622
85623
85647
85651
85672
85673
85707
85708
85755
85783
85817
85821
85822
85823
85824
85845
85846
85853
85854
85859
85867
85890
85895
85945
85977
85978
85986
86013
86051
86078
86104
86113
86114
86115
86116
86147
86154
86171
86172
86180
86181
86185
86261
86276
86283
86307
86308
86313
86314
86315
86342
86354
86355
86356
86488
86512
86528
86529
86540
86541
86542
86543
86544
86566
86567
86568
86570
86571
86574
86589
86590
86591
86593
86594
86595
86602
86613
86614
86615
86616
86633
86651
86662
86664
86706
86719
86720
86783
86786
86799
86800
86801
86807
86808
86809
86810
86880
86881
86919
86920
86950
86951
86952
86953
86956
86973
86991
87040
87043
87048
87090
87095
87099
87100
87166
87201
87202
87203
87204
87205
87262
87263
87266
87348
87356
87358
87359
87360
87369
87390
87395
87396
87400
87402
87406
87407
87435
87436
87439
87440
87442
87444
87450
87451
87452
87465
87466
87554
87567
87576
87606
87608
87611
87613
87644
87645
87663
87665
87666
87679
87695
87699
87731
87734
87755
87766
87767
87770
87816
87823
87828
87838
87843
87849
87850
87851
87852
87853
87854
87869
87870
87887
87924
87925
87926
87933
87962
87963
87980
87981
87988
87997
88008
88020
88042
88049
88130
88152
88184
88193
88194
88195
88200
88201
88202
88214
88215
88216
88223
88224
88244
88263
88280
88294
88300
88329
88334
88335
88336
88346
88348
88372
88373
88374
88383
88408
88431
88433
88435
88461
88486
88487
88488
88489
88490
88492
88526
88557
88558
88586
88587
88596
88608
88609
88610
88611
88625
88651
88654
88658
88659
88660
88669
88692
88699
88700
88709
88759
88776
88777
88778
88779
88833
88845
88846
88863
88871
88872
88874
88882
88885
88901
88902
88906
88917
88918
88995
88996
89026
89036
89051
89063
89069
89099
89111
89112
89120
89122
89149
89150
89151
89198
89199
89200
89205
89226
89229
89232
89237
89246
89275
89298
89304
89322
89343
89373
89392
89467
89468
89471
89473
89478
89495
89506
89534
89559
89561
89607
89608
89609
89614
89634
89639
89640
89641
89651
89672
89701
89708
89727
89738
89744
89809
89841
89864
89903
89904
89905
89916
89922
89931
89963
89969
89979
89993
90035
90095
90117
90118
90135
90139
90148
90155
90158
90159
90166
90174
90192
90216
90239
90244
90263
90269
90314
90317
90347
90375
90389
90401
90430
90435
90436
90437
90442
90462
90477
90533
90537
90540
90559
90580
90582
90583
90647
90648
90649
90664
90686
90747
90783
90785
90786
90787
90788
90789
90790
90791
90793
90809
90833
90850
90908
90909
90910
90911
90912
90914
90915
90959
90960
90961
90962
90963
90991
90992
90993
91046
91074
91099
91108
91119
91160
91161
91162
91164
91165
91166
91167
91168
91209
91210
91211
91212
91213
91214
91231
91232
91233
91235
91303
91304
91305
91306
91325
91335
91336
91338
91339
91350
91351
91352
91353
91354
91355
91356
91357
91358
91359
91375
91376
91378
91379
91459
91518
91519
91520
91521
91522
91523
91540
91541
91542
91543
91545
91546
91565
91595
91596
91598
91599
91600
91615
91632
91661
91675
91677
91678
91679
91689
91690
91692
91735
91749
91771
91777
91778
91779
91780
91781
91782
91783
91785
91791
91792
91793
91794
91795
91796
91818
91819
91820
91851
91852
91853
91854
91878
91879
91880
91922
91957
91986
91995
92012
92013
92051
92061
92073
92074
92075
92086
92087
92088
92089
92090
92091
92093
92098
92099
92100
92101
92120
92135
92153
92246
92274
92277
92294
92295
92296
92297
92298
92303
92317
92383
92384
92385
92386
92387
92388
92389
92428
92441
92478
92519
92542
92543
92544
92545
92603
92622
92686
92711
92729
92740
92782
92794
92795
92796
92797
92798
92799
92800
92802
92805
92838
92917
92921
92929
92930
92931
92932
92933
92938
93004
93005
93006
93007
93008
93029
93031
93032
93033
93040
93051
93078
93117
93139
93162
93163
93164
93165
93208
93221
93229
93244
93245
93247
93248
93249
93265
93270
93271
93272
93296
93315
93316
93317
93318
93353
93354
93388
93398
93435
93453
93465
93486
93494
93502
93503
93504
93534
93574
93583
93595
93596
93597
93598
93605
93606
93607
93608
93639
93644
93645
93646
93647
93648
93649
93676
93678
93679
93688
93693
93724
93733
93734
93735
93736
93737
93753
93816
93833
93834
93835
93848
93861
93883
93884
93885
93886
93887
93888
93935
93936
93937
93938
93939
93940
93954
93973
93975
93980
94004
94005
94006
94019
94020
94021
94022
94023
94024
94025
94026
94036
94043
94048
94058
94059
94060
94061
94062
94082
94092
94122
94141
94191
94255
94256
94265
94276
94287
94340
94427
94431
94457
94480
94500
94524
94541
94542
94543
94544
94557
94558
94559
94560
94561
94562
94602
94603
94604
94644
94729
94730
94731
94732
94734
94735
94736
94740
94741
94742
94743
94744
94839
94887
94889
94890
94892
94936
94979
94981
94982
95001
95031
95033
95034
95067
95097
95127
95129
95130
95131
95132
95153
95177
95234
95248
95249
95250
95257
95293
95420
95422
95423
95424
95431
95453
95464
95465
95466
95467
95481
95515
95516
95517
95534
95537
95601
95602
95603
95604
95625
95708
95751
95793
95826
95827
95828
95829
95830
95848
95849
95850
95859
95887
95889
95903
95904
95905
95906
95907
95909
95911
95927
95928
95929
95930
95931
95939
95962
95963
95964
95965
96002
96003
96004
96110
96115
96116
96117
96161
96162
96163
96164
96186
96188
96189
96202
96214
96216
96217
96222
96223
96225
96226
96227
96250
96251
96252
96253
96266
96304
96305
96306
96307
96308
96348
96349
96367
96374
96377
96378
96379
96380
96381
96382
96383
96384
96386
96390
96404
96405
96406
96407
96409
96410
96411
96420
96421
96422
96447
96458
96463
96481
96492
96555
96556
96579
96597
96598
96599
96600
96663
96664
96666
96678
96679
96680
96682
96710
96712
96729
96739
96780
96782
96783
96784
96785
96786
96787
96807
96856
96857
96858
96859
96863
96905
96906
96907
96946
96957
97008
97010
97011
97035
97036
97046
97055
97078
97084
97101
97112
97113
97114
97115
97117
97118
97120
97147
97208
97266
97313
97321
97331
97332
97333
97334
97335
97351
97387
97419
97420
97421
97423
97504
97505
97506
97507
97508
97509
97510
97511
97554
97595
97665
97666
97667
97668
97674
97679
97689
97692
97693
97694
97695
97701
97702
97703
97793
97816
97817
97819
97839
97840
97841
97842
97872
97903
97904
97905
97906
97907
97937
97938
98054
98055
98056
98061
98062
98063
98074
98075
98076
98077
98086
98111
98144
98147
98148
98150
98180
98202
98209
98214
98235
98236
98237
98238
98261
98280
98297
98298
98335
98336
98337
98339
98376
98436
98437
98438
98439
98440
98441
98442
98475
98508
98517
98518
98519
98520
98534
98535
98536
98537
98550
98571
98670
98671
98672
98722
98766
98772
98785
98798
98799
98800
98801
98814
98816
98817
98818
98839
98840
98841
98860
98879
98882
98888
98895
98951
98981
98991
98992
98993
98995
98996
99038
99039
99040
99050
99087
99112
99122
99123
99246
99247
99319
99320
99321
99329
99330
99360
99361
99366
99383
99384
99505
99506
99507
99542
99553
99554
99555
99556
99557
99563
99564
99565
99570
99596
99597
99598
99599
99600
99657
99678
99686
99690
99707
99708
99709
99710
99711
99712
99740
99745
99746
99747
99749
99754
99755
99756
99791
99820
99821
99822
99917
99935
99960
99985
100039
100040
100041
100157
100158
100159
100161
100211
100240
100241
100242
100301
100303
100305
100306
100320
100321
100323
100324
100329
100330
100331
100332
100333
100334
100335
100336
100342
100349
100368
100369
100370
100372
100373
100374
100375
100381
100385
100386
100387
100390
100412
100414
100438
100439
100461
100480
100481
100482
100483
100484
100492
100537
100551
100603
100604
100621
100622
100623
100624
100625
100626
100627
100631
100633
100643
100644
100675
100676
100677
100680
100687
100690
100691
100692
100704
100755
100762
100763
100764
100770
100784
100786
100791
100792
100862
100874
100937
100970
101021
101169
101170
101171
101172
101173
101255
101262
101263
101264
101265
101266
101278
101308
101322
101338
101340
101342
101380
101381
101382
101386
101387
101394
101404
101405
101407
101452
101453
101454
101461
101494
101534
101535
101551
101552
101553
101555
101556
101559
101568
101611
101617
101618
101619
101630
101682
101685
101714
101715
101745
101819
101848
101861
101871
101872
101888
101901
101903
101904
101926
101931
101947
101948
101949
101950
101990
101992
101993
101994
101995
102009
102048
102058
102091
102092
102093
102094
102095
102096
102122
102136
102137
102138
102164
102225
102249
102271
102272
102273
102283
102315
102353
102354
102355
102427
102428
102429
102460
102461
102462
102581
102591
102614
102615
102616
102617
102634
102637
102641
102642
102649
102656
102657
102658
102661
102677
102690
102700
102701
102702
102705
102715
102755
102780
102793
102849
102852
102853
102854
102855
102869
102870
102871
102872
102873
102881
102907
102908
102909
102910
102912
102920
102921
102922
102935
102936
102937
102939
102940
102955
102992
102993
102994
103035
103040
103041
103069
103070
103078
103079
103080
103106
103107
103110
103167
103275
103290
103322
103345
103396
103403
103407
103424
103446
103462
103463
103465
103466
103526
103541
103552
103553
103554
103555
103566
103567
103568
103569
103570
103571
103597
103609
103620
103624
103625
103627
103646
103648
103657
103658
103674
103675
103676
103704
103744
103747
103799
103800
103806
103814
103820
103821
103823
103824
103868
103870
103873
103874
103882
103883
103894
103898
103899
103902
103903
103904
103905
103906
103957
103958
103967
103991
103999
104000
104010
104011
104046
104054
104055
104089
104097
104098
104121
104122
104123
104128
104130
104137
104138
104172
104215
104218
104231
104249
104250
104251
104280
104316
104321
104343
104352
104353
104374
104375
104382
104389
104403
104407
104421
104440
104441
104451
104461
104463
104471
104483
104493
104532
104539
104628
104636
104637
104640
104642
104652
104653
104665
104666
104667
104668
104669
104671
104672
104689
104699
104769
104773
104774
104785
104810
104816
104846
104847
104848
104863
104864
104865
104871
104896
104909
104910
104911
104954
104955
104956
104957
104965
104966
104973
105027
105028
105029
105030
105032
105035
105038
105039
105040
105041
105056
105065
105066
105068
105080
105115
105129
105130
105141
105161
105174
105175
105194
105198
105199
105238
105242
105250
105251
105253
105254
105276
105303
105304
105328
105329
105340
105363
105395
105409
105416
105417
105418
105443
105498
105507
105514
105516
105517
105518
105523
105526
105527
105528
105532
105533
105536
105560
105583
105601
105608
105609
105619
105655
105672
105673
105674
105690
105749
105751
105752
105759
105782
105783
105784
105788
105792
105795
105834
105850
105859
105860
105861
105865
105891
105892
105893
105894
105904
105905
105925
105933
105934
105952
105958
106013
106014
106047
106101
106102
106115
106133
106150
106167
106188
106247
106248
106256
106354
106383
106386
106409
106410
106411
106422
106434
106438
106476
106485
106495
106522
106525
106529
106530
106531
106546
106547
106552
106561
106562
106577
106586
106587
106607
106628
106637
106638
106640
106698
106701
106703
106704
106712
106741
106745
106780
106814
106815
106840
106855
106877
106899
106901
106916
106919
106933
106949
106954
106958
106986
107014
107015
107023
107024
107039
107054
107073
107093
107097
107101
107102
107117
107126
107135
107136
107137
107138
107139
107143
107168
107171
107179
107180
107185
107220
107237
107247
107251
107256
107276
107278
107300
107345
107346
107347
107352
107364
107365
107366
107378
107397
107407
107430
107436
107449
107451
107455
107463
107466
107467
107487
107491
107514
107515
107516
107535
107536
107538
107546
107547
107562
107578
107605
107607
107608
107617
107618
107625
107632
107637
107638
107639
107650
107697
107702
107774
107783
107785
107787
107788
107789
107821
107826
107827
107828
107829
107838
107854
107858
107873
107913
107922
107925
107929
107933
107937
107945
107946
107953
107954
107955
107963
107990
108000
108019
108027
108050
108051
108052
108095
108098
108109
108120
108141
108152
108154
108155
108158
108166
108181
108189
108190
108201
108203
108210
108214
108232
108243
108263
108272
108278
108284
108285
108298
108307
108311
108338
108345
108355
108385
108392
108393
108394
108395
108399
108400
108402
108407
108412
108413
108423
108460
108461
108475
108498
108510
108511
108512
108515
108518
108534
108537
108546
108560
108562
108571
108572
108578
108608
108611
108614
108615
108616
108620
108623
108624
108630
108641
108644
108651
108660
108680
108685
108690
108714
108733
108737
108741
108742
108749
108757
108760
108764
108777
108778
108820
108823
108851
108865
108866
108872
108891
108892
108893
108912
108929
108931
108934
108946
108948
108956
108971
108972
108973
108974
108975
108998
109084
109085
109086
109103
109104
109105
109106
109107
109109
109110
109111
109135
109175
109176
109177
109228
109229
109232
109245
109246
109247
109248
109249
109279
109302
109311
109320
109321
109390
109425
109426
109428
109429
109436
109437
109438
109439
109440
109441
109442
109443
109445
109446
109459
109569
109570
109571
109572
109640
109641
109642
109643
109708
109727
109769
109786
109831
109832
109833
109834
109835
109836
109838
109839
109840
109841
109842
109843
109844
109846
109848
109864
109865
109866
109877
109902
109956
109981
109993
110016
110018
110019
110020
110022
110075
110080
110096
110110
110171
110185
110210
110212
110235
110236
110237
110298
110316
110321
110322
110323
110324
110325
110326
110327
110328
110333
110334
110335
110336
110358
110360
110371
110372
110373
110374
110400
110415
110416
110417
110418
110419
110425
110426
110428
110441
110442
110443
110444
110445
110452
110454
110475
110550
110551
110552
110554
110555
110556
110557
110558
110559
110560
110561
110562
110595
110596
110597
110598
110624
110630
110660
110661
110662
110663
110664
110712
110736
110757
110777
110778
110780
110799
110800
110801
110802
110803
110810
110811
110812
110813
110834
110835
110850
110851
110852
110853
110854
110855
110857
110877
110887
110888
110889
110973
110974
110975
110997
111009
111010
111011
111012
111013
111014
111016
111048
111049
111050
111051
111052
111053
111054
111055
111061
111073
111082
111089
111090
111103
111104
111105
111111
111136
111151
111192
111193
111195
111196
111197
111198
111209
111210
111211
111212
111227
111228
111229
111230
111231
111232
111256
111257
111258
111259
111260
111271
111277
111288
111340
111341
111342
111343
111344
111345
111353
111354
111355
111366
111381
111382
111383
111384
111395
111396
111397
111398
111399
111400
111401
111402
111409
111410
111411
111412
111413
111415
111416
111417
111418
111439
111443
111444
111445
111446
111478
111513
111519
111520
111521
111522
111525
111526
111527
111529
111586
111587
111588
111589
111614
111662
111665
111695
111710
111711
111712
111713
111714
111715
111716
111717
111718
111725
111737
111889
111901
111926
111927
111928
111932
111933
111934
111935
111936
111937
111938
111939
111960
111961
111993
112008
112025
112064
112065
112066
112090
112138
112139
112140
112153
112154
112165
112171
112184
112190
112217
112228
112229
112243
112244
112245
112246
112292
112293
112294
112295
112296
112298
112299
112300
112301
112302
112303
112317
112333
112349
112355
112356
112357
112358
112370
112385
112386
112387
112390
112416
112418
112437
112438
112439
112467
112468
112469
112470
112471
112472
112473
112474
112500
112501
112502
112503
112504
112505
112510
112515
112532
112536
112537
112544
112565
112571
112593
112604
112605
112606
112607
112636
112637
112638
112639
112640
112642
112683
112690
112691
112692
112693
112732
112734
112735
112756
112757
112758
112759
112767
112776
112796
112797
112798
112799
112800
112801
112802
112818
112852
112873
112891
112900
112901
112902
112904
112906
112918
112935
112936
112937
112952
112996
113021
113041
113045
113101
113104
113105
113147
113161
113171
113172
113173
113174
113175
113176
113177
113179
113190
113221
113222
113223
113224
113259
113290
113397
113401
113418
113429
113437
113439
113440
113441
113455
113456
113457
113507
113553
113579
113580
113581
113595
113614
113615
113616
113617
113618
113685
113686
113687
113688
113712
113737
113738
113739
113740
113741
113742
113743
113753
113754
113755
113756
113800
113813
113838
113916
113917
113918
113920
113938
113996
114010
114012
114014
114062
114063
114064
114065
114066
114072
114091
114116
114131
114132
114133
114152
114173
114207
114226
114227
114228
114229
114230
114237
114238
114239
114265
114273
114286
114296
114381
114388
114389
114390
114391
114392
114393
114394
114407
114413
114415
114430
114431
114432
114434
114435
114437
114478
114479
114480
114481
114482
114484
114505
114507
114508
114509
114510
114516
114517
114519
114520
114580
114593
114616
114617
114624
114660
114661
114663
114679
114680
114681
114682
114709
114717
114737
114747
114797
114798
114799
114800
114837
114838
114839
114841
114853
114866
114874
114875
114962
114988
114989
114990
114991
114992
114993
114995
114996
114998
115003
115026
115052
115083
115090
115112
115113
115114
115120
115121
115123
115124
115135
115147
115164
115166
115167
115172
115173
115174
115175
115176
115177
115178
115180
115181
115190
115199
115230
115259
115284
115287
115306
115307
115309
115355
115357
115360
115377
115392
115393
115394
115395
115396
115397
115413
115414
115415
115426
115427
115428
115430
115438
115455
115481
115483
115567
115576
115600
115601
115602
115603
115604
115605
115608
115609
115610
115613
115629
115663
115686
115687
115697
115754
115759
115776
115777
115778
115784
115795
115801
115803
115813
115817
115822
115902
115912
115921
115928
115929
115971
115992
115993
115994
115995
115996
116009
116010
116119
116141
116161
116171
116173
116174
116176
116188
116189
116204
116288
116289
116327
116328
116329
116352
116353
116354
116396
116397
116398
116414
116415
116458
116459
116460
116462
116463
116536
116550
116579
116612
116613
116614
116615
116616
116664
116665
116709
116710
116711
116712
116719
116725
116726
116757
116759
116761
116762
116774
116775
116776
116777
116778
116781
116793
116796
116816
116817
116818
116819
116842
116875
116876
116877
116878
116879
116902
116934
116938
116965
116967
116968
116969
117006
117037
117038
117039
117040
117041
117042
117043
117054
117065
117066
117067
117068
117069
117070
117099
117111
117112
117113
117120
117131
117154
117155
117164
117165
117166
117220
117224
117225
117226
117253
117254
117255
117256
117259
117274
117275
117276
117294
117326
117370
117416
117422
117424
117425
117444
117471
117472
117482
117483
117485
117491
117492
117556
117558
117591
117600
117611
117612
117616
117617
117618
117622
117623
117635
117636
117637
117682
117683
117684
117685
117703
117719
117733
117742
117743
117744
117745
117778
117827
117828
117842
117843
117844
117845
117846
117847
117865
117883
117884
117897
117908
117909
117910
117911
117918
117919
117920
117937
117938
117939
117954
117955
117956
117957
118037
118038
118046
118054
118055
118056
118090
118091
118092
118093
118119
118135
118136
118156
118163
118165
118166
118168
118191
118205
118206
118207
118209
118210
118218
118219
118220
118233
118239
118247
118248
118249
118282
118284
118293
118315
118316
118317
118324
118325
118351
118368
118386
118387
118388
118393
118394
118395
118412
118413
118441
118454
118460
118461
118462
118467
118468
118469
118470
118472
118486
118487
118533
118552
118553
118560
118563
118566
118613
118620
118621
118623
118625
118626
118632
118634
118638
118649
118665
118672
118673
118674
118675
118677
118698
118705
118708
118720
118752
118753
118762
118763
118764
118831
118846
118862
118863
118911
118953
118955
118956
119010
119020
119021
119030
119031
119043
119058
119059
119090
119101
119102
119111
119133
119147
119148
119154
119156
119157
119164
119192
119201
119208
119238
119241
119242
119290
119291
119338
119342
119353
119366
119367
119381
119426
119427
119446
119447
119448
119450
119475
119478
119479
119502
119503
119504
119521
119558
119559
119560
119561
119580
119615
119617
119618
119619
119620
119621
119636
119637
119638
119654
119655
119704
119707
119718
119743
119744
119745
119765
119795
119801
119802
119804
119808
119815
119843
119846
119848
119856
119857
119860
119872
119883
119896
119897
119898
119899
119903
119913
119914
119915
119916
119928
119932
119940
119942
119943
119950
119954
119955
119956
119957
119980
120000
120005
120006
120007
120017
120085
120089
120119
120129
120133
120144
120145
120151
120154
120161
120165
120170
120174
120186
120187
120188
120189
120191
120193
120196
120197
120202
120240
120253
120262
120270
120273
120275
120311
120321
120322
120361
120382
120383
120384
120386
120410
120421
120427
120428
120432
120460
120461
120482
120502
120524
120557
120558
120559
120561
120562
120564
120565
120568
120585
120586
120589
120593
120644
120645
120646
120647
120663
120675
120719
120723
120747
120771
120777
120790
120796
120816
120864
120870
120884
120885
120894
120906
120909
120939
120940
120941
120959
120960
120961
120963
120964
120965
120990
120993
121009
121013
121037
121039
121040
121042
121043
121044
121046
121047
121048
121049
121126
121146
121181
121182
121186
121187
121188
121204
121210
121234
121242
121243
121245
121246
121247
121254
121290
121292
121294
121295
121296
121297
121315
121316
121372
121392
121393
121406
121407
121419
121420
121434
121448
121460
121462
121464
121466
121467
121468
121479
121480
121481
121492
121530
121531
121532
121542
121543
121551
121571
121572
121588
121621
121649
121653
121654
121663
121665
121666
121680
121684
121687
121737
121742
121756
121761
121768
121816
121817
121860
121874
121876
121889
121890
121891
121896
121906
121922
121936
121953
121954
121960
121962
121963
121964
121985
121986
121988
122002
122003
122021
122040
122057
122058
122063
122093
122094
122096
122103
122147
122149
122156
122157
122158
122164
122170
122184
122185
122187
122210
122214
122235
122245
122251
122262
122264
122275
122276
122277
122278
122285
122294
122299
122300
122301
122307
122312
122316
122318
122333
122365
122385
122392
122393
122398
122412
122424
122440
122483
122484
122487
122500
122501
122502
122505
122519
122524
122525
122547
122563
122564
122572
122575
122613
122614
122636
122650
122651
122662
122665
122666
122674
122681
122702
122710
122711
122743
122755
122756
122759
122760
122761
122775
122802
122824
122826
122829
122830
122841
122862
122866
122885
122886
122887
122902
122903
122909
122917
122938
122952
122986
122993
122996
122997
122999
123005
123018
123019
123031
123032
123033
123047
123060
123077
123081
123083
123114
123122
123133
123144
123147
123185
123186
123208
123214
123219
123222
123224
123239
123254
123274
123275
123276
123277
123309
123317
123319
123341
123356
123358
123364
123366
123376
123377
123378
123389
123390
123407
123414
123428
123447
123449
123451
123452
123457
123465
123490
123491
123493
123497
123503
123506
123515
123518
123519
123521
123526
123527
123534
123535
123560
123579
123583
123592
123595
123608
123612
123624
123635
123637
123639
123646
123652
123678
123680
123701
123705
123706
123707
123726
123729
123742
123744
123746
123750
123753
123774
123780
123783
123788
123797
123810
123818
123819
123830
123832
123833
123834
123835
123845
123869
123874
123879
123880
123883
123920
123921
123922
123924
123936
123940
123944
123954
123961
123979
123984
124000
124006
124007
124009
124010
124011
124012
124017
124018
124036
124053
124088
124103
124132
124156
124159
124160
124168
124187
124205
124206
124207
124208
124210
124232
124233
124234
124235
124237
124285
124290
124349
124350
124351
124352
124379
124380
124381
124382
124385
124398
124400
124401
124402
124403
124404
124405
124406
124407
124431
124444
124461
124462
124463
124464
124486
124487
124488
124504
124576
124589
124590
124591
124592
124593
124594
124595
124596
124609
124610
124612
124613
124652
124694
124698
124719
124721
124722
124723
124725
124726
124727
124739
124745
124746
124747
124748
124749
124750
124751
124752
124753
124754
124756
124758
124765
124795
124796
124797
124811
124827
124828
124829
124830
124832
124868
124895
124921
124929
124939
124940
124941
124942
124974
124975
124976
124977
124978
124987
124988
124990
125008
125038
125058
125059
125060
125061
125062
125071
125072
125073
125074
125075
125078
125083
125182
125228
125230
125231
125232
125249
125280
125297
125298
125299
125305
125306
125307
125333
125349
125350
125351
125352
125353
125354
125365
125372
125383
125453
125454
125455
125456
125497
125544
125547
125548
125549
125550
125552
125567
125577
125578
125579
125592
125631
125632
125633
125634
125635
125636
125637
125641
125642
125643
125692
125716
125719
125720
125722
125723
125725
125726
125727
125729
125753
125791
125811
125812
125814
125819
125873
125874
125875
125876
125877
125878
125906
125908
125911
125912
125913
125948
125957
125980
126013
126014
126015
126016
126017
126018
126019
126065
126084
126119
126120
126128
126153
126178
126229
126239
126242
126252
126315
126368
126372
126383
126389
126390
126391
126392
126420
126421
126442
126452
126453
126454
126484
126485
126486
126501
126511
126512
126518
126539
126540
126541
126542
126543
126551
126575
126591
126631
126635
126636
126638
126639
126650
126652
126653
126660
126662
126663
126680
126682
126692
126788
126812
126850
126851
126852
126854
126855
126873
126874
126875
126876
126877
126956
126957
126958
126960
126961
126971
127020
127022
127069
127070
127071
127089
127092
127093
127094
127095
127096
127097
127124
127125
127126
127129
127130
127131
127132
127137
127157
127158
127159
127160
127161
127162
127227
127248
127252
127257
127258
127259
127260
127267
127312
127314
127335
127337
127360
127369
127373
127374
127392
127414
127421
127423
127424
127425
127482
127497
127498
127506
127525
127526
127540
127548
127574
127575
127576
127577
127579
127580
127596
127615
127616
127617
127618
127629
127648
127659
127660
127661
127662
127663
127665
127683
127684
127685
127686
127687
127757
127767
127768
127769
127770
127771
127772
127817
127818
127819
127820
127821
127864
127865
127866
127867
127878
127879
127880
127894
127895
127911
127912
127913
127914
127915
127917
127918
127919
127920
127923
127924
127925
127930
127931
127932
127934
127935
127936
127947
127948
127949
127967
127972
127983
128008
128009
128023
128042
128043
128044
128045
128046
128047
128056
128059
128060
128061
128062
128063
128108
128113
128117
128123
128157
128158
128160
128161
128162
128178
128193
128214
128230
128233
128312
128313
128316
128317
128318
128319
128349
128350
128351
128353
128357
128358
128359
128360
128361
128363
128364
128380
128381
128382
128389
128409
128419
128429
128430
128431
128487
128592
128625
128626
128627
128650
128681
128689
128690
128691
128701
128707
128708
128709
128717
128719
128722
128723
128724
128725
128726
128736
128738
128740
128741
128742
128743
128744
128745
128746
128747
128806
128842
128851
128852
128853
128854
128874
128875
128876
128895
128896
128899
128908
128912
128913
128915
128916
128926
128928
128929
128930
128964
128976
128978
128979
128988
128989
128990
128991
128992
129027
129028
129029
129035
129036
129056
129057
129059
129060
129082
129106
129117
129118
129140
129199
129203
129208
129209
129220
129221
129223
129227
129228
129229
129230
129274
129275
129276
129277
129284
129290
129291
129292
129293
129294
129303
129319
129320
129323
129324
129351
129357
129387
129461
129479
129480
129482
129488
129489
129507
129520
129521
129522
129535
129576
129597
129627
129628
129629
129646
129647
129649
129651
129652
129670
129691
129699
129713
129727
129728
129729
129730
129731
129744
129753
129754
129772
129773
129780
129781
129796
129797
129798
129800
129801
129803
129853
129855
129885
129896
129897
129922
129954
129955
129967
129968
129983
129984
129988
129989
129990
129991
129993
130012
130067
130072
130079
130081
130082
130091
130126
130127
130129
130143
130163
130212
130250
130262
130273
130283
130290
130291
130292
130293
130302
130307
130308
130309
130322
130338
130339
130340
130344
130346
130351
130355
130372
130390
130391
130392
130394
130397
130420
130433
130434
130436
130442
130443
130475
130476
130477
130497
130498
130499
130500
130510
130538
130544
130586
130598
130599
130600
130601
130602
130628
130629
130630
130638
130639
130640
130641
130688
130689
130706
130707
130717
130737
130738
130753
130754
130776
130781
130782
130801
130804
130809
130811
130822
130823
130861
130867
130869
130887
130894
130911
130918
130919
130943
130974
130995
130996
130997
130998
131006
131009
131100
131115
131116
131153
131161
131162
131176
131177
131194
131201
131202
131212
131213
131222
131239
131240
131244
131245
131246
131250
131275
131279
131286
131288
131291
131314
131315
131316
131317
131324
131326
131332
131334
131345
131348
131354
131372
131373
131404
131408
131411
131416
131420
131434
131438
131446
131450
131454
131469
131471
131472
131473
131474
131475
131493
131534
131535
131536
131538
131539
131540
131547
131548
131549
131550
131560
131595
131596
131604
131612
131621
131625
131626
131628
131641
131645
131646
131660
131672
131691
131714
131715
131716
131717
131727
131728
131729
131749
131770
131771
131782
131783
131793
131794
131795
131797
131800
131803
131809
131810
131818
131819
131846
131854
131860
131861
131862
131883
131884
131894
131900
131904
131905
131906
131919
131923
131925
131929
131931
131932
131933
131944
131960
131969
131970
131973
131978
131986
132042
132046
132050
132053
132054
132056
132057
132058
132073
132078
132084
132102
132156
132189
132195
132199
132220
132248
132254
132283
132292
132297
132305
132312
132320
132321
132322
132340
132343
132358
132363
132377
132384
132385
132386
132392
132393
132394
132414
132415
132417
132420
132453
132457
132491
132502
132503
132504
132592
132593
132600
132603
132608
132656
132668
132698
132699
132700
132722
132732
132734
132744
132752
132755
132769
132770
132772
132777
132785
132808
132817
132829
132830
132862
132863
132864
132865
132910
132930
132944
132947
132967
132971
133024
133029
133038
133040
133051
133109
133112
133113
133114
133122
133135
133181
133189
133190
133192
133195
133204
133208
133210
133215
133229
133235
133236
133241
133254
133269
133277
133285
133293
133298
133301
133313
133314
133326
133335
133341
133349
133353
133354
133355
133369
133381
133396
133430
133438
133442
133444
133448
133458
133466
133467
133468
133478
133480
133483
133484
133485
133494
133497
133509
133510
133521
133530
133538
133544
133545
133553
133567
133568
133570
133584
133586
133595
133596
133597
133608
133612
133652
133655
133665
133675
133678
133679
133694
133699
133709
133718
133720
133724
133733
133736
133775
133814
133825
133826
133827
133831
133838
133862
133875
133908
133909
133914
133918
133922
133947
133955
133962
133968
133974
133990
133991
134013
134021
134039
134056
134061
134066
134079
134090
134112
134138
134140
134162
134163
134166
134169
134178
134185
134188
134189
134190
134191
134209
134210
134213
134214
134215
134248
134253
134271
134273
134279
134282
134285
134320
134326
134329
134332
134335
134367
134377
134385
134390
134395
134416
134428
134429
134435
134448
134454
134468
134471
134482
134487
134499
134512
134524
134529
134530
134537
134543
134544
134545
134547
134548
134568
134569
134570
134571
134572
134573
134575
134576
134577
134578
134579
134599
134600
134602
134607
134609
134618
134621
134665
134689
134690
134696
134699
134700
134701
134702
134743
134747
134792
134831
134832
134834
134835
134836
134844
134846
134847
134855
134856
134858
134859
134861
134862
134863
134892
134902
134918
134919
134922
134941
134942
134944
134953
134954
134955
134956
134978
135013
135020
135023
135024
135027
135029
135062
135095
135124
135125
135126
135127
135128
135130
135131
135132
135134
135135
135164
135180
135185
135186
135187
135191
135243
135244
135245
135246
135321
135329
135354
135355
135395
135396
135397
135398
135399
135400
135410
135601
135603
135612
135613
135620
135621
135622
135631
135643
135661
135662
135663
135685
135686
135687
135710
135711
135712
135713
135784
135785
135786
135787
135788
135789
135790
135791
135792
135802
135823
135825
135826
135851
135857
135888
135893
135917
135918
135919
135941
135945
135949
136011
136021
136027
136038
136050
136051
136052
136053
136055
136071
136072
136074
136076
136077
136078
136088
136094
136095
136096
136106
136107
136108
136109
136111
136123
136124
136125
136141
136142
136158
136159
136197
136198
136199
136205
136216
136217
136218
136219
136229
136244
136246
136247
136269
136278
136315
136326
136366
136368
136394
136395
136397
136417
136440
136445
136446
136461
136463
136483
136484
136485
136486
136487
136488
136489
136503
136504
136505
136517
136518
136519
136520
136521
136548
136549
136550
136551
136552
136557
136577
136578
136580
136584
136585
136594
136595
136596
136663
136664
136665
136666
136669
136671
136682
136701
136709
136715
136720
136726
136775
136798
136799
136800
136802
136803
136804
136805
136845
136853
136855
136857
136869
136871
136872
136873
136881
136882
136883
136884
136885
136891
136894
136895
136896
136899
136902
136914
136947
136955
136964
136965
136966
136967
136993
137028
137029
137038
137067
137070
137082
137094
137095
137096
137125
137128
137161
137163
137171
137187
137201
137204
137205
137206
137216
137235
137249
137272
137273
137275
137293
137294
137295
137321
137324
137370
137387
137420
137457
137459
137464
137482
137483
137518
137525
137536
137537
137542
137543
137553
137584
137585
137586
137587
137592
137596
137602
137603
137604
137605
137606
137612
137613
137614
137615
137629
137636
137637
137638
137643
137644
137654
137655
137656
137657
137664
137697
137699
137700
137703
137724
137741
137749
137750
137751
137752
137773
137774
137775
137776
137832
137841
137842
137843
137844
137846
137852
137861
137868
137903
137904
137955
137957
137958
137959
137983
138001
138014
138015
138025
138026
138027
138030
138031
138032
138033
138034
138171
138206
138240
138298
138310
138326
138394
138410
138442
138459
138460
138461
138463
138464
138510
138511
138549
138550
138552
138555
138566
138576
138589
138593
138614
138615
138621
138622
138623
138625
138629
138662
138664
138673
138674
138683
138692
138693
138696
138699
138700
138702
138746
138747
138768
138779
138781
138788
138808
138809
138815
138823
138827
138834
138841
138844
138850
138869
138870
138882
138887
138894
138907
138909
138911
138930
138969
138992
138996
139021
139027
139028
139031
139032
139041
139088
139089
139090
139108
139109
139114
139119
139120
139129
139130
139143
139147
139149
139163
139173
139176
139187
139188
139193
139211
139212
139229
139230
139231
139236
139248
139258
139268
139291
139293
139307
139308
139328
139332
139336
139354
139367
139368
139382
139420
139436
139437
139454
139458
139463
139466
139474
139476
139489
139511
139524
139545
139546
139549
139560
139567
139585
139591
139634
139660
139661
139669
139687
139727
139733
139734
139735
139736
139737
139738
139745
139761
139762
139770
139773
139782
139796
139797
139801
139803
139813
139814
139823
139849
139883
139907
139910
139916
139930
139951
139961
139965
139966
139998
140021
140049
140074
140077
140091
140092
140100
140134
140142
140144
140156
140169
140170
140171
140192
140201
140202
140245
140246
140281
140283
140286
140295
140301
140330
140392
140408
140428
140431
140488
140489
140495
140505
140506
140519
140538
140539
140542
140553
140586
140618
140625
140627
140659
140661
140665
140690
140691
140693
140696
140703
140717
140720
140727
140765
140779
140781
140791
140792
140798
140799
140811
140818
140826
140834
140844
140852
140853
140867
140890
140918
140941
140942
140949
140953
140966
140973
140983
141001
141002
141047
141069
141070
141071
141072
141073
141074
141157
141158
141168
141198
141200
141201
141238
141239
141297
141312
141313
141330
141334
141335
141336
141338
141344
141352
141366
141388
141389
141428
141432
141433
141445
141467
141468
141510
141515
141520
141521
141533
141534
141535
141536
141537
141550
141551
141552
141553
141600
141602
141603
141605
141607
141616
141617
141618
141625
141628
141641
141658
141659
141660
141661
141662
141674
141677
141712
141713
141714
141715
141728
141730
141731
141744
141800
141807
141817
141842
141843
141844
141845
141846
141847
141849
141850
141872
141873
141878
141879
141880
141881
141882
141883
141892
141893
141923
141924
141974
141975
141979
142005
142086
142100
142143
142144
142145
142150
142162
142163
142229
142230
142232
142263
142285
142289
142320
142321
142334
142346
142347
142348
142366
142367
142368
142380
142413
142414
142440
142441
142469
142470
142536
142537
142562
142615
142621
142622
142623
142638
142639
142645
142674
142694
142722
142754
142755
142787
142788
142808
142809
142835
142836
142837
142850
142851
142852
142897
142898
142899
142915
142920
142932
142933
142934
142974
142984
142985
142986
143014
143048
143050
143051
143070
143110
143111
143123
143157
143168
143169
143170
143173
143175
143190
143205
143212
143227
143234
143235
143276
143326
143335
143348
143372
143416
143443
143449
143450
143469
143480
143501
143502
143503
143562
143600
143612
143618
143636
143637
143654
143669
143670
143688
143689
143727
143739
143751
143758
143764
143770
143780
143781
143782
143792
143807
143809
143815
143821
143838
143853
143866
143867
143876
143890
143924
143948
143967
143968
144035
144063
144067
144068
144069
144074
144075
144077
144081
144082
144083
144102
144115
144118
144125
144141
144156
144169
144173
144174
144175
144176
144178
144203
144204
144205
144253
144270
144275
144276
144277
144278
144302
144324
144343
144372
144377
144402
144446
144447
144452
144461
144463
144483
144495
144496
144500
144502
144510
144533
144542
144543
144548
144549
144560
144561
144577
144578
144589
144591
144614
144615
144616
144617
144747
144748
144749
144790
144792
144793
144794
144795
144800
144834
144836
144854
144855
144875
144879
144880
144882
144892
144903
144956
144960
145032
145033
145034
145035
145062
145063
145090
145091
145101
145105
145116
145133
145158
145163
145164
145166
145202
145203
145243
145245
145346
145402
145404
145405
145445
145454
145473
145507
145524
145618
145624
145625
145635
145667
145668
145715
145716
145717
145725
145752
145761
145764
145786
145807
145809
145820
145829
145836
145839
145860
145893
145960
145961
145962
145972
145996
146007
146020
146029
146082
146090
146109
146120
146130
146160
146185
146207
146222
146223
146246
146247
146255
146261
146270
146298
146321
146347
146349
146356
146365
146388
146403
146416
146417
146424
146445
146447
146563
146614
146652
146663
146695
146744
146778
146811
146839
146859
146882
146929
146932
146936
147030
147095
147102
147112
147125
147141
147154
147178
147190
147227
147240
147324
147327
147365
147404
147424
147425
147481
147563
147567
147594
