50
108
112
125
126
137
138
139
141
142
208
215
292
293
371
373
374
399
458
461
462
463
464
465
468
469
470
517
605
619
639
642
644
645
693
697
698
699
700
702
764
814
815
817
910
929
941
945
984
986
988
1060
1125
1133
1152
1153
1159
1202
1208
1217
1222
1284
1286
1287
1288
1290
1291
1292
1433
1434
1436
1474
1485
1487
1570
1617
1647
1662
1664
1698
1744
1777
1779
1780
1784
1877
1878
1879
1883
1926
1942
1944
1945
1987
2040
2041
2046
2065
2089
2100
2135
2140
2175
2204
2211
2216
2217
2224
2227
2231
2246
2248
2249
2270
2289
2290
2291
2292
2293
2295
2296
2298
2299
2301
2337
2371
2552
2558
2581
2583
2584
2602
2603
2624
2667
2669
2670
2842
2863
2864
2865
2866
2897
2959
3020
3058
3059
3060
3061
3063
3064
3065
3157
3170
3196
3197
3276
3293
3294
3295
3296
3304
3318
3350
3354
3355
3356
3376
3381
3418
3432
3433
3438
3515
3519
3541
3596
3604
3641
3702
3709
3743
3759
3760
3784
3791
3795
3810
3939
3977
3978
3979
3982
4076
4079
4082
4083
4085
4086
4087
4088
4103
4175
4209
4235
4236
4237
4238
4297
4308
4309
4310
4311
4312
4335
4388
4399
4400
4483
4484
4485
4516
4567
4655
4660
4756
4783
4785
4808
4817
4938
4940
4965
4967
5020
5059
5060
5061
5062
5142
5179
5190
5192
5193
5194
5196
5206
5215
5335
5336
5359
5361
5395
5396
5416
5417
5430
5433
5469
5522
5528
5541
5565
5566
5569
5580
5581
5610
5693
5695
5700
5701
5713
5726
5727
5772
5802
5803
5804
5815
5826
5925
5965
5986
5997
6013
6014
6029
6030
6042
6120
6188
6189
6212
6219
6247
6265
6315
6320
6339
6519
6520
6521
6523
6590
6690
6708
6733
6734
6736
6737
6739
6793
6800
6801
6802
6803
6804
6805
6806
6807
6846
6847
6905
7011
7013
7014
7086
7087
7090
7091
7092
7257
7284
7307
7308
7309
7310
7311
7358
7375
7377
7378
7379
7380
7488
7659
7750
7766
7792
7850
7876
7883
7884
7886
7887
7920
7921
7945
7974
8008
8133
8134
8135
8136
8139
8140
8142
8172
8173
8176
8178
8179
8181
8208
8275
8276
8312
8387
8388
8391
8426
8427
8428
8429
8459
8461
8466
8467
8468
8489
8495
8579
8581
8582
8583
8629
8631
8757
8792
8793
8835
8881
8908
8947
8961
9044
9062
9100
9122
9162
9218
9219
9220
9221
9241
9242
9266
9324
9364
9381
9385
9386
9397
9398
9401
9434
9435
9438
9439
9512
9560
9561
9562
9586
9633
9639
9674
9790
9844
9845
9862
9874
9880
9928
9930
9943
9975
9978
9987
10001
10022
10024
10089
10090
10091
10092
10093
10103
10137
10138
10140
10204
10245
10444
10445
10447
10448
10449
10496
10635
10638
10639
10641
10642
10745
10746
10749
10888
10890
10921
10923
10924
10926
10927
10928
10966
10967
10968
10969
10970
11017
11019
11022
11076
11077
11078
11285
11287
11288
11289
11290
11292
11301
11302
11374
11379
11381
11417
11419
11438
11439
11449
11450
11459
11510
11620
11621
11812
11813
11814
11816
11817
11818
11860
11910
11912
11914
12014
12123
12135
12191
12193
12196
12199
12200
12201
12202
12204
12239
12251
12423
12424
12425
12489
12517
12538
12581
12624
12707
12848
12849
12867
12868
12988
13017
13039
13042
13043
13066
13067
13073
13162
13216
13217
13220
13287
13288
13289
13395
13399
13400
13430
13445
13458
13459
13502
13503
13505
13509
13527
13656
13657
13769
13798
13808
13824
13833
13834
13873
13914
13976
13985
13986
13987
14175
14188
14192
14194
14210
14211
14229
14249
14271
14272
14285
14289
14399
14424
14472
14478
14486
14516
14629
14632
14643
14644
14747
14830
14848
14918
14920
14941
14948
14970
14971
14972
15000
15014
15015
15037
15038
15039
15054
15063
15094
15150
15158
15159
15186
15188
15211
15213
15214
15252
15302
15318
15379
15466
15467
15468
15469
15486
15487
15488
15508
15520
15521
15523
15747
15748
15749
15750
15751
15771
15777
15778
15779
15780
15788
15793
15794
15795
15796
15797
15816
16084
16148
16150
16151
16185
16224
16225
16228
16229
16230
16384
16386
16508
16509
16511
16557
16559
16634
16636
16681
16682
16684
16685
16686
16793
16799
16822
16839
17038
17045
17047
17048
17049
17133
17147
17188
17194
17195
17197
17232
17262
17470
17664
17665
17668
17786
17787
17788
17790
17885
17887
17888
17889
17903
17904
17916
17918
17919
17920
17922
17923
17928
18058
18133
18330
18332
18333
18334
18335
18349
18500
18609
18647
18648
18658
18708
18769
18782
18783
18808
18926
18968
18969
19029
19032
19033
19036
19037
19038
19039
19040
19120
19149
19151
19152
19377
19379
19380
19418
19499
19502
19657
19694
19695
19696
19731
19755
19766
19795
19833
19834
19902
19903
19904
19922
19923
19924
19937
20031
20033
20034
20075
20076
20099
20161
20198
20223
20241
20242
20281
20282
20284
20285
20421
20422
20426
20482
20544
20547
20558
20690
20696
20697
20698
20751
20752
20754
20798
20816
20879
20943
20972
21015
21042
21044
21185
21275
21276
21294
21295
21296
21313
21315
21329
21330
21381
21382
21407
21408
21418
21419
21439
21445
21446
21546
21578
21581
21592
21597
21598
21630
21644
21645
21646
21659
21694
21718
21753
21775
21879
21928
22151
22466
22608
22611
22612
22641
22937
23014
23338
23386
23387
23388
23532
23583
23828
23850
23867
23881
24134
24138
24203
24204
24326
24354
24365
24366
24391
24392
24405
24492
24555
24626
24627
24628
24629
24635
24639
24640
24641
24642
24643
24644
24645
24681
24693
24697
24698
24750
24755
24756
24772
24774
24872
24992
25027
25045
25046
25047
25050
25052
25053
25054
25055
25056
25105
25108
25110
25118
25119
25334
25335
25336
25337
25338
25399
25400
25401
25402
25427
25566
25567
25568
25636
25830
25907
25929
26084
26085
26086
26298
26430
26777
26778
26779
26790
26883
26890
26896
26898
26915
26917
26918
26919
26945
27263
27288
27294
27297
27377
27385
27386
27387
27404
27405
27406
27455
27486
27496
27506
27534
27535
27536
27541
27543
27616
27617
27667
27668
27670
27671
27672
27824
27873
27940
27970
27971
27990
28098
28112
28186
28188
28189
28208
28255
28274
28284
28285
28296
28300
28402
28505
28513
28518
28567
28581
28729
28750
28753
28799
28800
28895
28908
28934
28938
28954
28955
28957
28958
28988
28989
29021
29023
29075
29139
29163
29164
29165
29223
29239
29248
29252
29356
29495
29579
29581
29596
29643
29682
29729
29736
29739
29845
29851
29890
29995
29997
30009
30043
30045
30087
30111
30179
30187
30197
30226
30303
30309
30329
30330
30371
30384
30396
30397
30398
30437
30438
30510
30522
30549
30562
30614
30633
30634
30695
30709
30750
30751
30773
30775
30794
30869
30871
30872
30899
30912
30945
30983
30990
31003
31030
31067
31121
31146
31147
31153
31161
31163
31174
31198
31217
31570
31592
31997
31998
31999
32000
32001
32002
32038
32245
32285
32608
32611
32612
32667
32668
32670
32671
32672
32736
33237
33238
33241
33416
33418
33419
33420
33429
33467
33468
33470
33556
33681
33682
33683
33689
33690
33692
33693
33793
34047
34400
34401
34432
34490
34505
34506
34606
34607
34608
34609
34610
34612
34786
34789
34910
34911
34912
35164
35231
35312
35358
35529
35531
35534
35542
35543
35560
35561
35568
35720
35838
35839
35840
35943
35945
35956
36002
36012
36259
36275
36322
36341
36395
36397
36616
36618
36648
36650
36656
36685
36701
36904
36905
36906
36907
36909
36910
36911
36968
37117
37163
37243
37341
37394
37435
37436
37480
37543
37595
37598
37722
37812
37890
37915
37916
37918
37936
37937
37952
37954
37955
38042
38043
38122
38123
38124
38125
38126
38197
38198
38199
38200
38208
38217
38218
38269
38319
38320
38321
38411
38414
38474
38606
38755
38971
38976
38980
39012
39013
39070
39085
39086
39087
39088
39089
39202
39247
39262
39308
39311
39378
39466
39475
39627
39628
39656
39671
39702
39825
39844
39968
39995
40006
40011
40028
40050
40089
40124
40145
40151
40195
40196
40206
40220
40254
40255
40343
40424
40489
40498
40509
40512
40543
40592
40593
40594
40626
40627
40644
40739
40740
40777
40778
40779
40780
40781
40807
40808
40809
40841
40887
40901
40902
40903
41017
41083
41104
41408
41458
41485
41486
41517
41558
41571
41575
41597
41605
41672
41682
41684
41728
41729
41733
41793
41819
41827
41830
41837
41864
41909
41910
41911
41912
41914
41915
41952
42094
42118
42143
42164
42165
42201
42233
42289
42311
42315
42332
42341
42366
42367
42370
42384
42399
42438
42439
42444
42462
42463
42477
42528
42661
42662
42663
42888
42889
42890
42892
42893
42937
42956
42997
43154
43174
43273
43392
43424
43449
43450
43452
43453
43597
43598
43599
43600
43601
43655
43807
43987
44177
44571
44572
44573
44574
44954
44955
44956
45083
45085
45086
45177
45179
45180
45219
45223
45224
45227
45228
45290
45291
45292
45311
45313
45314
45315
45413
45415
45416
45567
45603
45604
45606
45607
45790
45943
45956
46114
46115
46153
46154
46155
46178
46244
46398
46405
46428
46514
46570
46575
46576
46577
46578
46579
46580
47120
47121
47122
47123
47327
47388
47635
47655
47656
47663
47680
47757
47759
47760
47763
47764
47925
47927
47928
47929
47930
47943
48002
48167
48168
48169
48170
48190
48191
48192
48193
48224
48225
48227
48369
48370
48371
48372
48417
48418
48419
48488
48523
48524
48547
48548
48551
48671
48849
48850
48975
48995
48996
48997
49237
49258
49259
49261
49288
49290
49291
49557
49585
49836
49837
49838
49846
50036
50091
50092
50130
50146
50147
50148
50164
50187
50188
50190
50191
50403
50510
50598
50757
50861
50878
50940
50942
50945
50974
50975
50976
50977
50997
51018
51091
51092
51258
51297
51382
51472
51476
51504
51559
51560
51730
51731
51741
51810
51851
51869
51870
51872
51873
51893
51908
52067
52240
52379
52471
52505
52649
52825
52934
53186
53187
53188
53189
53225
53250
53256
53338
53361
53381
53467
53505
53540
53550
53551
53633
53634
53635
53675
53676
53701
53715
53716
53816
53966
54044
54045
54097
54184
54185
54245
54288
54352
54454
54512
54611
54690
54786
54787
54788
54923
54952
55028
55103
55121
55141
55166
55171
55345
55403
55510
55512
55531
55555
55665
55677
55678
55690
55711
55756
55773
55791
55851
55970
55986
55996
56023
56030
56048
56049
56072
56077
56102
56117
56132
56140
56156
56176
56193
56212
56228
56462
56560
56775
56776
56777
56778
56779
56833
56836
57085
57086
57087
57088
57089
57090
57091
57245
57317
57414
57449
57450
57452
57514
57626
57673
57682
57692
57693
57694
57695
57696
57765
57766
57767
57768
57797
57816
57817
57818
57819
57875
57876
57877
57878
57879
57946
57948
57949
57957
58220
58251
58252
58253
58254
58264
58310
58393
58397
58709
59301
59388
59465
59466
59543
59589
59594
59609
59610
59815
59929
60045
60086
60156
60174
60223
60342
60507
60508
60509
60566
60567
60569
60570
60571
60572
60605
60613
60627
60635
60655
60656
60657
60703
60801
60803
60804
60805
60828
60829
60831
60966
60967
60969
60970
61336
61594
61597
61722
61795
61796
61889
61890
61892
61893
61894
61979
62073
62235
62236
62239
62262
62311
62378
62428
62429
62430
62559
62595
62600
62678
62679
62714
62756
62837
63063
63091
63092
63110
63111
63116
63215
63245
63252
63253
63374
63375
63392
63393
63394
63518
63547
63601
63703
63704
63713
63714
63782
63831
63858
63971
63972
63973
63977
64073
64074
64159
64167
64360
64361
64362
64374
64375
64615
64616
64618
64632
64635
64839
64841
64842
64843
64848
64849
64876
64906
64929
64938
64939
64940
64979
65106
65107
65297
65328
65329
65357
65358
65415
65460
65463
65475
65723
65757
66142
66263
66264
66265
66312
66521
66529
66530
66657
66658
66825
66968
67036
67116
67236
67521
67569
67570
67572
67573
67574
67621
67862
67967
67969
67985
68025
68026
68273
68577
68581
68585
69007
69109
69180
69245
69253
69431
69432
69771
69772
69773
69774
69775
69776
69838
69845
69850
69971
69989
70031
70033
70115
70209
70249
70266
70298
70314
70315
70353
70508
70560
70643
70645
70646
70743
70790
70809
70828
70836
70885
70916
70979
70980
70981
70991
70996
71263
71334
71338
71339
71353
71474
71554
71559
71567
71678
71709
71757
71774
71801
71922
71923
71944
71946
71978
71992
72036
72038
72060
72068
72184
72201
72214
72304
72322
72324
72325
72326
72558
72565
72569
72744
72754
72899
72938
72951
73190
73191
73295
73297
73298
73378
73380
73462
73464
73465
73468
73563
73564
73565
73780
73844
74049
74065
74172
74211
74397
74400
74475
74497
74599
74659
74854
74865
75025
75114
75284
75286
75287
75490
75491
75492
75508
75601
75634
75655
75658
75730
75733
75734
75735
75818
75958
75997
75998
75999
76184
76225
76313
76626
76627
76724
76725
76726
76731
76763
76956
77026
77027
77029
77030
77039
77041
77056
77057
77059
77060
77061
77062
77150
77308
77317
77586
77666
77667
77668
77741
77742
77743
77753
77758
77759
77772
77774
77775
77842
77926
77952
77953
78171
78172
78173
78181
78318
78534
78535
78538
78539
78540
78828
79364
79367
79437
79461
79462
79463
79464
79587
79602
79603
79604
79605
79799
79851
79852
79853
79899
79900
79924
80102
80351
80353
80357
80368
80374
80558
80560
80561
80562
80564
80565
80591
80607
80609
80610
80611
80622
80745
81411
81412
81473
81496
81497
81498
81499
81756
81813
81847
81982
82079
82204
82313
82357
82366
82453
82478
82481
82482
82495
82497
82498
82569
82610
82612
82864
82900
82902
82997
83052
83158
83159
83161
83162
83163
83444
83497
83516
83702
83703
83704
83705
83706
83719
83791
83799
83814
83815
83816
83897
83903
84001
84002
84003
84046
84047
84049
84072
84076
84077
84144
84264
84265
84314
84315
84414
84441
84589
84590
84643
84678
84707
84708
84709
84814
84815
84820
84821
84828
84962
85132
85194
85195
85215
85258
85302
85303
85304
85608
85609
85610
85686
85687
85920
85921
85922
86061
86148
86241
86242
86243
86669
86690
86736
86806
86836
86837
87034
87068
87261
87421
87480
87489
87562
87574
87584
87610
87793
87794
87795
87796
87901
88013
88014
88015
88030
88044
88052
88122
88129
88191
88228
88229
88230
88232
88306
88318
88330
88371
88394
88504
88800
88801
88815
88840
88891
89024
89029
89030
89211
89315
89318
89359
89364
89365
89475
89492
89612
89717
89723
89726
89773
89819
89997
90043
90089
90203
90226
90268
90415
90467
90623
90737
90840
90841
90842
90843
90956
91025
91066
91188
91189
91229
91300
91500
91501
91502
91503
91693
91694
91695
91697
91739
91812
91834
91916
91938
92029
92123
92224
92253
92254
92257
92304
92330
92355
92381
92510
92511
92513
92514
92687
92878
92879
92880
93184
93232
93513
93685
93715
93791
93793
93794
93795
93821
93879
93880
93881
93882
93901
93926
93927
93928
94011
94203
94225
94322
94408
94508
94725
94797
94807
94808
94863
95027
95137
95138
95162
95252
95253
95297
95304
95322
95324
95478
95612
95614
95715
95717
95718
95806
95818
95950
95984
96048
96049
96141
96155
96173
96174
96176
96283
96295
96337
96338
96456
96515
96605
96648
96736
96737
96860
96932
96934
96966
96967
96968
96984
97042
97044
97103
97195
97199
97316
97376
97583
97584
97586
97587
97770
97809
97844
97845
97846
97848
98110
98142
98143
98171
98358
98403
98545
98584
98646
99081
99082
99083
99086
99128
99130
99164
99165
99166
99167
99170
99177
99213
99214
99217
99218
99219
99244
99404
99491
99503
99543
99559
99560
99561
99641
99658
99661
99702
99792
99880
99930
100024
100061
100183
100270
100392
100504
100517
100656
100695
100777
100778
100833
100843
100945
100947
100948
100976
100980
101009
101011
101013
101105
101274
101293
101349
101450
101451
101472
101487
101506
101670
101671
101749
101804
101863
101937
101939
101971
101972
101973
102007
102494
102495
102496
102498
102499
102505
102530
102533
102692
102722
102968
102981
103000
103001
103086
103114
103186
103187
103189
103243
103244
103423
103431
103549
103611
103612
103642
103679
103681
103682
103699
103700
103710
103901
104033
104035
104057
104058
104085
104340
104348
104452
104494
104566
104681
104682
104683
104713
104719
104851
104953
104962
104974
104998
105072
105090
105091
105111
105344
105404
105445
105446
105500
105510
105570
105624
105643
105714
105715
105747
105883
105886
105923
105974
106043
106106
106158
106200
106389
106460
106461
106515
106576
106668
106693
106719
106728
106836
106938
107094
107095
107197
107268
107296
107308
107310
107329
107360
107410
107504
107505
107541
107611
107674
107683
107691
107695
107750
107823
107824
107845
107942
107987
108122
108194
108224
108291
108292
108316
108317
108318
108371
108494
108555
108628
108629
108650
108675
108771
108789
108801
108877
108947
108949
108980
109017
109125
109148
109283
109402
109585
109746
109828
110153
110177
110179
110180
110252
110434
110436
110437
110438
110440
110489
110577
110606
110922
110924
111000
111125
111493
111516
111556
111575
111576
111577
111627
111629
111666
111730
111805
111904
111971
112020
112021
112022
112173
112260
112545
112786
112881
112886
113166
113167
113255
113269
113280
113281
113282
113283
113285
113286
113353
113395
113535
113660
113827
114057
114059
114061
114094
114241
114243
114244
114246
114247
114323
114324
114326
114329
114334
114402
114750
114751
114752
114753
114763
114790
114791
114852
114955
115017
115018
115032
115037
115074
115075
115076
115183
115184
115185
115192
115206
115207
115432
115586
115598
115671
115700
115701
115850
115851
115852
115882
116117
116130
116177
116253
116294
116347
116376
116484
116530
116543
116580
116581
116606
116624
116625
116626
116631
116810
116811
116812
116861
116899
116900
117017
117018
117019
117098
117146
117191
117239
117309
117310
117311
117312
117313
117314
117331
117332
117335
117336
117339
117382
117435
117528
117529
117629
117646
117658
117666
117667
117668
117767
117850
117851
117852
117853
117854
117893
117894
117895
118106
118221
118262
118272
118273
118349
118363
118484
118587
118737
118775
118786
118829
119012
119112
119113
119115
119123
119124
119142
119149
119279
119339
119379
119477
119644
119720
119822
119828
119901
119902
119944
119986
120094
120105
120120
120209
120211
120212
120243
120336
120337
120338
120341
120381
120398
120448
120458
120470
120538
120605
120683
120736
120757
120855
120856
120872
120953
120968
120982
121003
121036
121062
121064
121129
121200
121235
121324
121325
121385
121518
121545
121546
121579
121581
121601
121677
121689
121694
121792
121833
121887
121923
121929
121931
121958
121959
121971
121973
122126
122127
122152
122153
122161
122162
122171
122197
122224
122257
122263
122267
122286
122287
122368
122369
122390
122404
122544
122565
122581
122612
122620
122749
122821
122832
122871
122950
122962
123022
123065
123074
123092
123130
123188
123223
123264
123265
123266
123328
123359
123368
123395
123570
123577
123578
123580
123584
123585
123586
123682
123698
123700
123721
123768
123799
123805
123837
123995
124029
124047
124098
124182
124183
124184
124307
124308
124309
124312
124313
124374
124377
124378
124387
124481
124494
124514
124515
124603
124676
124678
124717
124718
124875
125012
125196
125197
125200
125201
125202
125203
125222
125225
125226
125227
125348
125403
125431
125432
125516
125534
125661
125770
125837
125879
125880
126005
126006
126009
126010
126011
126076
126172
126173
126318
126336
126411
126435
126879
126927
126929
126930
127060
127214
127233
127234
127235
127236
127237
127238
127240
127241
127263
127265
127280
127318
127458
127588
127700
127731
127734
127800
127939
127990
128007
128266
128268
128277
128373
128374
128375
128376
128377
128388
128504
128519
128557
128631
128660
128661
128662
128666
128704
128777
128778
129065
129104
129132
129160
129162
129197
129337
129527
129528
129619
129672
129785
129894
129981
130047
130117
130256
130299
130408
130414
130514
130582
130609
130615
130616
130618
130636
130683
130685
130686
130687
130739
130756
130807
130808
130835
130837
130899
130907
130929
130950
131084
131181
131188
131335
131396
131435
131439
131445
131456
131476
131478
131592
131593
131635
131665
131741
131744
131908
131964
132060
132099
132157
132163
132165
132215
132265
132510
132520
132576
132612
132707
132836
132851
132868
132886
132893
132915
132916
132919
132958
133084
133095
133096
133123
133287
133347
133387
133397
133398
133464
133524
133600
133613
133626
133642
133657
133704
133863
133880
133899
133900
133924
133957
133988
134041
134051
134086
134115
134122
134129
134143
134180
134181
134182
134217
134331
134354
134414
134415
134516
134536
134563
134691
134714
134783
134813
134814
134816
134882
135089
135145
135236
135317
135427
135428
135431
135452
135453
135454
135455
135485
135486
135623
135626
135698
135709
135756
135852
136029
136032
136061
136280
136367
136619
136746
136826
136829
136830
136831
136886
136887
136889
136972
137071
137073
137078
137079
137290
137336
137341
137377
137379
137396
137398
137399
137444
137447
137595
137855
137876
137877
137880
137944
137945
137948
137949
138151
138157
138158
138186
138228
138282
138285
138287
138316
138333
138423
138443
138558
138730
138731
138785
138796
138934
139001
139146
139148
139234
139257
139273
139356
139383
139487
139677
139681
139962
140018
140099
140124
140138
140331
140343
140353
140413
140442
140459
140464
140518
140554
140560
140940
141076
141077
141078
141081
141271
141293
141316
141322
141323
141354
141413
141460
141784
142173
142287
142290
142318
142345
142443
142770
142929
143310
143333
143451
143585
143601
143705
143855
143928
143934
143999
144072
144133
144157
144190
144212
144303
144304
144335
144368
144435
144472
144696
144945
144947
144955
145411
145519
145746
145760
146012
146024
146091
146092
146100
146182
146260
146532
146724
146914
147027
