318
654
680
789
1331
1360
1381
1383
1384
1975
2147
2166
2349
2363
2365
2366
2491
2766
2816
2852
3034
3068
3200
3450
3466
3524
3650
3676
3769
3819
3887
3933
3942
4245
4277
4352
4359
4661
4697
4700
4701
4702
4703
4818
4875
4880
4909
5034
5256
5278
5287
5288
5289
5290
5333
5640
5643
5709
5746
5907
6026
6094
6157
6264
6305
6323
6342
6394
6406
6425
6566
6603
6743
6787
6814
6830
6831
7142
7160
7170
7177
7178
7213
7242
7359
7366
7367
7423
7474
7543
7545
7578
7580
7627
7631
7808
7889
7950
7975
8055
8056
8212
8332
8442
8558
8569
8640
8668
8724
8766
8850
8871
8928
8929
8939
8941
9025
9094
9105
9307
9309
9310
9331
9332
9499
9519
9569
9606
9735
9770
9948
10049
10265
10522
10721
10743
10799
10801
10802
10804
10831
10832
10834
10835
10848
11028
11118
11144
11145
11147
11148
11149
11150
11182
11209
11295
11348
11375
11802
11803
11804
11838
11931
11932
11933
11934
11971
12008
12198
12240
12264
12266
12267
12319
12320
12321
12333
12459
12484
12492
12507
12543
12614
12616
12684
12777
12813
12815
12833
12834
12857
12866
12965
12966
13007
13041
13197
13308
13354
13368
13370
13447
13557
13603
13665
13683
13710
13726
13754
13767
13861
14008
14094
14102
14193
14339
14458
14500
14531
14609
14660
14667
14668
14672
14776
14797
14815
14894
14991
14996
14999
15100
15157
15253
15772
15862
15868
15869
15870
15910
15936
15963
15976
15977
15979
15980
15981
16056
16062
16085
16095
16100
16102
16130
16136
16239
16240
16241
16242
16244
16287
16289
16290
16335
16355
16358
16359
16387
16388
16389
16390
16516
16527
16546
16602
16603
16613
16615
16666
16667
16669
16676
16677
16678
16875
16937
16938
16960
16964
17128
17134
17148
17179
17180
17254
17293
17294
17386
17430
17431
17452
17516
17623
17640
17641
17944
17945
18000
18082
18083
18084
18218
18219
18220
18227
18236
18239
18476
18639
18640
18793
18889
19140
19165
19167
19245
19249
19250
19278
19448
19480
19528
19550
19713
19714
19744
19774
19810
19831
19837
19853
19856
19947
19948
20012
20199
20210
20211
20212
20338
20348
20385
20490
20492
20525
20540
20552
20630
20656
20755
20758
20764
20869
20930
20964
20976
21084
21252
21261
21266
21507
21668
21786
21909
22038
22192
22329
22470
22486
22508
22706
22732
22802
22804
22805
22806
22826
22849
22850
22852
22860
22958
23006
23057
23068
23069
23070
23071
23072
23108
23109
23111
23144
23145
23169
23285
23288
23295
23414
23415
23416
23417
23520
23524
23525
23526
23737
23929
24243
24244
24336
24337
24338
24339
24340
24372
24382
24387
24472
24473
24474
24475
24658
24757
24758
24778
24780
24801
24993
25079
25231
25233
25351
25352
25545
25549
25620
25637
25641
25642
25647
25675
25677
25678
25755
25779
25795
25807
25808
25811
25812
25930
26011
26012
26024
26070
26139
26160
26193
26208
26209
26210
26292
26374
26405
26479
26625
26708
26710
26764
26765
26766
26787
26884
26891
27077
27079
27164
27248
27360
27460
27487
27495
27583
27596
27637
27638
27639
27640
27775
27794
27820
27821
27822
27901
27984
28022
28116
28117
28162
28198
28234
28264
28322
28324
28482
28483
28484
28679
28832
28997
28998
29060
29080
29115
29116
29117
29205
29218
29219
29601
29648
29701
29704
29914
29964
29986
30044
30057
30070
30225
30322
30542
30584
30685
30832
30914
30954
31091
31125
31195
31363
31431
31444
31631
31632
31634
31635
31694
31747
31902
32065
32106
32108
32173
32272
32440
32523
32580
32860
32862
32956
32965
32995
33035
33045
33046
33096
33098
33099
33208
33210
33292
33339
33476
33598
33943
33945
33946
34059
34060
34061
34062
34320
34330
34331
34332
34334
34340
34374
34375
34389
34485
34492
34532
34533
34561
34562
34654
34703
34765
34782
34880
34914
34970
35042
35063
35090
35144
35190
35232
35339
35371
35459
35722
35829
35830
35831
35842
35844
35892
35905
36232
36314
36408
36489
36790
36923
36966
36969
37109
37145
37147
37153
37189
37218
37225
37245
37289
37346
37475
37567
37568
37608
37609
37672
37680
37768
37781
37782
37851
37885
38086
38201
38242
38260
38325
38331
38391
38491
38531
38533
38539
38572
38601
38716
38718
38787
38788
38834
38896
39019
39020
39041
39130
39131
39132
39133
39134
39223
39331
39419
39424
39514
39545
39586
39596
39599
39600
39601
39658
39779
39801
39832
39900
39978
40085
40096
40138
40139
40140
40143
40189
40210
40268
40296
40297
40298
40314
40408
40506
40528
40568
40588
40595
40596
40608
40640
40664
40700
40755
40837
40838
41010
41016
41129
41196
41205
41237
41273
41628
41634
41658
41661
41667
41709
41791
41882
41957
42018
42058
42690
42691
42693
42857
42870
42931
43069
43071
43072
43114
43552
43564
43565
43616
43725
43772
43885
43886
43887
43888
43890
43958
43994
44241
44243
44244
44253
44361
44435
44436
44437
44618
44619
44621
44693
44768
44778
44779
45147
45278
45310
45432
45433
45440
45441
45442
45443
45445
45446
45771
45853
46083
46340
46376
46378
46491
46492
46493
46520
46620
46715
46716
46717
47016
47065
47107
47118
47313
47487
47507
47511
47691
47692
47694
47733
47734
47735
47788
47847
47848
48044
48172
48339
48463
48464
48483
48747
48891
48892
48893
48915
49027
49040
49136
49160
49181
49182
49183
49248
49374
49573
49654
49738
49740
49803
49818
49827
49828
49829
49830
49936
49988
49989
49990
50112
50320
50531
50569
50632
50692
50693
50731
50732
50754
50786
50814
50900
50907
51236
51361
51386
51433
51572
51626
51627
51649
51695
51742
51743
51744
51787
51849
51892
51964
51965
51967
52009
52132
52316
52457
52472
52481
52576
52577
52578
52605
52677
52764
52777
52778
52781
52788
52796
52804
52819
52860
52972
53067
53113
53229
53267
53274
53350
53351
53357
53400
53446
53461
53511
53542
53599
53664
53677
53714
53761
53793
53855
54132
54155
54251
54271
54392
54393
54465
54472
54493
54553
54567
54669
54718
54760
54808
54858
54922
54959
55135
55136
55137
55147
55148
55149
55185
55208
55281
55286
55322
55332
55356
55409
55516
55518
55529
55679
55760
56204
56295
56497
56499
56501
56502
56503
56732
56733
56734
56735
56773
56791
56972
57219
57290
57464
57509
57755
57756
57784
58021
58049
58058
58060
58061
58062
58131
58305
58306
58308
58400
58427
58499
58500
58730
58779
58780
58781
58873
58874
58955
58970
59393
59520
59547
59567
59583
59617
59642
59643
59644
59664
59665
59666
59730
59871
59889
59893
59895
59896
59941
60035
60176
60239
60240
60338
60340
60341
60358
60359
60360
60553
60637
60679
60746
60747
60748
60749
60755
60889
60946
61012
61089
61270
61271
61273
61368
61490
61573
61741
61742
61743
62221
62313
62314
62528
62529
62804
62847
62934
62935
62982
63078
63180
63243
63281
63511
63512
63595
63610
63676
63777
63958
63959
63969
63970
64350
64370
64371
64372
64373
64406
64445
64447
64509
64558
64611
64613
64619
64621
64732
64733
64735
64758
64935
64959
64960
64961
65137
65138
65139
65217
65279
65283
65367
65368
65423
65424
65425
65439
65746
65750
66042
66048
66095
66097
66324
66578
66631
66870
67056
67057
67066
67067
67068
67069
67130
67336
67478
67513
67599
67643
67646
67647
67648
67733
67734
67846
67879
67880
68163
68280
68430
68453
68454
68487
68531
68603
68621
68640
68820
68821
69055
69056
69146
69308
69384
69385
69386
69508
69539
69540
69542
69562
69563
69588
69589
69716
69758
69759
69847
70012
70068
70233
70317
70456
70468
70771
70862
71022
71028
71039
71040
71041
71065
71066
71102
71120
71268
71329
71357
71367
71382
71450
71458
71497
71552
71578
71621
71669
71747
71868
71894
71950
72026
72040
72062
72420
72424
72425
72426
72427
72474
72496
72497
72498
72502
72504
72505
72506
72745
72880
73043
73045
73046
73055
73056
73057
73058
73059
73060
73061
73067
73069
73070
73262
73267
73279
73343
73415
73528
73529
73549
73646
73653
73701
73702
73703
73704
73705
73707
73857
73858
73911
73936
74071
74168
74204
74467
74596
74685
74804
74858
74900
75178
75214
75218
75225
75226
75227
75487
75488
75505
75571
75691
75692
75693
75738
75770
75771
75772
75814
76231
76513
76514
76516
76517
76631
76837
76963
76987
76988
77270
77271
77272
77273
77274
77275
77279
77304
77403
77701
77703
77846
77902
78141
78184
78199
78200
78201
78402
78637
78638
78639
78640
78641
78741
78742
78753
78754
78830
78831
79003
79218
79220
79227
79230
79395
79451
79453
79511
79613
79614
79820
79920
80202
80247
80248
80278
80487
80496
80497
80538
80550
80551
80615
80640
80719
80762
80763
80908
80909
81011
81139
81144
81245
81326
81413
81424
81425
81426
81535
81536
81614
81766
81811
81972
81973
81979
82003
82077
82309
82370
82404
82561
82594
82649
82663
82666
82667
82670
82671
82765
82766
82788
82789
82840
82841
82842
83140
83283
83284
83341
83586
83588
83620
83654
83717
83718
83899
83901
83905
83946
84008
84009
84030
84102
84311
84393
84685
84719
84720
84721
84736
84899
84911
84968
84969
85238
85245
85249
85301
85366
85367
85368
85742
85743
85768
85844
85936
86255
86327
86561
86562
86575
86724
86773
86804
86834
86889
86938
86939
87003
87004
87005
87062
87069
87096
87184
87299
87494
87525
87546
87720
87836
88185
88269
88270
88271
88345
88399
88419
88446
88710
88711
88749
88750
88766
88886
88939
89131
89193
89227
89413
89459
89460
89507
89519
89574
89628
89629
89663
89767
89826
89845
89881
90018
90115
90147
90229
90293
90455
90480
90484
90584
90585
90586
90587
90588
90761
90775
90905
90906
91000
91143
91340
91341
91342
91424
91426
91587
91656
91657
91658
91698
91699
91701
91702
92373
92376
92377
92406
92407
92408
92409
92538
92566
92567
92568
92722
92892
92957
93054
93055
93061
93121
93188
93305
93306
93307
93625
93654
93787
93788
93789
93790
93905
93993
93994
94007
94037
94248
94484
94551
94552
94638
94639
94640
94728
94800
94801
94882
94921
94945
94946
94947
94968
94969
95015
95166
95215
95233
95364
95368
95406
95418
95440
95488
95642
95813
95821
95901
95954
96073
96104
96123
96124
96154
96418
96516
96543
96552
96553
96565
96567
96568
96603
96707
96709
97525
97578
97738
97909
97910
97911
97913
98002
98003
98004
98173
98299
98303
98578
98732
98836
98902
98982
98983
98984
99091
99093
99265
99312
99315
99316
99335
99376
99377
99378
99400
99449
99651
99653
99772
99780
99786
99811
100098
100099
100100
100101
100176
100229
100230
100264
100634
100635
100636
100637
100787
100869
100870
100941
100988
100989
101004
101119
101333
101826
101827
101828
101850
101854
102238
102274
102307
102311
102330
102331
102332
102333
102515
102577
102583
102584
102586
102704
102718
102930
103010
103011
103012
103075
103168
103169
103170
103393
103394
103395
103414
103416
103434
103435
103540
103543
103559
103565
103583
103670
103731
103732
103733
103734
103735
103736
103776
103798
103802
103804
103805
103857
103940
103956
104232
104351
104632
104685
104700
104735
104766
104770
104771
104772
104944
104945
105043
105099
105180
105231
105232
105233
105234
105367
105401
105425
105426
105543
105544
105627
105638
105651
105858
105882
105887
105888
105898
105909
105918
105957
105986
106129
106130
106303
106358
106395
106406
106428
106468
106573
106595
106699
106746
106766
106805
106813
106873
107084
107119
107133
107233
107270
107283
107307
107486
107490
107595
107645
107646
107670
107671
107677
107715
107760
107772
107817
107881
107948
107972
107997
108016
108068
108075
108136
108276
108277
108322
108331
108332
108356
108450
108470
108497
108517
108520
108553
108561
108590
108639
108666
108686
108687
108796
108802
108824
108940
109093
109094
109291
109292
109417
109519
109580
109591
109734
109737
109959
109960
109961
110084
110131
110132
110133
110267
110269
110270
110481
110566
110651
110652
110653
110808
110809
111092
111471
111473
111474
111726
111782
111783
111784
111785
111786
111873
111914
111915
111916
111917
112054
112055
112056
112057
112058
112176
112286
112480
112482
112483
112484
112486
112487
112608
112724
112725
112726
112727
112728
112737
112809
113138
113210
113372
113377
113671
113818
113969
113970
114017
114028
114067
114087
114104
114105
114215
114217
114331
114559
114560
114561
114562
114610
114611
114640
114654
114655
114764
114770
114771
114785
114786
114787
114788
114789
114848
114943
114945
114956
114975
114976
115033
115096
115168
115169
115170
115171
115194
115213
115214
115215
115216
115218
115219
115222
115443
115446
115448
115479
115508
115533
115534
115535
115728
115729
115730
115829
115872
115893
116052
116083
116131
116159
116271
116313
116321
116323
116378
116379
116382
116393
116481
116608
116609
116623
116678
116728
116826
116870
116871
116892
116947
116958
116961
116962
116963
116964
117100
117101
117102
117103
117293
117321
117322
117323
117324
117361
117376
117377
117378
117380
117384
117469
117582
117592
117593
117595
117596
117597
117610
117649
117677
117678
117679
117680
117681
117766
117772
117773
117785
117969
118162
118199
118212
118213
118371
118372
118391
118419
118420
118519
118617
118683
118684
118715
118716
118717
118718
118750
118751
118792
118798
118803
118821
118822
118827
118860
118873
118900
118998
119000
119001
119002
119091
119092
119198
119287
119289
119356
119357
119358
119451
119496
119523
119553
119657
119691
119774
119876
119996
120030
120051
120107
120121
120239
120248
120249
120402
120403
120425
120439
120445
120487
120581
120582
120614
120673
120923
121000
121001
121024
121025
121073
121075
121076
121077
121156
121303
121433
121451
121454
121539
121647
121648
121754
121806
121915
121939
121996
122010
122022
122054
122105
122106
122111
122137
122167
122175
122176
122177
122201
122205
122206
122252
122269
122358
122387
122435
122522
122640
122694
122700
122741
122742
122768
122769
122870
122876
122877
122878
122879
122890
122911
122912
122913
122914
123000
123001
123029
123030
123080
123082
123110
123138
123159
123164
123267
123268
123297
123305
123404
123446
123453
123455
123472
123473
123522
123543
123565
123674
123702
123771
123772
123777
123795
123796
123808
123855
123875
123900
123912
123947
123958
123971
123997
124052
124054
124058
124062
124078
124092
124117
124121
124124
124151
124175
124198
124228
124229
124230
124231
124248
124253
124255
124427
124496
124518
124616
124617
124764
124772
124953
124961
124986
124996
125015
125016
125080
125108
125189
125190
125191
125192
125193
125240
125241
125256
125257
125258
125260
125261
125275
125292
125313
125404
125469
125470
125523
125524
125525
125526
125527
125747
125825
125827
125832
125936
126037
126187
126221
126243
126271
126276
126277
126278
126279
126364
126388
126497
126526
126527
126528
126529
126531
126617
126733
126772
126773
126822
126823
126837
126847
126859
126924
126978
127021
127072
127083
127099
127181
127182
127296
127297
127298
127300
127306
127438
127449
127456
127459
127468
127469
127557
127584
127586
127607
127608
127781
127782
127790
127793
127811
127840
127904
127906
127957
127958
127960
127961
128011
128128
128129
128130
128132
128133
128135
128136
128181
128262
128273
128395
128406
128407
128408
128461
128485
128550
128552
128699
128731
128754
128952
128960
128961
128997
128998
128999
129034
129043
129109
129111
129181
129258
129259
129287
129288
129289
129325
129326
129328
129335
129336
129339
129367
129378
129403
129404
129405
129406
129414
129436
129443
129454
129455
129457
129493
129495
129496
129497
129498
129509
129561
129562
129563
129590
129600
129612
129613
129614
129615
129843
129844
129845
129851
129884
129916
129927
129974
129977
129978
129979
130000
130009
130027
130041
130048
130052
130085
130153
130154
130155
130294
130301
130358
130431
130551
130561
130563
130564
130591
130656
130658
130718
130720
130722
130723
130751
130814
130821
130878
130883
130889
130901
130902
130903
130944
131019
131051
131118
131132
131173
131174
131203
131204
131210
131211
131289
131397
131520
131528
131555
131642
131643
131674
131676
131719
131755
131759
131796
131841
131842
131844
131880
131911
131912
131913
131914
131939
131940
132022
132069
132105
132106
132111
132112
132228
132229
132267
132269
132315
132335
132345
132359
132360
132388
132390
132446
132484
132526
132537
132579
132580
132644
132645
132679
132688
132689
132719
132793
132798
132813
132819
132820
132854
132945
132949
133021
133022
133119
133162
133176
133202
133259
133260
133261
133282
133288
133306
133307
133312
133328
133329
133409
133508
133543
133653
133656
133667
133676
133696
133697
133729
133730
133747
133776
133777
133807
133811
133841
133850
133859
133872
133928
133967
133985
133996
134011
134026
134048
134052
134094
134095
134098
134137
134144
134145
134183
134227
134228
134231
134245
134250
134254
134260
134265
134275
134296
134361
134363
134364
134378
134379
134422
134432
134437
134438
134441
134443
134444
134453
134457
134500
134522
134550
134552
134588
134589
134590
134591
134592
134605
134613
134614
134615
134616
134638
134802
134817
134927
135004
135015
135052
135054
135056
135102
135103
135104
135105
135117
135136
135137
135138
135139
135156
135157
135158
135159
135160
135161
135162
135210
135212
135213
135215
135216
135240
135249
135250
135251
135252
135413
135438
135508
135582
135583
135585
135606
135648
135666
135738
135766
135767
135768
135794
135795
135865
135920
135921
135922
135977
135988
135996
136046
136058
136119
136120
136121
136130
136203
136214
136337
136376
136390
136391
136392
136393
136472
136541
136569
136570
136571
136572
136574
136606
136607
136608
136620
136621
136622
136623
136624
136648
136683
136684
136702
136705
136859
136861
136862
136864
136900
136901
136906
136908
136938
136939
136940
136962
137034
137035
137063
137064
137065
137153
137156
137164
137223
137376
137440
137493
137494
137514
137520
137521
137574
137575
137582
137663
137713
137714
137723
137735
137736
137738
137748
137764
137772
137780
137839
137859
137863
137864
137893
137906
137924
138018
138019
138020
138028
138029
138060
138085
138086
138088
138164
138165
138178
138189
138190
138191
138193
138217
138218
138220
138309
138338
138347
138348
138369
138398
138408
138428
138434
138495
138497
138518
138541
138568
138573
138610
138626
138627
138663
138677
138682
138701
138710
138725
138775
138776
138784
138804
138811
138871
138872
138904
138912
138928
138949
138967
138977
138994
139009
139013
139014
139065
139066
139067
139073
139093
139144
139157
139158
139166
139167
139168
139237
139252
139262
139264
139296
139310
139311
139312
139313
139325
139326
139327
139348
139361
139402
139429
139452
139453
139504
139506
139528
139529
139594
139606
139607
139623
139625
139627
139629
139674
139682
139683
139726
139755
139756
139780
139781
139795
139800
139832
139854
139868
139873
139874
139931
139932
139967
139968
139976
139983
139994
139999
140000
140001
140011
140033
140054
140055
140062
140072
140129
140155
140180
140264
140319
140337
140356
140373
140380
140390
140391
140395
140399
140403
140424
140429
140433
140434
140449
140450
140515
140516
140620
140636
140637
140641
140642
140699
140706
140733
140742
140744
140767
140785
140788
140797
140842
140848
140858
140860
140889
140906
140958
140977
140986
141027
141028
141029
141038
141040
141042
141082
141083
141108
141109
141120
141130
141132
141142
141227
141245
141326
141327
141371
141382
141383
141384
141397
141452
141455
141456
141511
141513
141514
141523
141574
141579
141580
141581
141582
141629
141681
141682
141690
141746
141747
141748
141759
141760
141778
141785
141795
141796
141799
141802
141803
141826
141827
141833
141857
141859
141860
141861
141862
141919
141920
141922
141936
141944
141945
141965
142027
142030
142059
142132
142133
142134
142141
142142
142152
142180
142188
142198
142204
142205
142206
142208
142210
142213
142216
142255
142256
142279
142281
142300
142317
142319
142330
142343
142386
142391
142412
142478
142498
142499
142500
142516
142565
142580
142609
142633
142635
142654
142658
142659
142660
142661
142662
142663
142708
142712
142733
142772
142780
142781
142782
142826
142828
142830
142831
142887
142888
142900
142901
142908
142921
142923
142935
142949
142999
143003
143004
143005
143013
143127
143131
143132
143141
143142
143143
143144
143176
143177
143178
143222
143223
143246
143272
143313
143323
143379
143380
143381
143386
143388
143394
143395
143445
143499
143500
143506
143520
143521
143541
143542
143543
143545
143546
143599
143634
143635
143657
143702
143712
143732
143734
143737
143752
143816
143847
143848
143850
143852
143861
143862
143863
143865
143898
143914
143915
143974
143982
143992
144014
144024
144047
144048
144107
144114
144121
144162
144163
144165
144198
144199
144216
144226
144241
144249
144263
144272
144327
144332
144340
144373
144399
144403
144482
144506
144536
144611
144613
144651
144669
144671
144672
144676
144690
144692
144693
144694
144708
144712
144852
144853
144866
144899
144959
145025
145030
145045
145046
145065
145102
145103
145115
145151
145156
145217
145218
145229
145230
145262
145266
145268
145295
145330
145340
145357
145360
145361
145383
145385
145387
145395
145397
145418
145419
145423
145442
145443
145520
145531
145532
145535
145539
145565
145566
145603
145627
145631
145650
145666
145680
145685
145704
145712
145714
145719
145749
145754
145759
145814
145868
145869
145895
145906
145918
145926
145927
145928
145952
145963
145964
145968
145977
145979
145993
145998
146001
146015
146044
146061
146078
146088
146122
146138
146146
146151
146153
146170
146171
146176
146189
146190
146198
146214
146234
146279
146280
146288
146289
146290
146311
146312
146322
146366
146378
146389
146390
146392
146413
146419
146449
146464
146465
146482
146484
146485
146512
146554
146570
146571
146573
146574
146575
146603
146604
146607
146615
146659
146681
146684
146722
146741
146748
146749
146850
146862
146864
146871
146879
146893
146926
146930
146971
146977
146987
147002
147043
147059
147061
147085
147088
147091
147092
147149
147153
147175
147180
147199
147233
147246
147323
147357
147371
147401
147414
147420
147444
147475
147492
147511
147556
147558
147559
147570
147571
147573
147640
147690
147724
147745
147760
147773
147826
