544
650
651
1276
1659
1741
2096
2160
2233
2234
2486
3066
3109
3448
3556
4259
4260
4261
4631
5080
5385
5582
5744
5874
6180
6349
6350
6351
6493
7947
8287
8514
9154
9193
9194
9352
9353
9354
10390
10568
10683
10684
10685
10686
10793
10794
11214
11215
11426
11427
12775
13652
14363
14981
16248
16249
17107
17324
17441
17797
17845
18130
18131
18439
18588
18884
20592
20846
20937
21227
21228
21866
22377
22729
23916
23917
25616
25789
27236
27737
27980
28196
28607
28740
28741
28825
29439
29464
29786
30132
31898
32711
33410
33411
35028
35341
36313
36449
36651
36652
37133
37134
37135
40288
41969
44696
45629
48287
48636
50095
50144
50145
50620
50621
50622
51774
53679
54855
56951
56952
56953
62051
63926
63927
64555
66581
66667
68428
69886
70733
71435
71436
71437
72031
73754
74560
74606
75521
76235
76342
76938
77236
77237
77238
77239
77240
78137
81386
83315
85643
86005
88350
88351
89421
89422
89668
89762
90061
90062
90063
90142
90196
90523
91269
92844
92873
93250
94200
94434
94828
95040
95246
95247
95773
95832
96428
96429
97776
98585
98586
98587
98588
99793
99794
100308
101163
101478
101805
104459
104969
105116
105117
105118
105143
105291
105292
105293
105294
105348
105349
106075
106288
106626
106859
107106
107217
108320
108493
108548
109073
109074
109075
109076
109090
109455
109456
109457
109458
109709
109710
110100
110513
111484
111523
111524
113201
113202
113203
113204
113205
113206
113852
113853
114758
114759
115652
115684
115685
116520
116995
117105
117106
117107
117139
117140
117522
119066
119119
119187
119401
119985
120141
120440
120441
120442
120443
120514
120616
120617
120857
121038
121595
122082
122274
122292
122644
122645
122646
122790
123042
123482
123642
123739
123784
123913
123950
123975
124043
124125
124442
124597
124902
125701
125736
125737
125738
125739
125741
126159
126456
126457
126458
126459
126473
126537
126966
126989
127330
127447
127612
128285
128441
128467
128468
128469
128470
128571
128572
128629
128918
129032
129151
129301
129302
129411
129484
129485
129486
129664
130182
130642
130643
130779
130848
131027
131047
131048
131077
131078
131079
131422
131597
131734
131735
131982
131983
132175
132275
132407
132474
132575
132610
132678
132736
132782
132989
132991
133206
133246
133247
133378
133555
133706
133786
134018
134022
134318
134399
134525
134708
134726
134727
134728
134729
134825
134923
134924
135313
135373
135375
135376
135377
135760
135986
136016
136085
136200
136398
136458
136459
136460
136742
136841
136842
136843
136844
136846
136847
136848
137193
137251
137265
137266
137425
137560
137599
137601
137729
137790
137836
137928
138168
138430
138523
138553
138991
139239
139240
139492
139858
139898
139899
139947
139978
139981
140042
140118
140197
140236
140237
140251
140363
140371
140438
140555
140628
140662
140806
140812
140836
140854
140908
141054
141266
141267
141268
141269
141531
141869
141934
141995
142032
142060
142110
142127
142395
142450
142451
142603
142646
142647
142648
142649
142650
142651
142991
142992
142993
143130
143147
143187
143331
143549
143555
143595
143596
143625
143735
143888
143889
143907
144022
144110
144143
144392
144454
144469
144478
144528
144540
144674
144916
144934
145074
145083
145087
145140
145349
145350
145453
145622
145623
145676
145735
145736
145737
145751
146209
146292
146293
146313
146315
146426
146712
146820
146835
146902
146948
146954
146990
147060
147121
147139
147286
147482
147501
147528
147547
147649
147787
