47
105
113
120
127
158
161
187
206
211
212
278
279
284
300
314
315
316
395
421
428
429
431
474
484
512
521
526
537
538
540
565
567
572
603
614
656
665
694
714
759
796
837
858
859
860
862
863
906
955
957
962
977
978
993
996
997
1050
1056
1072
1084
1093
1119
1128
1131
1146
1164
1168
1203
1204
1214
1218
1220
1246
1247
1248
1249
1279
1280
1281
1282
1283
1398
1403
1425
1426
1428
1446
1447
1449
1506
1546
1566
1581
1582
1583
1584
1585
1586
1587
1588
1589
1665
1672
1699
1700
1701
1721
1808
1861
1893
1894
1903
1959
1976
1977
1978
2043
2055
2056
2057
2068
2069
2070
2086
2095
2169
2199
2207
2212
2240
2241
2242
2243
2258
2273
2286
2321
2322
2323
2324
2325
2326
2327
2338
2389
2448
2484
2500
2501
2502
2514
2515
2516
2537
2540
2541
2542
2543
2560
2561
2562
2564
2600
2604
2605
2606
2619
2824
2825
2826
2836
2837
2884
2885
2886
2916
2917
2960
2973
2996
3004
3005
3007
3008
3021
3035
3036
3043
3044
3053
3054
3072
3073
3074
3135
3138
3357
3358
3372
3373
3377
3379
3380
3491
3508
3557
3566
3678
3699
3728
3851
3852
3853
3854
3855
3907
3908
3909
3910
3912
3913
3914
3915
3916
3917
4004
4031
4116
4117
4118
4119
4120
4127
4128
4129
4130
4157
4158
4161
4210
4327
4328
4329
4330
4332
4337
4411
4412
4414
4415
4416
4417
4453
4454
4455
4505
4506
4507
4508
4519
4520
4562
4705
4706
4811
4812
4845
4846
4911
4912
4913
4915
4985
4986
4996
5068
5087
5119
5120
5327
5376
5381
5382
5401
5490
5491
5505
5633
5721
5748
5783
5799
5800
5822
5829
5854
5855
5915
5916
5917
5955
5956
5957
5962
5967
6021
6061
6071
6199
6214
6235
6269
6270
6274
6317
6398
6399
6400
6402
6403
6404
6509
6526
6548
6549
6550
6581
6591
6641
6709
6955
6964
6968
7057
7073
7080
7081
7082
7083
7084
7120
7121
7122
7189
7220
7230
7231
7232
7233
7235
7258
7285
7303
7304
7305
7466
7467
7468
7469
7489
7515
7520
7524
7525
7526
7527
7553
7554
7555
7556
7581
7582
7723
7726
7727
7728
7729
7751
7997
7998
7999
8000
8001
8009
8029
8052
8064
8065
8186
8204
8217
8218
8246
8279
8395
8469
8498
8499
8527
8574
8575
8576
8577
8672
8673
8712
8720
8771
8786
8807
8902
8936
9026
9027
9051
9054
9060
9101
9102
9160
9250
9255
9256
9257
9383
9389
9421
9453
9485
9540
9547
9568
9646
9650
9651
9652
9660
9760
9762
9786
9799
9841
9842
9843
9892
9940
9962
10002
10084
10085
10099
10205
10212
10293
10294
10295
10296
10517
10519
10520
10606
10631
10653
10654
10655
10656
10676
10750
10751
10752
10754
10755
10756
10776
10788
10980
10981
10982
10983
11001
11034
11062
11172
11200
11201
11203
11224
11277
11329
11369
11397
11398
11399
11400
11460
11467
11482
11483
11484
11548
11552
11553
11588
11750
11768
11769
11770
11771
11806
11846
11903
11904
11905
11906
11907
11908
11909
11947
12108
12109
12110
12115
12124
12144
12188
12234
12252
12253
12255
12256
12272
12281
12282
12283
12342
12369
12377
12427
12428
12429
12444
12447
12466
12570
12590
12591
12671
12708
12709
12710
12730
12783
12784
12822
12854
12855
12891
13151
13206
13253
13254
13255
13256
13257
13258
13326
13394
13408
13453
13550
13551
13552
13562
13589
13611
13651
13677
13696
13708
13748
13780
13781
13856
13957
13958
13959
14111
14112
14118
14119
14127
14161
14163
14182
14293
14308
14400
14526
14527
14671
14774
14802
14803
14861
14887
14934
15003
15097
15129
15146
15160
15195
15197
15198
15199
15200
15201
15220
15509
15532
15616
15617
15618
15619
15742
15743
15744
15745
15746
15782
15783
15784
15789
15866
15950
16186
16323
16324
16325
16412
16436
16437
16438
16440
16441
16442
16443
16542
16554
16555
16556
16561
16562
16563
16564
16565
16590
16654
16747
16748
16768
16769
16770
16771
16772
16775
16777
16778
16780
16781
16788
16795
16828
16850
16861
16862
16863
16864
16970
16971
16972
17062
17063
17064
17166
17372
17409
17410
17411
17412
17428
17429
17562
17607
17608
17955
17961
18008
18181
18221
18222
18245
18246
18293
18294
18295
18351
18390
18399
18401
18413
18443
18453
18558
18677
18683
18684
18685
18686
18687
18798
18861
18900
18902
18903
18932
18954
18955
18956
18957
18958
18976
18977
19050
19180
19187
19195
19196
19325
19423
19424
19425
19426
19427
19478
19524
19556
19690
19799
19836
19908
20044
20045
20095
20277
20278
20279
20298
20410
20411
20412
20413
20414
20501
20529
20606
20632
20817
20840
20880
20883
20948
20953
20954
20955
20956
20970
20971
20982
20994
21038
21039
21073
21130
21235
21303
21344
21449
21493
21518
21535
21551
21552
21614
21623
21624
21669
21734
21867
21868
21896
22147
22181
22182
22184
22185
22295
22349
22370
22430
22564
22580
22689
22767
22768
22769
23034
23326
23543
23574
23618
23619
23620
23621
23768
23780
23781
23782
23830
23852
23991
23992
23993
23994
23995
24039
24043
24046
24075
24077
24078
24095
24233
24234
24235
24236
24252
24253
24255
24370
24409
24410
24411
24506
24507
24508
24509
24550
24636
24637
24638
24821
24822
24823
24824
24932
24980
25112
25156
25158
25191
25192
25318
25574
25575
25577
25614
25770
25771
25772
25773
26017
26026
26027
26107
26108
26197
26198
26200
26201
26202
26204
26205
26206
26231
26232
26233
26234
26253
26295
26323
26324
26325
26338
26339
26340
26341
26356
26357
26358
26461
26504
26538
26543
26594
26595
26597
26762
26791
26792
26793
26794
26819
26952
27046
27213
27339
27340
27341
27342
27427
27428
27429
27474
27837
27886
27917
27941
27942
27972
27983
27985
27986
27987
28027
28386
28406
28407
28408
28447
28448
28449
28450
28451
28452
28548
28578
28687
28814
28836
28866
28897
28898
28899
28959
28960
28961
29108
29199
29200
29215
29216
29254
29302
29348
29349
29393
29407
29408
29409
29410
29411
29528
29700
29709
29723
29753
29754
29797
29891
30048
30077
30080
30081
30082
30107
30157
30210
30256
30257
30297
30333
30443
30511
30524
30569
30607
30786
30820
30902
30942
30963
30965
30986
31022
31150
31164
31762
31908
31909
31910
31911
32029
32030
32060
32102
32140
32141
32142
32150
32167
32312
32313
32314
32315
32316
32317
32318
32367
32398
32399
32401
32402
32483
32537
32547
32832
32833
32834
32835
32878
32890
33125
33126
33128
33129
33242
33243
33244
33443
33623
33797
33799
33875
33876
33877
33879
33975
34215
34428
34501
34571
34578
34579
34617
34632
34633
34634
34635
34636
34713
34946
35020
35114
35115
35116
35117
35199
35200
35201
35202
35203
35204
35205
35206
35207
35243
35249
35250
35397
35398
35399
35400
35401
35466
35467
35468
35490
35550
35674
35811
35852
35853
36081
36082
36083
36090
36091
36092
36246
36334
36375
36376
36516
36517
36518
36520
36522
36523
36625
36691
36693
36749
36753
36812
36813
36814
36815
36850
36867
37042
37043
37113
37121
37122
37214
37215
37216
37232
37241
37242
37413
37491
37618
37685
37697
37698
37699
37700
37749
37799
37800
37855
37856
37857
37975
37976
38051
38102
38103
38104
38210
38211
38370
38395
38407
38643
38707
38776
38789
38874
39175
39176
39325
39326
39327
39374
39375
39530
39610
39683
39684
39685
39686
39731
39742
39743
39747
39913
39914
39915
39916
39948
39992
40070
40262
40263
40264
40265
40281
40426
40427
40455
40490
40530
40694
40695
40696
40713
40714
41009
41050
41099
41168
41240
41301
41302
41303
41432
41433
41535
41593
41594
41595
41701
41753
41843
41885
41920
41921
41951
41992
42033
42137
42222
42291
42349
42393
42396
42465
42516
42561
42562
42563
42564
42565
42710
42711
42712
42838
42878
43074
43110
43111
43170
43186
43255
43256
43257
43258
43438
43440
43515
43741
43753
43754
43755
43756
43843
43900
44028
44141
44450
44451
44547
44753
44754
44755
44756
44799
44800
44801
44802
44803
44804
44805
45020
45171
45172
45198
45235
45236
45262
45375
45478
45479
45480
45481
45482
45483
45625
45626
45627
45687
45783
45805
45835
46061
46062
46218
46315
46396
46485
46486
46540
46541
46542
46543
46567
46684
46706
46844
46883
46984
46985
46986
47167
47182
47183
47198
47199
47200
47201
47243
47244
47245
47246
47249
47378
47379
47380
47381
47382
47383
47384
47386
47420
47421
47422
47473
47474
47475
47476
47961
48155
48157
48209
48609
48817
48818
48819
48820
48821
48899
48900
48901
49023
49024
49025
49026
49162
49243
49244
49331
49332
49454
49491
49492
49493
49580
49680
49777
49947
50237
50469
50470
50471
50511
50580
50581
50708
50709
50714
50741
50934
50965
50966
50967
51039
51057
51058
51105
51106
51127
51481
51482
51513
51561
51604
51605
51909
51910
51928
51933
52050
52265
52327
52365
52366
52367
52521
52529
52801
52886
52887
52963
53075
53093
53120
53214
53215
53272
53376
53377
53378
53379
53451
53452
53453
53579
53594
53595
53627
53663
53689
53703
53834
54007
54008
54109
54111
54113
54188
54189
54216
54229
54284
54597
54623
54646
54724
54725
54726
54727
54754
54755
54888
54900
54976
55032
55178
55231
55232
55273
55331
55351
55361
55503
55541
55590
55700
55731
55880
55881
55925
55926
56041
56081
56111
56118
56119
56160
56608
56609
56610
56611
56612
56640
56727
56728
56729
56730
56746
56747
56748
56841
56842
56843
56844
56897
56898
56899
56900
56901
56902
57021
57065
57349
57351
57369
57370
57371
57372
57417
57418
57750
57914
57950
57959
57960
57961
57962
57971
57972
57973
57984
58113
58238
58239
58240
58241
58242
58244
58247
58311
58357
58664
58703
58707
58762
58809
58822
58823
58824
58825
58871
58872
58932
58933
58934
58935
58936
58937
59213
59214
59215
59216
59298
59368
59369
59371
59620
59645
60114
60193
60432
60469
60470
60471
60472
60533
60610
60718
61138
61183
61194
61195
61205
61472
61474
61531
61740
61928
61930
62158
62263
62337
62591
62623
62936
62937
62938
63138
63139
63242
63274
63380
63548
63549
63550
63551
63552
63553
63705
63820
63821
63822
63901
63902
63903
63904
63905
63932
64111
64112
64113
64245
64279
64280
64281
64282
64283
64284
64453
64462
64570
64942
65016
65072
65131
65325
65477
65892
65893
65894
65916
66025
66026
66027
66127
66128
66129
66172
66180
66181
66252
66253
66254
66255
66365
66366
66367
66384
66406
66421
66422
66582
66617
66669
67010
67073
67074
67075
67076
67251
67276
67280
67281
67370
67379
67487
67488
67519
67656
67672
67673
67697
68003
68065
68139
68178
68233
68358
68668
68710
68711
68741
68742
68796
68892
69045
69046
69047
69048
69049
69095
69123
69124
69125
69136
69137
69331
69377
69478
69479
69811
69963
69964
69965
70021
70046
70206
70316
70350
70431
70452
70453
70454
70482
70576
70703
70715
70739
70740
70803
70841
70877
70880
70887
70955
71303
71417
71456
71582
71601
71605
71624
71685
71737
71748
71765
71772
71787
71789
71854
71889
71915
71916
72027
72056
72086
72087
72088
72089
72097
72102
72212
72213
72295
72355
72393
72394
72395
72396
72397
72398
72527
72556
72563
72581
72680
72750
72822
72958
73024
73025
73026
73027
73331
73469
73470
73471
73629
73891
73892
73987
73988
73989
73990
73991
74196
74197
74198
74199
74200
74201
74202
74328
74329
74330
74331
74601
74608
74647
74755
74756
74757
74971
75109
75129
75130
75609
76268
76269
76343
76519
76794
76967
77071
77072
77073
77366
77566
77712
77760
77761
77762
77780
77781
77782
77783
77784
77889
77905
77997
77998
77999
78108
78357
78561
78607
78609
78656
78673
78681
78682
78683
78786
78787
78798
78986
78987
78988
78989
78996
79062
79065
79067
79068
79293
79300
79456
79459
79460
79528
79529
79530
79531
79755
79762
79868
79869
79870
79871
79872
79996
79997
79998
80193
80194
80195
80196
80360
80361
80362
80363
80364
80365
80390
80656
80657
80658
80734
80746
81182
81205
81489
81641
81659
81896
81953
82057
82058
82059
82060
82061
82062
82063
82064
82283
82474
82475
82476
82477
82581
82583
82643
82679
82680
82906
82907
82908
82909
82910
82911
82912
83011
83141
83142
83233
83263
83362
83388
83389
83415
83416
83495
83576
83626
83884
83885
83943
83944
83945
84091
84092
84093
84134
84135
84136
84137
84138
84139
84292
84293
84294
84295
84296
84378
84681
84682
84796
84890
85240
85241
85259
85260
85297
85298
85344
85383
85384
85385
85386
85389
85401
85402
85453
85454
85480
85483
85484
85518
85519
85590
85594
85595
85644
85704
85705
85735
85919
86032
86229
86230
86366
86367
86425
86455
86467
86494
86760
86761
86762
86767
87067
87113
87131
87383
87384
87420
87459
87474
87636
87909
87910
87923
87942
87943
87973
87998
88059
88082
88260
88434
88483
88485
88600
88668
88856
89121
89155
89212
89280
89481
89509
89514
89532
89621
89693
89712
89728
89863
89895
89958
89965
89970
89999
90000
90001
90051
90064
90067
90077
90141
90149
90157
90170
90171
90183
90204
90207
90240
90249
90264
90296
90297
90333
90352
90353
90366
90367
90368
90418
90449
90451
90457
90469
90475
90476
90481
90513
90526
90614
90615
90616
90617
90621
90811
90812
90813
90814
90815
90816
91088
91089
91090
91091
91286
91297
91370
91489
91579
91950
91951
91953
91954
92103
92229
92238
92239
92240
92241
92243
92311
92572
92591
92675
92676
92677
92678
92736
93241
93863
93874
93875
93876
93877
93921
93922
93923
93924
93925
94051
94201
94237
94238
94239
94412
94435
94531
94532
94533
94534
94535
94536
94677
94679
94733
94753
94830
94886
94973
95141
95299
95378
95570
95571
95588
95737
96041
96101
96102
96233
96520
96574
96584
96608
96810
96811
96812
96813
96952
96953
96954
97217
97219
97220
97221
97222
97276
97336
97349
97366
97469
97470
97471
97472
97540
97541
97542
97543
97565
97566
97627
97741
97861
98092
98093
98125
98126
98308
98350
98464
98465
98466
98467
98468
98469
98527
98599
98613
98614
98643
98956
98990
99027
99073
99074
99239
99241
99275
99303
99421
99422
99423
99424
99425
99426
99548
99574
99617
99623
99881
99938
99939
99940
99941
99942
100052
100239
100284
100285
100309
100462
100463
100464
100508
100509
100510
100561
100590
100598
100601
100649
100693
100706
100707
100708
100709
100726
100835
100880
100895
100896
100897
100898
100899
100900
100969
101040
101088
101125
101126
101127
101128
101153
101154
101155
101182
101191
101192
101193
101194
101197
101199
101213
101235
101467
101468
101469
101470
101471
101495
101496
101614
101616
101977
102113
102171
102172
102205
102345
102373
102414
102416
102417
102418
102430
102757
102758
102796
102797
102798
102860
102897
102945
102946
103204
103210
103367
103399
103400
103468
103469
103500
103501
103502
103523
103546
103547
103548
103551
103576
103585
103586
103781
103782
103849
103851
103866
103867
103961
103962
103963
103964
103966
103990
104024
104061
104069
104119
104158
104159
104161
104163
104164
104165
104166
104208
104330
104472
104473
104487
104488
104505
104506
104507
104508
104573
104613
104614
104638
104639
104701
104702
104703
104706
104707
104831
104891
104970
105319
105400
105424
105449
105450
105481
105496
105611
105612
105613
105677
105767
105785
105810
105829
105847
106007
106186
106195
106219
106343
106344
106345
106346
106362
106365
106366
106440
106441
106524
106533
106675
106851
106907
106930
106946
107042
107061
107104
107105
107130
107156
107157
107187
107231
107272
107273
107274
107275
107445
107478
107495
107508
107509
107601
107604
107647
107759
107807
107833
107892
107896
107897
108031
108153
108275
108282
108404
108408
108465
108476
108477
108527
108536
108565
108586
108588
108610
108638
108652
108677
108710
108711
108763
108768
108782
108803
108841
108848
108859
108879
108886
108922
108952
108957
108978
108988
108989
108990
109003
109057
109259
109393
109394
109395
109411
109507
109535
109552
109553
109554
109555
109556
109688
109689
109690
109691
109692
109694
109748
109749
109750
109751
109925
110023
110027
110034
110068
110104
110146
110287
110288
110289
110290
110291
110292
110447
110515
110533
110582
110615
110616
110617
110618
110763
110764
110765
110766
110767
110768
110825
110903
111026
111044
111185
111186
111187
111188
111189
111190
111191
111289
111290
111291
111292
111389
111390
111392
111393
111440
111442
111486
111545
111546
111547
111548
111638
111963
112005
112006
112007
112032
112033
112034
112035
112036
112037
112038
112039
112040
112069
112073
112126
112366
112367
112368
112369
112377
112436
112461
112462
112463
112464
112465
112466
112596
112720
112779
112780
112781
112927
112985
113065
113066
113067
113068
113069
113070
113071
113072
113073
113074
113111
113112
113113
113189
113449
113450
113454
113462
113466
113467
113468
113469
113470
113543
113568
113570
113657
113664
113701
113704
113705
113706
113707
113708
113709
113710
113778
113779
113780
113781
113782
113783
113787
113856
113857
113858
113859
113923
113967
113988
114033
114125
114219
114220
114221
114222
114223
114224
114225
114400
114574
114575
114683
114692
114772
114773
114774
114824
114825
114826
114827
114924
114925
114926
115260
115261
115262
115314
115315
115530
115532
115596
115721
115741
115755
115756
115757
115979
116001
116014
116041
116095
116115
116180
116226
116227
116429
116431
116432
116521
116671
116672
116673
116674
116688
116750
116786
116954
116975
116976
116977
116983
117013
117015
117016
117142
117143
117144
117145
117149
117173
117174
117283
117342
117628
117661
117726
117755
117798
117799
117800
117801
117802
117803
117860
117887
117888
117912
117923
117930
117952
117962
117986
118013
118014
118058
118268
118296
118314
118356
118357
118358
118359
118360
118381
118433
118515
118516
118517
118518
118534
118794
118905
118906
118907
118926
118927
118928
118932
118933
118934
118935
118936
118949
118950
118951
118952
118962
118963
118964
118965
118981
119044
119120
119138
119211
119235
119239
119240
119248
119430
119457
119470
119545
119600
119601
119634
119662
119753
119754
119759
119760
119761
119870
119910
119976
119977
120043
120044
120071
120076
120095
120104
120126
120127
120142
120287
120288
120289
120290
120291
120292
120293
120294
120388
120517
120518
120519
120520
120541
120544
120594
120595
120596
120597
120598
120600
120680
120754
120778
120802
120803
120804
120809
120810
120811
120873
120875
120901
120928
120946
120948
121015
121091
121162
121274
121300
121329
121330
121331
121418
121425
121426
121427
121435
121442
121495
121559
121560
121599
121673
121711
121727
121731
121787
121900
121934
122005
122015
122016
122017
122189
122190
122202
122203
122204
122253
122326
122327
122353
122374
122400
122401
122402
122407
122408
122409
122410
122411
122430
122431
122432
122433
122494
122513
122574
122586
122587
122588
122595
122606
122647
122670
122671
122672
122682
122693
122721
122722
122753
122792
122844
122845
122846
122860
122861
122893
122910
122944
122980
122981
122982
123013
123036
123072
123073
123086
123090
123116
123117
123141
123142
123148
123175
123178
123184
123245
123258
123363
123415
123416
123559
123581
123601
123602
123672
123697
123731
123812
123817
123820
123821
123822
123841
123851
123866
123887
123888
123889
123890
123902
123903
123904
123907
123930
123956
123993
123996
124028
124056
124064
124068
124069
124070
124138
124259
124266
124322
124326
124327
124328
124329
124389
124524
124526
124532
124543
124544
124545
124546
124547
124565
124567
124568
124570
124674
124675
124685
124848
124858
124891
124946
124947
124948
124995
125068
125091
125156
125157
125158
125206
125314
125315
125316
125358
125359
125391
125392
125393
125394
125395
125396
125445
125535
125536
125537
125668
125689
125744
125843
125847
125848
125849
125891
125892
125893
125894
125895
125896
125897
125970
125971
125972
125993
125994
125995
126012
126038
126039
126040
126041
126042
126044
126069
126073
126085
126086
126087
126088
126162
126202
126207
126212
126247
126334
126404
126406
126407
126408
126424
126425
126426
126437
126465
126466
126481
126491
126492
126493
126494
126495
126515
126533
126534
126535
126608
126622
126703
126705
126706
126707
126709
126710
126796
126860
126861
126862
126863
126864
126865
126866
126881
126900
126901
126902
126903
126904
126905
126906
126907
126937
126938
126939
126940
126941
126942
126943
126945
127023
127025
127026
127038
127080
127081
127112
127113
127114
127115
127164
127165
127166
127167
127168
127197
127201
127202
127203
127204
127205
127206
127208
127211
127216
127283
127331
127404
127405
127406
127409
127427
127428
127429
127430
127431
127432
127434
127486
127487
127489
127490
127534
127614
127619
127620
127621
127643
127644
127645
127649
127697
127737
127744
127745
127746
127801
127805
127835
127941
127988
128001
128016
128049
128054
128073
128074
128075
128076
128077
128078
128148
128196
128206
128241
128346
128347
128348
128384
128385
128416
128422
128456
128459
128460
128478
128522
128567
128598
128599
128600
128601
128602
128603
128604
128608
128617
128639
128640
128706
128877
128879
128934
128935
128945
128949
128965
128993
128994
129001
129004
129012
129013
129014
129026
129068
129112
129113
129114
129128
129129
129130
129135
129185
129234
129242
129248
129308
129358
129361
129362
129363
129372
129451
129452
129453
129469
129567
129643
129659
129660
129661
129662
129694
129695
129696
129733
129758
129811
129824
129825
129826
129875
129876
129877
129878
129880
129951
129960
129970
130103
130104
130105
130106
130108
130121
130122
130123
130124
130125
130130
130131
130132
130133
130136
130147
130148
130149
130150
130151
130152
130158
130192
130208
130223
130224
130225
130251
130285
130286
130318
130319
130320
130321
130333
130334
130335
130336
130337
130342
130383
130384
130389
130411
130424
130446
130453
130469
130478
130479
130481
130487
130504
130548
130659
130660
130661
130680
130696
130702
130703
130709
130732
130733
130734
130735
130787
130790
130792
130793
130798
130799
130800
130830
130831
130833
130849
130856
130865
130936
130958
130959
130960
130961
130962
131000
131001
131003
131004
131037
131043
131055
131056
131057
131058
131059
131060
131076
131086
131195
131208
131249
131302
131308
131343
131357
131359
131425
131455
131486
131514
131515
131516
131544
131636
131695
131696
131703
131704
131705
131706
131707
131725
131726
131773
131774
131778
131946
131947
131948
131949
131961
131965
131987
132000
132001
132009
132010
132095
132107
132127
132136
132138
132185
132186
132213
132252
132253
132288
132339
132476
132477
132478
132492
132493
132558
132618
132674
132675
132676
132677
132682
132683
132684
132696
132697
132708
132709
132749
132773
132821
132822
132869
132924
132981
132982
132983
132992
133017
133019
133020
133030
133031
133032
133044
133052
133066
133067
133129
133141
133142
133153
133168
133169
133170
133173
133174
133178
133188
133221
133224
133244
133290
133323
133324
133325
133336
133337
133338
133339
133340
133372
133373
133374
133375
133418
133422
133440
133456
133486
133487
133488
133495
133499
133500
133501
133518
133523
133551
133552
133562
133566
133576
133663
133669
133670
133671
133707
133712
133715
133735
133754
133766
133767
133805
133823
133846
133847
133873
133913
133929
133950
133951
133952
133953
133954
133992
134027
134032
134033
134036
134037
134038
134053
134063
134068
134076
134082
134096
134101
134102
134103
134113
134114
134125
134134
134139
134141
134149
134150
134168
134194
134199
134200
134224
134225
134226
134257
134264
134274
134291
134299
134314
134338
134339
134340
134397
134411
134420
134421
134452
134473
134476
134477
134481
134485
134486
134490
134492
134507
134535
134560
134561
134562
134593
134656
134657
134658
134659
134660
134703
134704
134753
134754
134756
134758
134759
134760
134787
134827
134828
134829
134864
134865
134867
134868
134869
134871
134872
134873
134874
134875
134876
134877
134879
134880
134898
134917
134950
134951
134952
134962
135066
135094
135168
135169
135170
135171
135172
135174
135175
135177
135182
135183
135184
135198
135253
135254
135285
135290
135291
135295
135378
135416
135434
135459
135460
135461
135462
135463
135487
135488
135489
135490
135491
135492
135494
135495
135514
135549
135550
135551
135552
135553
135557
135568
135570
135571
135617
135641
135650
135651
135652
135653
135654
135655
135657
135674
135676
135678
135679
135705
135782
135783
135828
135861
135862
135863
135868
135869
135870
135871
135872
135873
135876
135883
135884
135885
135886
135887
135897
135907
135925
135951
135952
135953
135954
135955
135979
136000
136001
136002
136004
136018
136105
136137
136139
136140
136179
136180
136181
136305
136307
136308
136309
136321
136322
136327
136329
136330
136331
136333
136357
136360
136373
136377
136378
136379
136380
136403
136404
136405
136406
136436
136477
136478
136479
136480
136493
136496
136497
136498
136499
136536
136538
136539
136588
136628
136629
136637
136697
136698
136727
136749
136750
136751
136752
136753
136756
136764
136788
136790
136819
136821
136822
136834
136835
136836
136837
136838
136839
136850
136851
136909
136910
136911
136920
136921
136922
136923
136924
136926
136927
136928
136929
136930
136931
136979
136987
136988
136989
136991
137010
137012
137048
137055
137068
137088
137090
137091
137093
137106
137107
137108
137112
137121
137137
137140
137147
137148
137149
137209
137210
137211
137212
137213
137215
137218
137280
137281
137282
137284
137303
137304
137306
137307
137311
137312
137314
137360
137361
137362
137363
137364
137389
137391
137392
137393
137395
137422
137451
137469
137471
137472
137473
137476
137477
137478
137479
137498
137499
137500
137501
137502
137530
137531
137532
137533
137535
137580
137621
137645
137646
137660
137661
137662
137681
137682
137684
137718
137719
137788
137796
137797
137799
137806
137807
137810
137815
137828
137829
137847
137873
137897
137909
137910
137922
137931
137932
137933
137951
137952
137953
137954
137960
137961
137962
137964
137965
137979
137980
137981
137982
137984
137989
137996
138007
138009
138024
138035
138036
138037
138038
138039
138040
138044
138056
138057
138068
138076
138077
138078
138101
138102
138103
138104
138121
138126
138127
138194
138195
138201
138208
138213
138223
138225
138226
138230
138231
138232
138238
138252
138257
138258
138259
138260
138327
138328
138329
138350
138424
138425
138426
138427
138437
138452
138453
138492
138498
138499
138500
138525
138526
138528
138536
138560
138561
138562
138564
138565
138570
138571
138582
138586
138587
138599
138600
138618
138646
138686
138687
138688
138691
138728
138740
138741
138750
138764
138765
138767
138774
138777
138812
138856
138857
138858
138896
138923
138935
138940
138941
138942
138943
138945
138951
138952
138953
138965
138997
139004
139005
139006
139061
139098
139099
139100
139112
139113
139121
139122
139123
139124
139125
139126
139128
139152
139153
139156
139164
139190
139191
139192
139198
139204
139205
139206
139220
139224
139225
139235
139253
139254
139259
139271
139275
139276
139277
139281
139286
139289
139290
139316
139324
139331
139384
139389
139390
139447
139449
139450
139451
139482
139483
139485
139486
139519
139525
139526
139530
139534
139547
139548
139563
139596
139597
139598
139599
139647
139648
139663
139700
139717
139718
139720
139721
139741
139742
139747
139748
139757
139771
139804
139812
139840
139846
139852
139857
139869
139870
139893
139933
139953
139974
139986
140002
140036
140066
140079
140080
140084
140105
140106
140114
140168
140176
140181
140182
140183
140184
140190
140198
140214
140215
140216
140217
140219
140225
140226
140227
140240
140252
140254
140255
140256
140257
140258
140287
140290
140298
140307
140308
140309
140310
140313
140347
140368
140372
140374
140375
140378
140427
140445
140452
140469
140472
140500
140564
140589
140591
140594
140599
140603
140604
140608
140609
140610
140634
140635
140646
140673
140674
140681
140708
140711
140718
140724
140734
140739
140740
140743
140750
140755
140756
140763
140846
140864
140865
140875
140885
140892
140893
140902
140905
140917
140920
140931
140960
140967
140993
140994
140995
140996
140997
140998
140999
141000
141003
141004
141006
141007
141025
141055
141133
141134
141153
141154
141155
141156
141172
141173
141174
141187
141188
141189
141193
141214
141216
141218
141231
141234
141241
141253
141254
141273
141288
141289
141290
141291
141310
141332
141359
141390
141398
141399
141400
141401
141403
141404
141406
141429
141447
141463
141470
141471
141472
141473
141474
141475
141482
141483
141484
141485
141489
141494
141495
141496
141497
141518
141525
141526
141527
141528
141530
141532
141544
141563
141569
141592
141594
141596
141597
141608
141609
141610
141612
141613
141614
141615
141620
141621
141622
141623
141649
141653
141655
141656
141678
141679
141695
141696
141697
141699
141706
141720
141721
141722
141723
141755
141767
141810
141812
141814
141815
141816
141823
141836
141837
141856
141886
141887
141888
141894
141904
141917
141937
141950
141959
141960
141962
141972
141981
141986
141987
141988
141996
142013
142049
142050
142063
142064
142072
142074
142082
142090
142091
142092
142124
142159
142160
142161
142174
142175
142194
142217
142219
142221
142260
142265
142266
142268
142286
142292
142315
142357
142359
142360
142361
142362
142363
142364
142365
142403
142404
142405
142406
142419
142422
142423
142424
142433
142436
142459
142486
142487
142488
142489
142490
142501
142508
142528
142529
142530
142532
142533
142534
142546
142567
142570
142571
142572
142592
142593
142606
142625
142637
142676
142677
142678
142679
142680
142682
142685
142686
142687
142693
142752
142771
142805
142806
142811
142813
142814
142840
142841
142842
142843
142845
142853
142854
142855
142856
142881
142891
142892
142893
142894
142912
142931
142952
142953
142954
142955
142972
142988
142989
142997
142998
143007
143008
143009
143010
143045
143046
143057
143066
143072
143074
143080
143097
143098
143099
143102
143103
143104
143105
143106
143114
143120
143189
143194
143198
143199
143201
143202
143232
143236
143237
143238
143239
143240
143273
143275
143280
143281
143298
143299
143300
143301
143314
143315
143316
143324
143325
143327
143328
143337
143339
143350
143361
143362
143373
143382
143398
143399
143401
143407
143414
143423
143465
143475
143479
143495
143496
143517
143518
143519
143523
143531
143532
143560
143571
143572
143573
143574
143587
143593
143594
143643
143653
143668
143673
143714
143719
143723
143730
143768
143769
143814
143829
143830
143831
143839
143843
143858
143859
143880
143887
143902
143920
143925
143931
143932
143935
143938
143939
143950
143951
143952
143953
143960
143961
143962
143979
143983
143984
143989
143990
143991
143995
143997
143998
144004
144009
144010
144019
144028
144029
144043
144054
144055
144080
144084
144093
144099
144100
144104
144131
144132
144136
144149
144150
144213
144237
144239
144240
144255
144256
144258
144265
144297
144308
144311
144315
144316
144319
144329
144330
144333
144346
144347
144352
144353
144354
144361
144386
144394
144395
144401
144404
144413
144422
144424
144430
144434
144436
144444
144475
144480
144499
144508
144511
144514
144522
144537
144538
144557
144579
144581
144582
144584
144586
144595
144602
144618
144620
144637
144662
144663
144664
144683
144704
144706
144725
144743
144744
144746
144758
144789
144796
144811
144813
144814
144816
144818
144829
144831
144832
144833
144856
144857
144859
144860
144885
144896
144897
144914
144957
144975
144976
144978
144986
144991
145002
145003
145005
145008
145011
145024
145036
145053
145059
145060
145061
145075
145084
145086
145089
145106
145110
145127
145143
145162
145165
145172
145189
145191
145212
145213
145214
145219
145220
145250
145251
145253
145258
145278
145279
145282
145299
145304
145306
145307
145308
145316
145325
145344
145374
145375
145390
145392
145420
145422
145427
145433
145434
145435
145436
145446
145447
145477
145478
145496
145513
145521
145522
145523
145545
145549
145550
145551
145552
145557
145559
145584
145587
145597
145604
145608
145609
145613
145614
145641
145643
145653
145654
145655
145656
145657
145658
145661
145662
145670
145671
145672
145675
145687
145692
145703
145730
145734
145763
145768
145770
145789
145850
145851
145853
145854
145859
145862
145863
145874
145878
145879
145881
145897
145898
145901
145903
145912
145913
145919
145920
145924
145925
145932
145935
145937
145938
145939
145943
145945
145946
145947
145948
145958
145973
145991
145992
146004
146005
146008
146009
146017
146018
146019
146027
146035
146041
146042
146052
146058
146070
146083
146087
146089
146093
146105
146107
146110
146158
146161
146162
146166
146173
146180
146206
146220
146221
146227
146233
146259
146263
146275
146276
146286
146291
146297
146299
146306
146323
146325
146329
146330
146345
146350
146360
146370
146371
146372
146381
146391
146406
146414
146418
146425
146432
146434
146435
146440
146441
146442
146450
146452
146453
146454
146456
146457
146471
146473
146474
146477
146478
146480
146486
146503
146505
146507
146509
146510
146516
146537
146538
146576
146577
146578
146593
146624
146625
146626
146628
146629
146666
146667
146668
146679
146692
146698
146701
146702
146703
146708
146716
146718
146737
146738
146740
146757
146758
146762
146786
146823
146824
146829
146830
146860
146875
146884
146885
146894
146895
146918
146931
146940
146941
146945
146949
146950
146956
146958
146959
146960
146979
146997
147004
147015
147018
147031
147050
147055
147068
147073
147075
147099
147104
147105
147124
147126
147127
147140
147168
147173
147176
147197
147207
147243
147251
147267
147269
147271
147283
147298
147299
147300
147314
147315
147329
147351
147353
147354
147391
147433
147434
147453
147461
147462
147464
147478
147479
147480
147485
147493
147495
147504
147508
147521
147525
147536
147553
147554
147593
147606
147621
147625
147629
147632
147639
147696
147730
147766
147768
147772
147780
147784
147799
147821
147844
