3713
5054
5056
5057
7369
8471
8838
8843
9261
10426
10539
11792
11794
11795
12156
12157
12159
14136
15230
15336
15579
15752
15753
16211
16713
16764
16765
16767
17803
17805
19624
20654
21067
21339
21920
21963
22571
23291
23490
23491
23710
26064
26226
26453
27210
27389
27408
27409
27410
27704
27707
27708
28126
28222
28788
29326
29418
30192
30258
30259
30260
30382
30578
31000
31076
31162
31178
31191
31209
31226
31232
31535
32044
32770
32869
32934
32935
32937
32938
32939
33007
33027
33193
33531
33533
33534
33535
33714
33718
34024
34115
34377
34448
34449
34450
34452
34453
34955
35227
36817
37083
37291
37293
37956
37958
38440
38472
38690
38692
39186
39191
39513
40158
40872
41002
41003
41004
41395
41420
41455
41456
41635
41706
41707
41870
41987
42100
42206
42297
42387
42422
42928
42977
43426
43427
43943
43944
44062
44420
44575
44576
44578
44579
44591
44681
45048
45111
45352
45753
46161
46324
46326
46327
46328
46470
46471
46836
46970
46972
46973
46974
47211
47436
47477
47478
47479
47811
48792
48793
48794
48795
48903
49075
49352
49582
49594
49851
49852
49853
49854
50094
50210
50211
50235
50380
50730
50963
51215
51216
51217
51274
51483
51487
51494
51542
51544
51545
51546
51658
51814
51815
52065
52093
52096
52190
52191
52237
52272
52273
52308
52727
52919
53207
53991
54015
54016
55125
55285
55348
56368
56518
56672
56717
56719
56720
56721
57097
57239
57381
58075
58167
58222
58712
58713
58714
58715
58716
59715
59716
59718
59719
59817
59917
60547
60705
60811
60846
60855
61351
61735
61767
61809
61861
61863
61864
61865
61943
61955
62124
62333
62570
62811
62813
62814
62892
62913
63338
63765
63817
63906
63907
63908
64076
64238
64240
64241
64243
64796
64798
64799
64813
64814
64915
65015
65504
65673
65698
65699
65700
65701
65715
66044
66168
66288
66369
66373
66374
66411
66688
66732
67178
67303
67383
67452
67916
67917
68219
68841
68842
68948
69198
69199
69335
69388
69389
69437
69908
70192
70205
70223
70224
70530
70572
70573
71361
71466
71885
71957
72148
72154
72194
72614
72649
72797
72798
72799
72801
72802
72803
73772
73918
74020
74661
75098
75234
75365
75366
75367
75480
75639
75876
76101
76700
76755
76756
76860
77325
77507
77714
77717
77813
77814
77955
78279
78563
78733
78950
78951
78953
78954
78955
79260
79544
79648
79650
79702
80613
80659
80661
80696
80698
80725
80820
80822
80823
80870
81101
81102
81103
81148
81329
81724
81817
82560
82916
82917
82918
83053
83055
83295
83409
83569
83570
83710
84028
84044
84045
84285
84635
84691
84692
84693
84739
85322
85711
85727
85754
86130
86157
86300
86432
86433
86485
86894
87129
87221
87247
87575
87674
87684
88062
88064
88123
88206
88287
88352
88353
88354
88380
88646
88802
88836
88854
88897
88911
89107
89128
89152
89153
89824
89908
89909
89910
89928
89929
89936
90005
90025
90969
90970
90972
91034
91036
91037
91058
91664
91748
92064
92065
92067
92068
92069
92176
92178
92439
92455
92457
92458
92998
93100
93102
93179
94288
94934
95091
95092
95261
95674
96182
96312
96313
96314
96453
96483
96621
96622
96623
96624
96774
97168
97453
97536
97588
97590
97592
97593
97755
98609
99180
99576
99577
99579
99580
99581
99750
99751
99752
99788
100033
100418
100552
100927
100928
101007
101074
101075
101076
101301
101310
101410
101690
101691
102035
102037
102148
102162
102280
102296
102450
102459
102525
102902
102903
103218
103831
103934
104028
104616
104987
105163
105337
105338
105339
105366
105542
105800
105875
106042
106067
106111
106486
106542
106599
106697
106947
106948
107088
107120
107294
107295
107533
107679
107687
107688
108012
108013
108070
108417
108418
108426
108435
108456
108806
108924
109304
109890
109973
109975
109976
109978
109979
110213
110226
110248
110500
110501
110503
111505
111506
111507
111508
111509
111911
112412
112413
112414
112415
112589
112590
113127
113128
113145
113556
113557
113558
113559
113560
113697
113698
113699
114183
114206
114359
114715
114767
115449
115450
115891
115903
115911
116206
116367
116368
116706
116708
116780
116936
117072
117141
117602
117654
118465
118931
118938
118939
119038
119055
119056
119057
119129
119660
119740
119849
119907
119908
119909
120173
120312
120332
120638
120653
120744
120970
121050
121051
121052
121236
121919
122038
122039
122052
122053
122391
122995
123124
123325
123495
123615
123867
123868
123933
123998
124049
124127
124475
124697
124737
124898
125084
125085
125361
125362
125672
126196
126231
126427
126429
126774
127005
127006
127007
127008
127838
128036
128037
128038
128270
128272
128558
128559
129116
129127
130729
130755
130758
131008
131546
131558
131747
132284
132285
132295
132738
133549
133834
133877
133972
134460
134654
134901
135609
135610
135928
136211
136365
136743
137084
137085
137818
137819
138063
139339
139593
141342
141752
143511
144123
145732
