633
754
954
1200
1253
1415
1613
1868
1916
1932
1956
2035
2084
2320
2658
2761
2770
2814
2815
2930
3202
3203
3204
3452
3453
3454
3526
3527
3649
3689
3746
3768
3941
3944
3945
3946
3947
4115
4164
4194
4354
4355
4356
4357
4358
4362
4404
4466
4722
4972
4980
5014
5015
5017
5135
5277
5331
5332
5438
5518
5830
5846
5877
6137
6250
6312
6344
6346
6347
6348
6391
6392
6396
6397
6423
6424
6426
6427
7143
7144
7145
7146
7159
7161
7199
7361
7362
7364
7365
7412
7806
7809
7819
7828
7952
7953
7963
8088
8213
8330
8333
8334
8335
8519
8617
8873
8874
8995
9087
9330
9376
9377
9668
9775
9776
9779
9907
9983
10020
10061
10115
10187
10256
10288
10618
10621
10622
10717
10740
10741
10744
10796
10798
10800
10805
10813
10843
10849
10850
10851
10959
11013
11026
11029
11030
11031
11032
11065
11117
11119
11293
11402
11685
11885
11935
11936
11938
11972
11973
12005
12006
12009
12184
12332
12334
12493
12494
12552
12598
12732
12903
12931
12967
12968
12969
12970
13102
13170
13483
13727
13907
14036
14166
14167
14459
14461
14922
14954
15464
15658
16064
16065
16066
16067
16332
16334
16336
16376
16567
16641
16643
16730
16731
16732
16755
16905
17071
17074
17157
17206
17240
17552
17553
17554
17555
17556
17557
17620
17622
17644
17646
17647
17776
17777
17778
17801
17802
17817
17818
17819
17972
17984
18147
18237
18238
18241
18242
18590
18591
18886
18888
19042
19163
19202
19360
19361
19447
19449
19770
20072
20138
20253
20532
20766
20888
20924
21012
21024
21148
21226
21253
21254
21267
21336
21357
21469
21526
21541
21667
21768
21947
22402
22535
22704
22707
22859
22861
23022
23025
23026
23028
23029
23030
23174
23396
23401
23488
23521
23550
23570
23603
23606
23739
23740
23741
23742
24080
24273
24503
24504
24505
24575
24647
24648
24649
24650
24659
24660
24800
24928
24929
24930
24985
25281
25562
25752
26123
26124
26192
26194
26693
26757
26879
27029
27139
27325
27356
27358
27359
27481
27725
27773
27774
27903
27909
27948
27950
27952
27953
28102
28160
28469
28647
28768
29379
29606
29884
29974
29978
30092
30420
30435
30466
30673
30710
30729
30821
30955
31430
31432
31460
31813
32636
33018
33019
33021
33022
33058
33060
33061
33097
33212
33277
33386
33506
34009
34277
34333
34335
34365
34992
35065
35066
35067
35143
35145
35766
35845
36467
36468
36469
36500
36547
36645
36729
36730
37190
37191
37290
37391
37392
37422
37564
37673
37674
37765
37865
38329
38330
38332
38639
38780
38989
39172
39174
39570
39577
39626
39693
39790
39986
39987
40063
40090
40163
40200
40318
40400
40444
40445
40446
40829
41111
41150
41176
41275
41755
41856
42015
42216
42278
43070
43603
43608
43995
44035
44040
44098
44107
44254
44255
44256
44622
44691
44694
45435
45642
46228
47659
47817
47818
47849
47952
47953
48087
48089
48090
49051
49090
49175
49992
49998
50359
50656
50657
50901
51113
51262
51263
51264
51362
51751
51821
52026
52109
52616
52704
52762
52763
52765
52805
52845
52884
52964
53162
53394
53669
53670
53727
53764
53863
54331
54664
54854
55139
55719
55722
55749
56026
56498
57340
57341
57342
58303
58652
58778
59220
59358
59359
59395
59397
59936
59937
60819
60892
60893
60993
61269
61569
61570
61571
62202
62323
63157
63158
64845
65110
65124
65126
65133
65259
66699
67096
67963
67964
68714
68871
68872
69063
69791
69922
70278
70459
70548
70936
71073
71394
71444
71445
71547
72238
72742
72891
73509
76381
76512
76581
76583
77381
77730
79357
79358
79616
81357
81358
82151
82578
82585
82634
84370
84372
84373
85163
86492
87911
88176
88559
88636
89782
90758
90760
95645
96230
96231
99781
101446
102300
102302
105469
106381
106382
107527
107959
108443
108902
109293
115250
116247
116330
120342
120687
121865
122618
130562
131401
132232
132268
132834
133535
133848
134211
134342
134806
134807
134809
134810
134811
135576
135577
138817
138819
139216
139218
139969
140073
140113
140266
141131
141440
141453
141506
141508
141775
141858
142078
142131
142243
142298
142376
142475
142643
142829
143025
143477
143619
143620
143621
143623
143624
143700
144037
144038
144058
144059
144113
144259
144261
144612
144670
144736
144767
144768
144769
144771
144773
144942
144943
144971
144973
145054
145468
145497
145533
145776
145797
145817
145848
145889
146071
146073
146129
146150
146199
146232
146333
146368
146373
146383
146408
146409
146490
146596
146616
146792
146802
146810
146825
146827
146891
146911
146916
146978
146983
146988
146992
146994
146995
147003
147041
147130
147134
147143
147144
147224
147282
147439
147468
147469
147498
147499
147506
147507
147519
147523
147534
147548
147655
147659
147691
147702
147744
147755
147827
147865
147888
