301
547
601
652
653
655
788
790
1437
1486
1568
1743
2074
2164
2165
2189
2487
2488
2489
2490
2582
2601
2668
3069
3620
3680
3714
3715
4239
4908
4910
4939
5081
5386
5583
5584
5585
5694
5728
5745
5747
5918
5933
6024
6025
6263
7012
7093
7922
7944
8090
8091
8092
8093
8288
8289
8490
8557
8630
8794
8955
8956
9083
9314
9473
9474
9520
9794
9795
10007
10141
10889
11418
11837
11839
12257
12258
12259
12260
12461
12462
12463
12541
12542
12544
12580
12682
12865
13196
13460
13504
14023
14025
14631
14690
14822
15061
15062
15096
15101
15192
15489
15781
16152
16226
16385
16560
17189
17905
18148
18458
18459
18927
19121
19371
19372
19373
19374
19442
19830
20336
20507
20542
20593
20847
20859
20860
20984
20995
20996
21045
21723
21807
21880
21995
22062
22171
22378
22379
22728
22730
22731
23167
23168
23170
23171
24773
24775
24776
24779
25617
25618
25788
25790
25791
25792
26478
26480
27673
27738
27739
27740
27884
27885
27923
27979
28020
28021
28197
28231
28232
28754
29300
29465
29580
30690
31037
31693
31695
31897
31899
31900
32712
32713
32955
32958
32959
32960
32961
34788
35559
35569
35570
37344
37345
37347
38240
39238
39361
39824
39898
39899
39969
40266
40267
40499
40985
40986
40987
40988
41031
41596
41633
41680
41732
41806
42176
42466
43112
43115
43859
44695
44697
44698
44699
45225
45276
45277
45279
45444
45628
45630
45631
45873
46116
46246
47013
47014
47015
47758
48525
48549
48637
49652
49653
49839
50630
50631
50941
51772
51773
51966
52278
52479
52480
52869
53397
53398
53399
53509
53510
54464
54668
54957
54958
56834
58059
58128
58129
58130
58132
58775
58776
58777
59611
59667
60573
62048
62049
62050
62052
62053
62054
62072
62237
62312
62485
64554
64556
64557
64633
64734
65461
65474
65506
66159
66160
66659
67630
67695
67968
68393
68620
69110
69309
69310
69311
69967
70032
70112
70235
70389
70455
70734
71101
71499
71527
71671
72020
72029
72030
72136
73299
73463
73560
73706
73859
75002
75003
75039
75040
75541
75542
75656
75729
76236
76237
76238
76239
77269
77843
77844
77845
78138
78139
78140
78202
78533
78804
79217
79271
79365
79452
80410
80559
80592
80630
80781
80840
80841
80842
81753
81754
81755
82479
84316
85236
85237
85256
85274
85877
85918
85923
86006
86007
86396
86404
87438
87518
87563
87900
88051
88589
88991
89012
89256
89418
89594
89595
89805
89860
89861
90282
90361
90907
91265
91266
91267
91268
91270
91271
91272
92255
92374
92840
92841
92842
92843
92845
92846
93056
93251
93252
93391
93786
93976
93977
93978
93979
94194
94406
94407
94550
94567
94641
95441
95831
95833
96047
96935
97043
97196
97389
97883
98105
98172
99558
99662
99771
100512
100513
100638
100745
100746
100949
100977
101164
101476
101477
101669
101825
102306
102489
102585
102685
102982
104036
105214
105215
105806
105807
105808
105884
106334
106393
106394
106496
106832
106971
106972
107038
107215
107216
107359
107496
107971
108105
108161
108441
108504
108787
108932
109088
109089
109091
109092
110433
110435
110680
110921
111472
112581
113037
113038
113039
113379
113380
113381
113382
113609
113635
113968
114004
114043
114044
114045
114046
114058
114242
114322
114612
114784
114849
115036
115212
115447
115653
115654
115655
115898
116213
116322
116993
116994
116996
116997
117104
117470
117520
117521
117523
117524
117609
117613
117614
117615
117968
118211
118370
118685
118774
118823
119025
119278
119288
119656
120213
120486
120488
120489
120515
120606
120758
120862
120863
121041
121155
121259
121302
121304
121517
122935
122936
122937
122940
123053
123167
123168
123629
123725
123881
123911
123918
123974
124181
124306
124397
124440
124441
124598
124599
124600
124601
124936
124951
125259
125390
125815
126472
126474
126475
126477
126536
126538
126967
126968
126990
126991
127107
127299
127445
127446
127606
127732
127839
128213
128439
128440
128442
128551
128630
128776
128917
128919
128920
128959
129031
129033
129110
129430
129834
129994
129995
130882
130932
131403
131598
131710
131843
131879
131881
131952
131953
131959
132174
132389
132432
132483
132485
132783
132791
132792
133201
133380
133650
133945
134133
134179
134184
134297
134370
134474
134483
134551
134824
134826
135051
135312
135426
135509
135625
135754
135993
136084
136086
136087
136122
136201
136399
136544
136565
136573
136741
136974
137192
137194
137252
137347
137348
137491
137561
137576
137892
137905
138166
138167
138169
138227
138349
138429
139049
139050
139051
139068
139069
139595
139680
139912
139977
140041
140379
140677
140783
140868
141324
141396
141932
141933
142034
142109
142604
142909
143145
143146
143148
143149
143224
143550
143656
143797
143891
144007
144049
144135
144247
144293
144519
144539
144675
144915
144933
144946
145081
145082
145452
145600
145610
145645
146310
146713
146726
146881
146953
147268
147345
