9472
14219
14405
14556
15035
15036
15333
15353
15603
16529
18258
18434
19369
19370
19401
19402
19611
19621
20375
20376
20377
22110
22111
22148
22694
22695
22696
22697
22723
22724
22725
22726
22727
22747
22918
22921
22931
22954
22955
24002
24064
24230
24231
24232
24453
24875
24876
24877
25850
26140
26167
26342
26343
26344
26674
26940
27080
27727
27746
28049
28312
28737
28903
28976
29948
30224
30417
30745
30746
30822
30823
31054
31439
31484
31534
33041
33042
33043
33044
33279
33724
33901
34376
34404
34583
34774
35194
35323
35970
35971
35972
35973
35987
36167
36287
36288
36289
36290
36291
36292
36484
36821
37313
37539
37715
37750
37751
37752
38031
38036
38118
38470
38681
38695
38696
38697
38698
38792
38793
38801
38932
38935
39005
39354
39463
39590
39835
39836
39858
39859
39860
39861
39958
39959
39960
40129
40130
40227
40241
40242
40244
40325
40471
40551
40571
40743
40877
40878
41144
41230
41231
41325
41500
41529
41530
41876
41927
41964
42109
42142
42202
42203
42204
42506
42514
42529
42605
42747
42846
42850
42861
42873
42876
43286
43618
43652
43653
43654
43666
43671
43721
43724
43854
43858
43860
43861
43862
44048
44053
44060
44415
44960
45016
45056
45271
45273
45274
45275
45337
45461
45546
45552
45553
45554
45555
45577
46201
46202
46203
46615
46616
46617
46618
46679
47057
47146
47147
47424
47499
47501
47502
47506
47522
47789
47790
47816
47873
47940
47991
48018
48305
48434
48435
49046
49204
49205
49206
49302
50231
50245
50351
50378
50408
50409
50594
50842
51019
51119
51120
51122
51123
51432
51486
51489
51507
51717
51735
51860
51938
51969
52111
52112
52150
52212
52247
52248
52282
52311
52312
52313
52573
52585
52602
52712
52761
52768
52780
52795
52893
53128
53130
53201
53205
53262
53263
53264
53265
53445
53454
53500
53598
53613
53721
53724
53829
53831
53927
54075
54214
54405
54406
54408
54409
54410
54411
54471
54559
54607
54631
54657
54783
54805
54883
54884
55206
55239
55365
55456
55490
55497
55621
55811
55992
56299
56554
56583
56585
56586
56937
56939
56940
56941
56942
57217
57238
57597
57725
57979
58141
58218
58434
58435
58437
58438
58599
58697
58737
58738
58740
58741
58770
58771
58929
58930
58931
59147
59148
59149
59151
59245
59727
59807
59868
59898
59899
59900
60072
60083
60097
60270
60452
60544
60701
60754
60758
60789
61033
61034
61035
61036
61037
61084
61085
61086
61087
61088
61090
61689
61852
61954
62078
62081
62082
62349
62350
62351
62745
62746
62850
62912
62946
62947
62948
63173
63282
63283
63284
63285
63391
63448
63540
63606
63660
63667
63689
63690
63819
64003
64039
64071
64157
64168
64288
64289
64290
64357
64369
64386
64421
64422
64524
64525
64527
64528
64529
64530
64755
64855
64874
64918
64924
64982
65170
65293
65365
65366
65505
65507
65646
65815
65839
65900
66102
66185
66370
66371
66504
66809
66810
66858
67120
67121
67140
67141
67142
67234
67302
67333
67334
67382
67419
67420
67786
67826
67828
67949
67950
67957
68136
68166
68167
68168
68257
68265
68332
68333
68387
68527
68528
68612
68732
68814
68826
68917
68918
68919
69073
69076
69191
69192
69239
69355
69429
69482
69483
69505
69529
69530
69531
69570
69571
69832
69923
70011
70029
70261
70288
70299
70340
70341
70765
70864
71035
71047
71212
71213
71322
71340
71414
71525
71620
71634
71638
71773
71955
72025
72037
72081
72082
72473
72642
72842
72843
72893
72927
72932
72946
72996
72997
72998
72999
73273
73690
73700
73743
73823
73837
73838
74016
74182
74191
74346
74383
75101
75102
75103
75105
75106
75210
75213
75326
75460
75476
75523
75581
75689
75690
75781
75782
75783
75784
75785
75786
76000
76161
76300
76335
76336
76337
76338
76339
76774
76968
76969
76970
77083
77102
77156
77157
77445
77446
77447
77448
77449
77450
77451
77640
78000
78014
78015
78221
78222
78224
78285
78364
78365
78399
78416
78417
78418
78419
78731
78800
78801
78802
78803
78909
79004
79028
79269
79270
79288
79332
79340
79341
79342
79673
79882
80003
80118
80201
80300
80475
80597
80627
80629
80631
80669
80670
80677
80678
80682
80684
80685
80686
80687
80688
80689
80707
80709
80778
80779
80780
80865
80912
81343
81344
81513
81758
81760
81761
82184
82367
82369
82440
82454
82455
82734
82774
82775
82891
82892
82924
82968
82992
83002
83003
83004
83316
83317
83451
83517
83575
83584
83742
83779
83856
83921
84036
84140
84141
84217
84218
84307
84312
84369
84526
84834
84867
84868
84917
84989
85007
85072
85098
85099
85183
85544
85545
85666
85667
85668
85718
85818
85819
85820
85878
85937
85960
86074
86075
86077
86080
86119
86138
86357
86358
86418
86443
86587
86641
86864
86867
86868
86896
86898
87021
87139
87200
87218
87227
87228
87259
87264
87416
87530
87587
87706
87707
87710
87876
87918
88040
88171
88295
88458
88460
88497
88498
88535
88536
88574
88576
88577
88726
88772
88791
88862
88926
88927
88928
89124
89189
89216
89228
89496
89498
89500
89501
89547
89567
89669
89671
89765
89858
89945
90032
90049
90055
90082
90164
90247
90326
91146
91147
91148
91196
91197
91198
91200
91582
91586
91613
91841
91842
91843
91844
91918
91935
92159
92299
92482
92679
92721
92968
93145
93226
93389
93390
93609
93611
93776
93956
93957
93958
93959
93960
94192
94193
94195
94196
94197
94245
94333
94502
94563
94564
94565
94566
94568
94650
94651
94652
94667
94668
94669
94670
94671
94673
95085
95087
95114
95115
95229
95267
95268
95269
95270
95271
95273
95442
95443
95444
95446
95447
95632
95641
95671
95807
95824
95948
95972
95976
96126
96127
96128
96490
96694
96695
96696
96703
96704
96705
96706
96809
96824
96825
96826
96827
96992
96993
96994
96995
97057
97388
97390
97391
97414
97435
97482
97483
97484
97485
97575
97678
97708
97884
97885
97886
97899
97952
97953
98255
98401
98471
98679
98680
98833
99034
99035
99036
99037
99263
99345
99346
99545
99639
99980
100013
100025
100026
100027
100123
100124
100203
100223
100250
100251
100252
100253
100254
100618
100619
100743
100795
100939
100940
101001
101062
101174
101177
101178
101335
101336
101337
101528
101529
101579
101580
101581
101582
101860
102011
102012
102081
102087
102178
102179
102359
102404
102534
102535
102552
102633
102686
102687
102696
102697
102783
102784
102875
102876
102971
103113
103133
103178
103179
103185
103489
103494
103519
103606
103645
103753
103754
103755
103786
103871
103985
103986
104029
104154
104198
104199
104262
104263
104432
104482
104552
104674
104948
105081
105082
105087
105088
105473
105476
105535
105588
105589
105657
105658
105718
105738
105743
105855
106003
106004
106147
106148
106376
106377
106385
106437
106691
106724
106790
106932
107075
107076
107154
107155
107175
107344
107488
107506
107584
107619
107620
107703
107737
107842
107874
107882
107941
108167
108308
108330
108401
108445
108447
108613
108665
108791
108827
108843
109033
109034
109036
109037
109067
109122
109201
109363
109364
109365
109366
109415
109541
109542
109543
109545
109856
109857
110155
110156
110157
110158
110344
110379
110430
110431
110432
110495
110496
110498
110499
110678
110679
110681
111028
111171
111356
111361
111664
111793
111835
111836
111837
111964
111965
111966
111967
111995
111996
112307
112452
112578
112579
112580
112582
112583
112632
112634
112635
112644
112662
112665
112696
112787
112789
112971
113144
113164
113207
113319
113494
113531
113633
113634
113806
113900
114003
114042
114124
114248
114253
114491
114713
114720
114946
115013
115014
115015
115016
115027
115028
115029
115030
115304
115335
115336
115337
115511
115708
115709
115853
115854
115855
115869
115871
115897
115899
115990
115991
116030
116031
116032
116033
116034
116212
116279
116809
116909
116910
116935
116960
117032
117316
117329
117670
117775
117776
117777
117782
117868
117869
117958
117976
117977
117978
118017
118040
118041
118042
118081
118482
118532
118551
118561
118562
118686
118738
118740
118871
119048
119049
119308
119309
119331
119411
119465
119612
119727
119877
119978
120041
120042
120257
120444
120462
120492
120493
120525
120620
120621
120634
120706
120707
120761
120919
120920
120936
120952
121021
121096
121190
121269
121270
121313
121370
121412
121506
121580
121585
121586
121777
121790
121791
122020
122071
122107
122108
122109
122112
122168
122191
122320
122364
122421
122422
122457
122541
122556
122557
122626
122641
122687
122767
122809
122810
122811
122827
122842
122843
122873
122888
122967
123052
123093
123101
123111
123199
123243
123338
123411
123502
123567
123640
123853
123965
124038
124067
124107
124140
124394
124395
124396
124424
124433
124627
124935
124937
124949
124950
124952
125079
125194
125195
125340
125388
125389
125500
125646
125761
125779
126548
126664
126732
126844
126846
126980
126981
126982
126983
126994
126995
127064
127106
127108
127153
127154
127278
127333
127344
127386
127387
127388
127436
127507
127508
127509
127510
127550
127601
127602
127603
127605
127676
127706
127724
127827
127828
127899
128064
128176
128212
128446
128447
128448
128449
128450
128523
128641
128642
128643
128980
129062
129126
129179
129180
129305
129499
129833
129912
129918
130176
130177
130271
130305
130306
130579
130825
130931
130955
131180
131364
131392
131402
131437
131490
131491
131492
131554
131577
131578
131632
131683
131709
131780
132037
132038
132309
132310
132311
132323
132324
132451
132466
132490
132594
132595
132711
132712
132799
132800
132801
132848
132955
133196
133304
133305
133332
133333
133345
133360
133445
133446
133526
133590
133659
133660
133721
133742
133758
133781
133840
133843
133887
133958
134002
134034
134035
134049
134097
134159
134187
134234
134289
134303
134371
134480
134565
134713
134777
134820
135279
135316
135325
135326
135328
135349
135439
135510
135581
135668
135670
135671
135833
135853
135854
135994
136254
136276
136323
136324
136325
136335
136364
136447
136490
137080
137089
137174
137250
137335
137480
137628
137702
137907
137987
138064
138065
138066
138075
138092
138196
138197
138198
138381
138419
138420
138665
138828
138829
138836
138837
138860
138873
138937
138980
139095
139096
139097
139227
139265
139395
139539
139540
139543
139557
139640
139654
139841
139936
139937
139948
139956
140081
140272
140381
140557
140619
140643
140737
140741
140773
140831
140849
140951
141419
141425
141426
141443
141458
141522
141633
141634
141786
141787
141788
141946
142062
142211
142235
142325
142349
142426
142640
142822
142848
142849
143083
143265
143267
143268
143287
143447
143513
143514
143515
143551
143629
143682
143842
143954
144060
144061
144092
144130
144331
144339
144358
144364
144391
144630
144639
144740
144741
144742
145246
145275
145276
145341
145410
145493
145498
145591
145601
145682
145710
145840
145904
146114
146115
146359
146494
146558
146610
146611
146690
146691
146735
146912
147111
147344
147399
147406
147545
147783
