3227
4446
4922
5477
5809
5974
6744
6785
7443
7471
7491
7675
7702
7708
7709
7710
7711
8887
8888
9466
9829
10048
10720
10726
12149
12470
12521
12667
12776
12778
12779
13214
13261
13322
13414
13752
13753
14070
14104
14202
14218
14327
14587
14662
14768
14804
14832
14833
14834
14835
14881
14888
14895
15004
15083
15175
15425
15583
15892
15908
15935
15961
16036
16103
16137
16525
16526
16528
16544
16545
16665
16801
16858
16868
17050
17051
17052
17053
17054
17517
17575
17715
17870
17891
17892
18159
18160
18161
18162
18163
18184
18196
18252
18253
18254
18255
18256
18257
18482
18611
19457
19608
19609
19610
19679
19680
19721
19792
19793
19794
20186
20228
20229
20452
20459
20499
20500
20775
20776
20777
21123
21255
21599
21960
22019
22199
22216
22272
22453
22509
22714
22745
22746
22748
22749
22750
22776
22777
22778
22779
22780
22821
22822
22823
22824
22825
22916
22917
22930
22932
22933
22934
22935
22942
22977
23105
23436
24151
24302
24383
24385
24386
24388
24389
24918
24919
24920
25238
25546
25923
25924
25925
25937
25938
25939
26021
26022
26023
26109
26163
26164
26165
26166
26211
26212
26213
26507
26516
26546
26725
26726
26931
27222
27661
27792
27793
27880
27881
27882
27896
27897
27899
27900
27958
27959
28047
28048
28058
28083
28717
28718
28828
28829
28830
28831
28833
28840
29072
29124
29177
29183
29195
29202
29358
29436
29681
29854
29880
29881
30162
30368
30376
30581
30605
30606
30650
30769
30889
30931
31242
31296
31521
31522
31523
31524
31525
31552
31553
31554
31555
31556
31585
31598
31642
31749
31799
32229
32230
32438
32475
32716
32776
32824
32932
32933
32988
33092
33280
33281
33282
33340
33414
33669
33770
33838
33839
33840
34144
34303
34486
34529
34543
34580
34581
34582
34584
34702
34748
34793
34812
35004
35011
35061
35155
35156
35157
35679
35683
35684
35685
35742
35773
35894
35906
35985
35986
36016
36165
36166
36168
36342
36390
36406
36407
36485
36486
36488
36490
36491
36620
36848
36849
36922
37096
37152
37154
37532
37605
37606
37607
37617
37714
37753
37754
37755
37756
37757
37881
38117
38142
38143
38222
38508
38560
38667
38800
38802
38803
38831
38832
38835
38836
38837
38857
38858
38888
38931
38933
39140
39269
39316
39317
39353
39390
39562
39563
39564
39565
40041
40113
40114
40115
40243
40271
40272
40278
40326
40331
40332
40338
40392
40393
40403
40404
40416
40422
40544
40863
40876
41067
41068
41208
41533
41620
41621
41774
41775
41776
41777
41778
41853
42064
42135
42136
42364
42743
42744
42745
42746
42748
42845
42847
42848
42849
42851
42855
42860
42862
42874
42875
42877
43025
43138
43147
43466
43614
43615
43617
43679
43719
43720
43722
43723
43726
43819
43957
44047
44049
44050
44051
44052
44089
44090
44091
44175
44226
44321
44536
44629
44633
44757
44767
44790
45015
45017
45215
45272
45299
45308
45309
45403
45423
45427
45547
45548
45558
45576
45578
45799
46007
46200
46519
46609
46678
46680
46681
46682
46855
46877
46991
47005
47046
47106
47115
47169
47301
47332
47344
47371
47372
47374
47375
47423
47425
47458
47503
47504
47505
47567
47596
47696
47769
47780
47884
48017
48263
48318
48746
48758
48796
49013
49099
49245
49246
49247
49373
49677
49739
50195
50284
50332
50372
50373
50374
50404
50405
50406
50430
50557
50572
50591
50592
50593
50701
50713
50785
50986
51021
51078
51079
51080
51121
51130
51183
51184
51185
51225
51273
51322
51429
51430
51431
51581
51586
51630
51673
51710
51836
51859
51861
51878
51939
52002
52007
52008
52013
52038
52270
52275
52310
52498
52586
52587
52691
52758
52759
52782
53129
53391
53392
53444
53610
53620
53722
53759
53760
53830
53907
53923
53936
54117
54120
54121
54253
54329
54330
54470
54595
54600
54608
54637
54656
54671
54672
54882
55132
55133
55161
55338
55474
55532
55533
55538
55539
55540
55692
55736
55746
55802
55804
55805
56134
56154
56296
56297
56298
56333
56542
56584
56936
57035
57047
57093
57140
57215
57216
57218
57493
57635
57720
57804
57974
57975
57976
57977
57978
57980
58011
58029
58436
58477
58658
58903
58954
59012
59119
59120
59121
59132
59150
59226
59227
59449
59722
59726
59729
59731
59732
59764
59869
59872
59873
59874
60034
60073
60074
60082
60084
60085
60096
60163
60214
60266
60267
60268
60269
60393
60436
60449
60450
60451
60750
60751
60752
60753
60791
60797
60836
61091
61093
61161
61162
61163
61164
61436
61443
61500
61501
61650
61690
61691
61912
61987
62003
62013
62014
62079
62218
62219
62222
62233
62317
62339
62465
62772
62773
62774
62775
62801
62802
62803
62917
62918
62919
63040
63041
63042
63043
63172
63219
63323
63385
63526
63594
63607
63609
63611
63612
63727
63838
63850
63899
63974
64069
64109
64110
64355
64356
64368
64415
64467
64485
64605
64614
64682
64729
64756
64759
64898
64934
64980
64981
64983
65009
65227
65282
65284
65312
65692
65744
65840
65855
65878
65879
65881
65882
66043
66049
66093
66186
66187
66257
66323
66491
66538
66577
66599
66600
66601
66705
66856
66857
66859
67150
67301
67410
67421
67446
67448
67460
67512
67701
67708
67827
67935
67974
68054
68088
68124
68135
68417
68418
68496
68498
68499
68508
68526
68538
68631
68704
68733
68815
68827
68944
68949
69105
69156
69205
69352
69561
69581
69618
69647
69678
69679
69792
69835
69972
70023
70035
70036
70041
70127
70128
70143
70256
70377
70493
70566
70567
70611
71007
71027
71049
71060
71062
71063
71064
71150
71211
71246
71267
71391
71415
71418
71494
71500
71575
71613
71690
71779
71900
71903
71917
72053
72384
72469
72470
72471
72472
72475
72604
72723
72926
72928
72929
72930
72931
72970
73238
73269
73270
73271
73272
73689
73691
73692
73698
73699
73740
73741
73742
73839
73909
73910
74021
74056
74097
74145
74179
74180
74181
74183
74297
74512
74567
74805
74897
74898
74899
74989
74990
74991
74993
75053
75192
75209
75211
75212
75215
75216
75217
75248
75736
75737
76112
76142
76210
76211
76212
76213
76214
76298
76299
76301
76592
76833
76834
76835
76836
77195
77293
77296
77434
77435
77437
77438
77439
77619
77641
77877
77897
77915
77916
78100
78223
78246
78266
78337
78354
78368
78400
78401
78474
78476
78531
78532
78719
78726
78727
78728
78729
78730
78899
78961
78976
79026
79027
79225
79226
79363
79476
79780
79781
79782
79813
79883
80116
80117
80142
80198
80199
80200
80270
80401
80407
80408
80409
80644
80646
80647
80648
80676
80679
80683
80708
80747
80748
80843
80850
81078
81092
81444
81682
81690
81759
81807
81829
82301
82368
82386
82403
82532
82622
82623
82624
82625
82730
82731
82969
83114
83116
83132
83133
83240
83276
83384
83386
83387
83390
83428
83502
83548
83585
83587
83648
83741
83787
83828
83829
83830
83920
83967
84101
84118
84151
84216
84306
84313
84426
84454
84455
84457
84488
84529
84575
84627
84629
84630
84631
84833
84878
84916
84990
84992
85062
85103
85151
85174
85184
85189
85279
85281
85282
85422
85553
85554
85556
85558
85573
85669
85706
85826
85827
85873
86057
86076
86191
86333
86334
86428
86465
86531
86585
86586
86705
86847
86857
86878
86940
87148
87149
87286
87297
87298
87302
87417
87493
87588
87681
87728
87745
87781
87919
87957
88004
88032
88103
88148
88344
88365
88425
88575
88803
88949
89040
89368
89455
89510
89563
89571
89572
89576
89658
89670
89838
89842
89920
89921
89957
90079
90083
90091
90144
90184
90285
90330
90331
90364
90374
90656
90794
90795
90796
90797
90818
90873
90885
90957
90958
90997
90998
91001
91002
91003
91004
91021
91171
91257
91405
91583
91584
91585
91588
92160
92161
92212
92216
92401
92723
92970
93146
93175
93279
93365
93610
93664
93798
93805
93824
94133
94243
94244
94247
94249
94250
94269
94270
94271
94272
94304
94334
94336
94337
94338
94483
94485
94653
94672
94927
95084
95208
95230
95231
95232
95416
95417
95445
95599
95640
95643
95775
95808
95822
95823
95825
95902
95973
95974
95975
95977
95978
96070
96071
96074
96075
96076
96100
96221
96286
96414
96415
96416
96417
96419
96533
96697
97058
97059
97060
97108
97145
97162
97303
97411
97412
97413
97574
97577
97579
97580
97760
97761
97762
97763
97764
97765
97802
97880
98085
98260
98266
98763
98834
98835
98837
98838
98856
98857
98858
98859
98980
99102
99262
99266
99331
99332
99334
99341
99410
99411
99412
99413
99447
99448
99646
99647
99673
99808
99809
99810
99961
99981
100054
100125
100170
100204
100205
100249
100279
100397
100399
100548
100751
100820
100821
100822
100823
100905
100942
100943
100944
100965
101003
101005
101006
101176
101238
101414
101428
101457
101583
101599
101839
101840
102017
102018
102142
102235
102236
102237
102349
102395
102506
102507
102508
102509
102514
102516
102551
102559
102560
102631
102632
102699
102879
102883
102983
102984
103082
103083
103084
103111
103112
103222
103223
103237
103417
103495
103650
103656
103711
103712
103713
103752
103954
104221
104223
104362
104460
104523
104535
104551
104553
104570
104571
104802
104841
104901
105156
105360
105362
105432
105554
105556
105636
105679
105739
105741
105772
105825
105897
105984
106024
106025
106026
106028
106142
106143
106281
106286
106368
106369
106424
106463
106465
106466
106469
106557
106666
106762
106782
106847
106850
106911
107035
107077
107103
107127
107152
107239
107291
107292
107317
107470
107483
107507
107519
107560
107600
107621
107693
107694
107701
107709
107777
107871
107875
108074
108159
108213
108215
108321
108446
108479
108525
108670
108671
108705
108729
108781
108793
108807
108832
108836
108837
108860
108862
108876
108910
109200
109202
109204
109205
109379
109380
109382
109416
109418
109419
109480
109516
109517
109518
109532
109633
109655
109687
109885
109912
109994
109996
109997
109998
109999
110000
110001
110467
110479
110480
110497
110570
110730
110750
110843
110937
111068
111069
111070
111071
111091
111093
111169
111170
111172
111275
111357
111358
111359
111360
111430
111636
111639
111640
111641
111642
111643
111791
111792
111869
111870
111872
111874
111875
111876
111883
111980
112285
112287
112288
112289
112290
112631
112663
112664
112666
112672
112788
112803
112804
112805
112806
112807
112843
112956
113135
113136
113139
113140
113162
113163
113208
113209
113235
113257
113369
113370
113371
113374
113376
113378
113777
113942
114025
114027
114029
114030
114041
114084
114085
114086
114249
114251
114252
114456
114493
114494
114698
114894
114909
114913
115012
115064
115301
115302
115303
115329
115368
115391
115470
115486
115625
115638
115639
115640
115668
115870
116082
116084
116258
116269
116270
116280
116281
116282
116283
116284
116296
116375
116390
116391
116542
116563
116564
116565
116582
116583
116584
116675
116676
116677
116882
116883
116884
116885
116890
116956
116957
116974
117258
117330
117353
117355
117356
117539
117540
117671
117751
117784
117786
117787
117835
117948
117959
118246
118297
118298
118320
118501
118521
118522
118523
118531
118614
118615
118616
118739
118747
118802
118804
118870
118899
118901
118902
118903
118940
118992
119197
119360
119365
119410
119422
119464
119480
119486
119488
119692
119711
119714
119715
119728
119775
119787
119873
119874
119875
119919
119960
120008
120159
120224
120280
120424
120490
120508
120509
120619
120656
120677
120732
120755
120756
120760
120767
120797
120846
120921
120930
121088
121105
121268
121360
121458
121470
121507
121514
121534
121536
121537
121636
121751
121752
121753
121802
121804
121851
121885
121980
122023
122088
122236
122280
122325
122350
122394
122395
122396
122460
122462
122490
122539
122567
122570
122582
122622
122716
122779
122795
122796
122803
122971
122972
123012
123104
123105
123152
123231
123232
123255
123398
123487
123542
123544
123609
123625
123662
123719
123791
123792
123917
123960
123964
123985
123986
124023
124051
124073
124101
124120
124366
124423
124426
124428
124429
124430
124434
124436
124437
124438
124439
124561
124791
124964
124965
124966
124967
124984
124985
124997
124998
125003
125031
125032
125033
125081
125106
125109
125110
125118
125119
125120
125121
125149
125273
125274
125311
125312
125418
125522
125599
125605
125778
125806
125807
125808
125881
125898
125966
126034
126035
126036
126078
126080
126101
126127
126216
126217
126218
126220
126222
126268
126270
126272
126273
126274
126275
126619
126730
126731
126734
126735
126795
126845
126848
126849
126917
127051
127242
127244
127245
127246
127247
127274
127389
127400
127435
127439
127551
127554
127555
127558
127559
127604
127723
127725
127766
127842
127872
127873
127973
127974
128010
128012
128068
128090
128091
128092
128174
128175
128294
128323
128326
128391
128392
128393
128396
128481
128482
128484
128525
128526
128644
128663
128752
128753
128755
128813
128814
128816
128865
128953
128954
128955
128956
128957
128981
128982
129049
129239
129252
129330
129379
129380
129381
129391
129434
129437
129665
129666
129707
129722
129789
129818
129866
129910
129911
129926
129928
130040
130086
130175
130360
130375
130376
130511
130622
130673
130742
130743
130744
130745
130746
130747
130946
130970
130971
131092
131102
131103
131128
131304
131382
131417
131459
131461
131479
131494
131495
131496
131553
131568
131579
131656
131804
131856
131937
132075
132139
132140
132164
132247
132329
132467
132495
132496
132497
132596
132597
132616
132617
132621
132646
132648
132701
132724
132767
132832
132846
132850
132897
132898
132899
132933
132934
132948
132975
133000
133001
133097
133139
133140
133157
133179
133194
133251
133453
133479
133515
133557
133578
133635
133654
133728
133748
133759
133770
133771
133782
133802
133844
133845
133902
133939
133966
134025
134055
134059
134060
134104
134105
134118
134119
134136
134176
134201
134263
134269
134284
134316
134330
134351
134356
134362
134381
134384
134398
134404
134442
134450
134451
134488
134497
134502
134504
134542
134585
134586
134603
134604
134627
134706
134748
134782
134818
134819
134841
135008
135009
135032
135220
135221
135222
135278
135280
135281
135282
135327
135371
135420
135421
135422
135423
135424
135425
135436
135437
135440
135618
135619
135646
135647
135665
135667
135669
135757
135759
135811
135812
135814
135847
135867
135916
135984
135995
136044
136047
136048
136049
136065
136066
136067
136097
136154
136156
136157
136334
136338
136339
136383
136384
136385
136508
136509
136514
136545
136546
136547
136646
136647
136739
136792
136877
136878
136880
136997
136998
136999
137062
137097
137165
137208
137221
137224
137225
137226
137227
137337
137338
137339
137358
137415
137416
137417
137419
137481
137484
137507
137559
137571
137572
137581
137583
137821
137837
137840
137849
137857
137860
137902
137978
138053
138133
138134
138159
138176
138177
138251
138261
138279
138281
138341
138368
138383
138416
138431
138432
138433
138475
138521
138542
138597
138613
138762
138783
138801
138802
138803
138838
138839
138861
138891
138892
138927
138932
138933
138939
139079
139084
139182
139207
139244
139319
139347
139364
139365
139366
139396
139397
139507
139508
139656
139664
139665
139666
139667
139703
139704
139706
139743
139744
139786
139872
139891
139938
139989
139992
139993
140016
140061
140137
140158
140205
140206
140238
140239
140314
140315
140316
140321
140323
140357
140358
140432
140492
140578
140582
140587
140631
140645
140664
140697
140730
140731
140778
140804
140813
140822
140830
140851
140870
140911
140913
140928
140963
141067
141097
141099
141100
141101
141112
141136
141183
141184
141186
141212
141226
141248
141261
141262
141264
141274
141275
141276
141317
141318
141386
141457
141524
141598
141599
141630
141631
141671
141794
141931
141958
142025
142054
142185
142231
142264
142306
142307
142309
142338
142428
142430
142454
142457
142559
142578
142590
142630
142707
142715
142734
142738
142739
142763
142774
142792
142797
142802
142803
142859
142873
142875
142876
142878
142879
142939
142940
142941
143128
143129
143248
143259
143266
143284
143309
143319
143320
143374
143378
143402
143403
143404
143427
143430
143431
143432
143442
143481
143482
143483
143509
143548
143639
143641
143676
143683
143684
143685
143699
143710
143711
143742
143745
143760
143773
143774
143776
143787
143788
143789
143801
143812
143946
143947
143988
144027
144057
144085
144086
144111
144159
144233
144250
144251
144252
144385
144388
144451
144490
144491
144493
144497
144593
144609
144629
144631
144635
144688
144713
144722
144807
144808
144810
144886
144887
144888
144889
144936
145066
145067
145182
145183
145195
145231
145257
145287
145293
145298
145312
145326
145327
145332
145337
145338
145339
145351
145352
145356
145408
145444
145450
145458
145486
145488
145509
145510
145588
145589
145590
145606
145651
145681
145698
145699
145713
145769
146098
146228
146231
146235
146243
146244
146250
146358
146376
146377
146384
146410
146429
146493
146496
146521
146555
146556
146557
146560
146561
146562
146588
146669
146680
146714
146715
146734
146745
146747
146777
146861
147054
147057
147058
147064
147081
147082
147084
147321
147334
147350
147524
147535
147544
147584
147628
147731
147733
