936
1293
1382
1852
1853
1854
2256
2257
2348
2364
2409
2441
3017
3252
3256
3385
3414
3415
3416
3628
3966
4010
4344
4345
4346
4528
4534
4535
4536
4588
4642
4698
4704
4774
4876
4892
4973
4974
4975
5145
5225
5463
5478
5485
5639
5751
5754
5764
5895
5896
6068
6162
6276
6352
6417
6617
6740
6741
6742
6766
6784
6786
6788
6832
6878
6992
7155
7176
7342
7368
7544
7738
7739
7937
7981
7991
8011
8012
8013
8014
8035
8057
8295
8296
8297
8375
8518
8563
8564
8683
8684
8693
8704
8798
8799
8800
8801
8938
8969
8977
9024
9039
9045
9172
9271
9311
9312
9313
9487
9507
9518
9523
9763
9839
9970
9994
10046
10047
10050
10051
10261
10270
10480
10481
10482
10483
10484
10485
10555
10580
10667
10718
10719
10722
10723
10782
10803
10822
10823
10824
10825
10826
10833
10881
10931
10977
10978
10979
11039
11040
11070
11146
11308
11351
11384
11583
11584
11585
11610
11611
11612
11613
11680
11755
11756
11757
12027
12034
12099
12222
12265
12317
12468
12469
12471
12472
12473
12518
12519
12522
12663
12664
12665
12666
12772
12814
12832
12964
13006
13040
13138
13213
13215
13259
13262
13302
13323
13324
13412
13426
13523
13661
13709
13923
14026
14063
14086
14201
14266
14328
14350
14417
14529
14726
14727
14801
14819
14847
14875
14933
14950
14955
15051
15087
15098
15130
15387
15400
15423
15424
15426
15432
15448
15552
15625
15626
15627
15628
15629
15648
15649
15765
15766
15767
15849
15905
15906
15909
15911
15912
15916
15918
15919
15924
15932
15933
15937
15938
15939
15959
15960
15962
15964
15965
15975
16052
16101
16105
16135
16142
16143
16144
16145
16146
16172
16286
16348
16356
16461
16625
16940
16953
17008
17014
17058
17059
17060
17061
17109
17125
17126
17127
17129
17178
17256
17274
17275
17276
17514
17515
17639
17736
17737
17738
17739
17740
17747
17769
17770
17771
17772
17946
18001
18085
18182
18183
18185
18194
18195
18197
18215
18216
18217
18306
18342
18343
18344
18345
18379
18380
18381
18592
18602
18649
18650
18714
18715
18789
18813
18818
18915
18970
18971
18972
19079
19166
19168
19228
19283
19317
19458
19601
19660
19712
19722
19723
19724
19808
19925
20065
20083
20124
20145
20147
20332
20333
20417
20488
20509
20631
20651
20652
20676
20735
20737
21009
21021
21036
21050
21090
21134
21297
21527
21528
21593
21673
21681
21774
21795
21802
21859
21902
21961
22153
22207
22242
22330
22450
22451
22452
22505
22506
22507
22709
22801
22851
22863
22866
22924
22970
23051
23086
23110
23147
23240
23276
23321
23322
23324
23382
23383
23384
23385
23405
23418
23523
23565
23630
23631
23703
23721
23722
23723
23837
23855
23874
23892
23902
23928
23930
23931
23949
24030
24031
24035
24107
24216
24229
24309
24311
24312
24313
24351
24380
24381
24384
24433
24482
24652
24671
24672
24673
24674
24763
24802
24803
25000
25031
25077
25078
25086
25208
25232
25350
25542
25543
25563
25564
25565
25676
25697
25714
25750
25753
25756
25757
25793
25794
25796
25809
26047
26048
26069
26121
26153
26264
26276
26277
26278
26281
26319
26320
26321
26322
26375
26403
26468
26469
26486
26487
26514
26515
26517
26518
26519
26582
26643
26664
26709
26711
26881
26930
26932
26933
26994
27002
27192
27193
27351
27431
27462
27509
27537
27553
27577
27585
27601
27602
27612
27641
27660
27662
27697
27731
27755
27763
27898
27947
28019
28067
28068
28084
28085
28115
28161
28174
28259
28271
28305
28306
28307
28309
28310
28319
28323
28356
28546
28574
28719
28731
28742
28743
28744
28745
28746
28818
28838
28839
28841
28842
29032
29118
29119
29120
29176
29178
29194
29196
29197
29198
29427
29428
29437
29451
29513
29541
29567
29568
29605
29615
29705
29769
29825
29839
29853
29936
29949
29950
30071
30072
30073
30161
30390
30391
30580
30636
30688
30762
30905
30930
31006
31025
31154
31185
31354
31360
31583
31586
31587
31588
31596
31597
31599
31600
31633
31657
31746
31748
31783
31798
31800
31801
31802
31803
31804
31876
31942
31968
31969
31970
31972
31984
31991
31992
31993
31994
31995
32110
32156
32360
32436
32437
32439
32441
32442
32593
32717
32718
32719
32720
32721
32815
32861
33133
33211
33301
33317
33337
33338
33412
33413
33517
33518
33519
33527
33561
33562
33563
33564
33565
33566
33567
33581
33585
33627
33642
33670
33742
33743
33744
33789
33842
33944
33971
33972
33973
34018
34093
34099
34301
34302
34304
34305
34321
34381
34387
34388
34390
34391
34392
34434
34466
34483
34484
34527
34528
34530
34531
34541
34544
34545
34546
34547
34559
34595
34651
34653
34701
34747
34749
34790
34791
34792
34794
34795
34813
34814
34872
34977
35037
35038
35076
35271
35272
35273
35280
35438
35587
35588
35589
35590
35594
35595
35596
35644
35645
35721
35733
35741
35751
35760
35761
35762
35763
35843
35891
35893
35974
35980
36140
36141
36142
36164
36247
36248
36249
36282
36315
36327
36357
36358
36359
36487
36542
36543
36580
36619
36621
36622
36728
36803
36896
36897
36921
36924
36964
36965
37146
37167
37358
37414
37419
37420
37421
37566
37582
37661
37701
37779
37804
37834
37902
37968
37980
37981
38029
38067
38068
38221
38249
38273
38404
38428
38437
38438
38532
38558
38559
38719
38812
38813
38814
38833
38893
38894
38895
39022
39141
39161
39162
39163
39209
39224
39234
39379
39402
39427
39428
39433
39434
39479
39487
39581
39663
39664
39849
39976
39977
40092
40111
40112
40132
40141
40277
40279
40280
40305
40315
40337
40353
40371
40423
40482
40491
40570
40616
40657
40668
40749
40750
40795
40928
40929
40984
40995
40999
41098
41117
41153
41286
41491
41797
41961
42092
42132
42254
42555
42601
42602
42603
42692
42852
42853
42854
42856
42858
42859
42900
43039
43040
43041
43196
43197
43198
43199
43200
43266
43325
43369
43454
43455
43464
43467
43468
43469
43470
43471
43521
43566
43759
43889
43955
44225
44227
44228
44229
44230
44231
44242
44245
44266
44320
44322
44323
44324
44325
44326
44327
44328
44360
44454
44503
44517
44518
44525
44620
44627
44630
44631
44632
44667
44764
44766
44769
44795
44796
44797
44798
44868
44883
44884
44885
44886
44946
44986
45203
45214
45216
45217
45281
45383
45434
45522
45557
45559
45560
45570
45770
45772
45773
45774
45823
45824
45825
45837
45920
46020
46188
46377
46430
46433
46434
46435
46472
46517
46518
46521
46581
46583
46584
46733
46745
46770
46786
46876
46878
46879
46880
47084
47104
47105
47108
47135
47333
47343
47345
47373
47376
47524
47525
47537
47595
47612
47684
47693
47768
47882
47883
47885
47896
47963
48260
48261
48262
48387
48566
48568
48569
48745
48848
48890
48920
49098
49100
49101
49109
49110
49111
49389
49401
49459
49563
49568
49569
49570
49571
49572
49574
49575
49576
49577
49578
49597
49619
49675
49678
49679
49737
49894
49991
50009
50113
50194
50196
50240
50339
50361
50431
50432
50443
50489
50566
50573
50588
50664
50670
50671
50672
50691
50784
50787
50791
50985
50987
51255
51256
51265
51271
51272
51412
51420
51536
51592
51614
51631
51711
51712
51760
51813
51837
51911
52121
52124
52188
52246
52269
52301
52302
52396
52397
52437
52448
52458
52496
52497
52580
52593
52594
52599
52604
52606
52652
52653
52654
52790
52802
52803
52820
52867
52903
52904
52966
53029
53070
53228
53230
53235
53328
53529
53564
53565
53566
53567
53568
53601
53607
53674
53678
53713
53845
53876
53877
53878
53912
53954
53973
53974
53998
54034
54095
54153
54154
54209
54292
54505
54578
54587
54588
54722
54768
54769
54770
54864
54880
54967
54969
54998
55092
55093
55143
55154
55183
55207
55221
55402
55412
55420
55549
55655
55673
55674
55684
55769
55785
55847
56289
56306
56500
56651
56731
56786
56787
56788
56789
56790
56879
57033
57034
57046
57048
57049
57050
57051
57092
57094
57095
57120
57139
57141
57142
57143
57230
57234
57235
57291
57316
57336
57444
57472
57539
57708
57709
57719
57721
57722
57723
57737
57738
57763
57802
57805
57806
57883
58179
58307
58489
58536
58611
58729
58731
58766
58767
58768
58769
58820
58831
58832
58952
58953
58956
58967
58968
58969
58971
59037
59048
59071
59349
59350
59351
59521
59720
59721
59728
59766
59870
60033
60036
60075
60213
60215
60216
60217
60218
60351
60387
60392
60394
60395
60396
60445
60499
60654
60680
60792
60793
60794
60795
60796
60827
61009
61010
61011
61013
61014
61020
61021
61022
61092
61187
61188
61227
61272
61367
61378
61414
61425
61426
61427
61428
61633
61651
61652
61686
61715
61911
62172
62220
62315
62316
62344
62456
62474
62494
62537
62575
62655
62839
62840
62898
63100
63101
63102
63132
63182
63183
63184
63220
63236
63384
63386
63387
63388
63475
63513
63572
63596
63597
63608
63622
63670
63671
63672
63674
63675
63743
63836
63837
63851
63898
63900
63963
64032
64059
64179
64180
64181
64201
64351
64490
64515
64612
64620
64642
64643
64690
64712
64720
64721
64722
64723
64757
64779
64851
64966
65108
65109
65118
65174
65175
65228
65229
65230
65231
65233
65485
65486
65487
65599
65600
65630
65637
65638
65770
65793
65880
65979
66000
66041
66066
66067
66094
66096
66213
66256
66258
66281
66325
66326
66358
66424
66426
66441
66492
66493
66575
66602
66604
66620
66872
66973
67143
67248
67256
67257
67258
67284
67286
67287
67288
67332
67394
67461
67462
67463
67477
67642
67699
67735
67810
67945
68087
68140
68383
68384
68433
68434
68451
68486
68497
68632
68633
68634
68943
68992
69106
69107
69132
69163
69170
69175
69248
69264
69305
69348
69353
69380
69381
69399
69440
69475
69543
69564
69565
69648
69680
69694
69717
69735
69757
69785
69798
69882
69893
69973
69980
70055
70069
70135
70313
70522
70541
70649
70727
70965
71044
71074
71096
71229
71245
71407
71504
71562
71611
71651
71722
71734
71781
71795
71902
71909
72028
72419
72421
72422
72423
72440
72441
72442
72443
72503
72627
72628
72667
72722
72724
72725
72726
72727
72971
72972
73044
73068
73237
73239
73240
73342
73344
73345
73346
73347
73381
73382
73520
73650
73651
73652
73654
73847
73912
74095
74096
74146
74147
74148
74149
74568
74569
74718
74719
74720
74735
74802
74803
74901
74927
74992
75004
75123
75124
75125
75126
75246
75247
75249
75314
75324
75340
75435
75436
75437
75438
75439
75626
75627
75628
75629
75665
75807
75850
75896
76105
76329
76515
76655
76660
76661
76662
76697
76698
76699
76803
76838
77010
77193
77194
77294
77365
77436
77618
77702
77731
77732
77733
77734
77735
77736
77740
77898
77912
78030
78031
78050
78133
78247
78248
78389
78422
78434
78473
78475
78599
78652
78743
78813
78871
79000
79001
79002
79063
79078
79133
79228
79279
79362
79510
79615
79774
79775
79776
80006
80059
80141
80143
80203
80271
80272
80314
80375
80376
80377
80378
80486
80527
80616
80645
80665
80735
80771
80923
80924
81044
81045
81046
81084
81093
81117
81163
81186
81196
81349
81414
81431
81432
81433
81519
81613
81681
81683
81698
81767
81845
81961
81962
81963
82115
82136
82573
82621
82665
82669
82738
82786
82796
82932
82933
82934
82935
82974
82975
82976
83111
83115
83135
83136
83137
83138
83139
83207
83234
83235
83236
83277
83278
83385
83439
83549
83550
83551
83634
83637
83644
83776
83807
83900
83942
83978
84012
84029
84083
84361
84362
84363
84364
84375
84424
84425
84456
84548
84549
84551
84576
84628
84965
84981
85000
85059
85063
85079
85246
85280
85315
85555
85559
85633
85830
85832
85843
85899
85900
85916
85917
85982
86256
86298
86328
86414
86449
86466
86530
86532
86556
86557
86681
86701
86703
86704
86770
86771
86772
86945
87007
87008
87135
87136
87137
87150
87237
87329
87337
87453
87507
87564
87565
87598
87639
87646
87647
87746
87756
87763
87764
88033
88047
88048
88104
88149
88249
88327
88349
88418
88506
88510
88512
88567
88572
88573
88762
88782
88785
88824
88858
88945
89049
89085
89101
89104
89146
89147
89233
89266
89391
89426
89442
89453
89463
89491
89529
89530
89781
89825
89923
90008
90080
90084
90109
90193
90202
90272
90294
90456
90473
90514
90515
90516
90517
90518
90652
90653
90654
90667
90726
90773
90774
90776
90777
90778
90780
90819
90820
90821
90822
90823
90824
90872
90874
90875
90900
90999
91015
91016
91017
91018
91019
91020
91114
91134
91144
91145
91406
91407
91408
91409
91410
91411
91420
91422
91423
91425
91427
91628
92214
92215
92400
92493
92494
92586
92647
92971
92972
92973
92974
93118
93119
93120
93238
93239
93240
93330
93331
93332
93333
93423
93439
93618
93619
93620
93621
93622
93623
93624
93626
93728
93796
93797
93823
94079
94131
94132
94246
94273
94292
94294
94295
94335
94355
94398
94455
94456
94583
94665
94666
94977
95101
95207
95209
95357
95402
95403
95404
95405
95407
95419
95448
95449
95470
95548
95615
95644
95774
95776
95898
95899
95900
95941
95942
95943
95951
95952
95953
96072
96086
96125
96149
96220
96236
96237
96238
96239
96259
96260
96261
96262
96310
96356
96430
96540
96541
96542
96708
96717
96944
97020
97030
97441
97576
97759
97800
97833
97881
97882
97887
97923
98140
98256
98360
98361
98410
98430
98451
98516
98754
98761
98762
98855
98985
99101
99103
99104
99137
99264
99313
99333
99342
99343
99344
99379
99450
99515
99566
99567
99568
99595
99787
99918
99962
99997
99998
99999
100038
100072
100298
100398
100486
100487
100488
100489
100490
100549
100956
101002
101036
101038
101120
101121
101296
101297
101298
101351
101360
101361
101415
101416
101508
101513
101570
101571
101572
101588
101596
101597
101626
101664
101732
101838
101879
101899
101953
102064
102101
102124
102239
102308
102309
102387
102388
102389
102390
102448
102480
102510
102653
102654
102678
102679
102680
102698
102703
102866
102867
102868
102880
102884
102927
102931
103171
103173
103174
103261
103267
103317
103383
103415
103455
103497
103544
103628
103653
103748
103829
103879
103955
104017
104169
104170
104222
104319
104320
104322
104323
104324
104516
104569
104585
104823
104920
105098
105157
105203
105327
105356
105604
105681
105708
105713
105735
105740
106009
106015
106016
106029
106063
106089
106213
106224
106225
106255
106279
106284
106285
106357
106370
106397
106467
106540
106629
106939
106951
106952
107029
107030
107031
107032
107128
107153
107165
107169
107170
107193
107238
107480
107597
107664
107669
107700
107723
107731
107749
107757
107779
107883
107996
108035
108040
108044
108073
108104
108115
108182
108206
108396
108420
108750
108752
108765
108809
108854
108911
108928
109203
109381
109515
109673
109695
109697
109698
109699
109739
109791
109793
109794
109795
109796
109995
110332
110482
110494
110564
110565
110567
110568
110569
110588
110610
110612
110613
110614
110640
110732
110733
110734
110735
110740
110745
110746
110747
110748
110749
110981
111072
111086
111114
111137
111274
111276
111475
111530
111531
111532
111605
111658
111670
111794
111806
111807
111871
111891
111892
111893
111925
112113
112114
112202
112208
112218
112291
112481
112518
112519
112520
112521
112603
112609
112610
112611
112613
112615
112616
112617
112673
112674
112675
112748
112749
112808
112815
112816
112817
112831
112832
112833
112834
112842
112844
112845
112959
112960
112961
113137
113165
113258
113305
113373
113375
113413
113414
113415
113416
113537
113538
113539
113540
113624
113669
113670
113798
113882
113943
113944
113945
114015
114016
114026
114088
114100
114106
114214
114216
114218
114250
114270
114271
114272
114453
114454
114492
114503
114511
114512
114529
114585
114648
114657
114706
114726
114923
115041
115086
115094
115095
115116
115125
115205
115226
115227
115305
115423
115424
115425
115440
115441
115442
115444
115445
115474
115475
115476
115477
115480
115485
115560
115626
115667
115764
115863
115864
115887
115888
115935
116059
116085
116272
116297
116358
116377
116381
116643
116644
116645
116679
116695
116696
116803
116804
116805
116806
116807
116959
117083
117129
117150
117257
117317
117318
117319
117354
117460
117461
117462
117501
117534
117549
117550
117551
117783
117931
117932
117965
117966
117992
118068
118318
118344
118499
118505
118661
118689
118690
118872
118904
118973
119029
119093
119196
119199
119216
119229
119230
119261
119359
119363
119421
119423
119487
119497
119511
119551
119578
119639
119703
119724
119735
119736
119768
119839
119840
119855
119878
120075
120172
120220
120225
120278
120279
120281
120297
120438
120446
120447
120459
120467
120611
120612
120652
120669
120670
120733
120825
120834
120845
120924
120956
121074
121081
121082
121086
121213
121429
121430
121431
121432
121453
121469
121494
121535
121541
121553
121627
121628
121635
121675
121695
121698
121738
121803
121812
121850
121947
121981
122013
122086
122146
122199
122228
122270
122283
122289
122357
122434
122461
122506
122514
122704
122752
122770
122874
122875
122889
122933
122934
122957
122992
123135
123136
123137
123160
123195
123197
123207
123225
123251
123261
123307
123324
123344
123345
123372
123373
123374
123381
123486
123508
123509
123510
123533
123610
123658
123688
123689
123704
123718
123760
123766
123767
123811
123842
123908
123929
123939
123959
123968
124016
124027
124037
124039
124040
124063
124086
124106
124146
124195
124196
124197
124199
124317
124348
124425
124435
124555
124556
124562
124563
124564
124664
124770
124771
124960
124962
124963
125004
125005
125006
125007
125034
125065
125101
125107
125122
125134
125135
125136
125137
125138
125163
125252
125253
125254
125255
125317
125318
125319
125320
125321
125414
125415
125416
125417
125419
125421
125670
125748
125749
125750
125752
125771
125772
125773
125774
125776
125777
125809
125826
125926
125927
125928
125929
125930
125934
125935
125937
125938
125939
126060
126079
126092
126093
126094
126155
126156
126157
126158
126219
126269
126328
126340
126342
126357
126363
126365
126384
126385
126387
126525
126565
126566
126567
126605
126615
126616
126618
126721
126722
126723
126764
126765
126836
126838
126949
126992
126993
127048
127049
127050
127243
127272
127273
127275
127277
127305
127325
127326
127327
127382
127437
127552
127553
127556
127572
127670
127726
127754
127779
127780
127789
127791
127794
127810
127812
127824
127825
127826
127831
127874
127980
127982
128013
128131
128153
128168
128177
128180
128394
128483
128524
128538
128588
128648
128659
128664
128698
128718
128730
128751
128756
128768
128815
128861
128862
128863
128864
128890
128892
128893
128951
128958
129182
129224
129231
129246
129285
129286
129310
129311
129368
129369
129370
129382
129390
129392
129394
129435
129494
129510
129591
129667
129708
129739
129752
129790
129791
129792
129793
129848
129849
129850
129852
129861
129862
129863
129864
129865
129917
130007
130008
130010
130037
130039
130042
130051
130061
130083
130115
130116
130179
130228
130253
130366
130367
130404
130539
130540
130541
130584
130592
130606
130607
130719
130778
130820
130851
130915
130939
130947
130948
130972
130993
131016
131017
131018
131117
131119
131217
131218
131219
131220
131262
131263
131264
131365
131366
131367
131409
131433
131441
131460
131481
131497
131529
131541
131565
131566
131567
131571
131657
131688
131718
131825
131849
131888
131889
131890
131928
131958
131979
131998
132006
132064
132065
132066
132067
132081
132114
132132
132182
132183
132207
132223
132274
132289
132318
132336
132337
132342
132408
132463
132464
132469
132479
132494
132499
132552
132563
132564
132601
132602
132622
132630
132647
132692
132693
132694
132726
132727
132728
132729
132812
132909
132976
133008
133025
133026
133027
133060
133064
133086
133098
133099
133120
133121
133143
133180
133216
133217
133219
133274
133368
133431
133496
133502
133550
133577
133607
133619
133664
133700
133739
133741
133744
133832
133883
133965
134003
134009
134010
134124
134135
134153
134157
134158
134177
134221
134276
134280
134298
134307
134317
134352
134360
134419
134434
134465
134475
134514
134519
134587
134606
134628
134629
134637
134639
134662
134683
134779
134780
134781
134821
134822
134823
134881
134925
134926
134928
134929
134930
134931
134939
135007
135050
135055
135057
135058
135059
135113
135114
135115
135116
135152
135153
135154
135155
135211
135219
135231
135269
135309
135330
135383
135385
135386
135387
135441
135448
135449
135450
135451
135470
135530
135579
135649
135741
135758
135776
135813
135864
135866
135964
135975
135976
135985
135987
136045
136056
136127
136128
136129
136155
136213
136215
136224
136336
136434
136566
136567
136568
136605
136614
136627
136643
136649
136735
136736
136737
136738
136740
136774
136860
136879
136980
137000
137098
137141
137166
137180
137207
137222
137228
137244
137260
137261
137262
137328
137340
137418
137429
137439
137503
137504
137505
137506
137508
137509
137573
137667
137686
137732
137737
137739
137769
137770
137771
137805
137838
137850
137858
137884
137913
137914
137915
137923
138055
138093
138100
138119
138179
138207
138221
138280
138304
138342
138365
138366
138371
138395
138396
138407
138414
138435
138469
138470
138471
138472
138473
138474
138517
138519
138522
138539
138540
138544
138563
138572
138574
138575
138596
138607
138650
138715
138737
138738
138739
138744
138763
138800
138831
138835
138840
138868
138893
138903
138905
138957
138958
138959
138960
138961
138962
138963
138987
138988
138989
139007
139010
139048
139077
139078
139080
139107
139151
139181
139183
139184
139232
139243
139263
139287
139288
139345
139357
139358
139359
139400
139403
139425
139426
139432
139433
139444
139445
139446
139460
139478
139479
139502
139503
139522
139527
139554
139624
139668
139696
139705
139723
139728
139783
139807
139808
139888
139892
139909
139939
139957
139982
139984
140040
140058
140068
140098
140123
140125
140126
140149
140152
140157
140159
140172
140195
140200
140208
140209
140210
140211
140228
140229
140249
140269
140304
140320
140322
140325
140326
140335
140336
140344
140350
140361
140365
140366
140396
140417
140430
140435
140436
140446
140468
140479
140480
140509
140543
140546
140551
140556
140572
140573
140615
140616
140617
140644
140663
140670
140679
140680
140692
140716
140719
140752
140757
140770
140795
140805
140814
140815
140829
140833
140839
140856
140909
140912
140915
140927
140929
140934
140944
140978
141044
141086
141098
141117
141144
141165
141180
141181
141182
141185
141208
141210
141211
141213
141217
141228
141263
141277
141307
141308
141360
141361
141362
141387
141392
141393
141394
141395
141632
141676
141688
141689
141691
141692
141694
141717
141718
141737
141739
141776
141777
141779
141780
141781
141798
141830
141831
141834
141838
141839
141889
141890
141891
141921
141935
141941
141942
141943
142071
142122
142135
142136
142137
142138
142139
142207
142214
142270
142271
142280
142308
142382
142383
142384
142387
142388
142410
142411
142438
142439
142446
142447
142448
142449
142455
142483
142525
142535
142564
142566
142577
142581
142608
142709
142751
142758
142760
142761
142790
142791
142793
142862
142874
142877
142890
142913
142914
142942
142948
142950
142962
143016
143028
143029
143059
143067
143068
143122
143183
143228
143304
143305
143306
143307
143308
143311
143312
143342
143370
143371
143376
143377
143397
143412
143413
143433
143444
143507
143508
143537
143538
143540
143554
143578
143604
143605
143606
143640
143697
143708
143736
143740
143775
143786
143791
143802
143813
143868
143869
143878
143912
143913
143918
143921
143958
143975
143976
143978
143996
144021
144050
144105
144106
144108
144112
144134
144140
144146
144153
144161
144164
144167
144184
144223
144225
144227
144228
144229
144262
144313
144362
144414
144473
144476
144477
144489
144492
144505
144516
144518
144532
144535
144541
144562
144583
144632
144677
144678
144680
144681
144707
144710
144711
144714
144760
144761
144776
144781
144782
144809
144873
144878
144912
144965
144984
145017
145043
145044
145047
145051
145064
145122
145123
145148
145150
145154
145155
145184
145236
145273
145291
145292
145294
145296
145297
145301
145329
145331
145342
145354
145359
145381
145384
145396
145398
145399
145407
145409
145440
145457
145483
145484
145485
145578
145582
145583
145592
145605
145647
145679
145686
145696
145705
145738
145834
145899
145976
145999
146000
146003
146010
146016
146030
146032
146037
146055
146079
146081
146126
146132
146156
146186
146197
146213
146218
146249
146267
146268
146283
146314
146332
146338
146361
146379
146396
146407
146481
146495
146511
146517
146518
146520
146522
146533
146552
146559
146585
146586
146587
146592
146605
146606
146612
146644
146657
146682
146736
146746
146755
146759
146760
146761
146807
146828
146980
147046
147118
147133
147142
147171
147195
147231
147238
147239
147318
147373
147374
147396
147448
147537
147539
147564
147576
147665
147679
147732
147763
