4242
6982
6983
6984
11186
11213
12460
12683
13369
14024
14403
18460
19172
19173
19175
20543
20848
20861
21705
21996
22112
22144
22160
22957
23300
24777
25615
26077
27771
27772
27922
27978
28233
29299
29975
30494
30507
30791
31901
32714
32957
33454
33455
33457
35896
35897
37352
37353
38241
39338
39422
41380
41807
41822
43113
43849
43851
43852
44663
44664
45810
45811
45813
47064
53592
56019
56772
61072
61073
62484
62855
62856
63578
72879
80798
88793
106036
106326
108754
113097
115675
115676
120048
120516
122083
122648
123962
124687
125566
125816
126476
128872
128873
130467
131299
133090
134017
134107
134455
135311
135506
136135
136202
136656
137253
139533
139925
140296
140409
140439
140507
140639
140640
140764
140888
141740
142033
142147
142148
142619
142690
142691
142839
143171
143686
144006
144011
144012
144267
144375
144384
144599
144606
144607
144779
144780
144935
145088
145345
145466
145467
146051
146539
146627
147021
147065
147192
147250
147450
147452
