14
40
45
71
86
95
117
118
119
123
140
147
178
190
199
200
202
203
205
231
233
234
242
288
298
319
321
337
339
340
341
343
345
348
354
372
381
417
418
419
420
445
473
491
494
508
511
525
548
556
557
600
630
632
673
677
678
679
683
685
686
687
696
721
723
724
725
727
729
749
772
774
775
816
819
820
843
846
847
849
901
903
905
917
919
964
985
1014
1017
1032
1033
1074
1075
1083
1112
1126
1167
1181
1185
1187
1188
1285
1332
1337
1339
1341
1342
1356
1357
1359
1408
1410
1414
1488
1493
1535
1550
1552
1553
1561
1569
1603
1604
1605
1606
1607
1608
1644
1645
1648
1650
1663
1678
1679
1680
1778
1781
1785
1792
1793
1794
1795
1796
1830
1838
1848
1871
1887
1940
1946
1955
1968
2012
2017
2018
2020
2021
2033
2034
2042
2063
2085
2090
2092
2109
2117
2131
2133
2145
2146
2150
2157
2168
2176
2188
2197
2247
2279
2288
2300
2373
2374
2376
2377
2393
2396
2397
2398
2400
2402
2428
2466
2492
2493
2497
2526
2553
2555
2556
2573
2574
2589
2593
2625
2626
2627
2629
2630
2655
2688
2690
2691
2693
2694
2734
2762
2764
2765
2771
2796
2806
2819
2820
2821
2828
2829
2849
2850
2851
2854
2892
2894
2896
2922
2926
2927
3050
3052
3100
3243
3244
3270
3272
3277
3279
3280
3298
3305
3308
3310
3334
3351
3352
3353
3359
3382
3384
3435
3464
3465
3480
3481
3510
3518
3522
3549
3550
3554
3555
3559
3560
3565
3640
3651
3681
3719
3732
3739
3744
3745
3754
3762
3794
3812
3825
3870
3886
3888
3897
3928
3929
3931
3932
3970
3971
3972
3973
3975
3976
3981
4080
4109
4162
4169
4171
4172
4174
4184
4185
4187
4188
4189
4195
4234
4275
4276
4288
4307
4313
4314
4315
4317
4318
4401
4405
4418
4462
4512
4530
4545
4547
4623
4637
4656
4657
4658
4662
4663
4664
4666
4676
4710
4721
4736
4739
4745
4747
4801
4819
4820
4821
4824
4826
4828
4829
4862
4878
4879
4881
4882
4884
4993
5019
5021
5027
5031
5033
5036
5044
5046
5078
5079
5101
5102
5111
5140
5141
5147
5197
5233
5257
5258
5259
5281
5308
5337
5360
5425
5431
5434
5435
5436
5459
5464
5479
5480
5482
5487
5493
5494
5495
5496
5498
5499
5520
5574
5612
5613
5664
5666
5668
5669
5679
5704
5705
5708
5731
5770
5771
5793
5861
5894
5906
5913
5969
5982
6090
6093
6095
6102
6119
6124
6184
6186
6197
6200
6229
6240
6256
6257
6297
6405
6407
6432
6434
6435
6438
6440
6441
6442
6459
6461
6463
6489
6522
6560
6561
6563
6564
6565
6598
6600
6602
6738
6799
6845
6873
6887
6937
7015
7042
7043
7044
7065
7066
7068
7089
7094
7101
7133
7134
7136
7137
7163
7164
7165
7208
7209
7211
7212
7214
7224
7225
7227
7228
7229
7241
7306
7331
7376
7386
7388
7389
7403
7405
7406
7407
7408
7570
7577
7579
7605
7606
7616
7617
7618
7622
7712
7713
7767
7779
7787
7789
7791
7815
7838
7851
7855
7875
7877
7879
7880
7881
7888
7890
7892
7929
7948
7949
7956
7973
7976
7977
7979
7980
7985
8019
8033
8037
8042
8043
8044
8045
8046
8058
8121
8122
8123
8125
8126
8141
8143
8144
8160
8190
8191
8192
8201
8300
8302
8339
8393
8425
8477
8478
8486
8487
8488
8570
8580
8594
8615
8636
8650
8658
8659
8774
8819
8845
8866
8867
8870
8879
8882
8886
8894
8917
8943
8952
8953
8981
9018
9058
9066
9071
9106
9126
9151
9152
9192
9268
9273
9308
9323
9372
9428
9431
9433
9451
9452
9468
9482
9488
9495
9500
9513
9527
9534
9581
9582
9587
9589
9591
9637
9648
9666
9706
9715
9721
9767
9768
9818
9840
9933
9951
9952
10011
10012
10014
10015
10016
10053
10054
10055
10056
10058
10063
10088
10114
10121
10122
10124
10126
10135
10166
10218
10263
10264
10267
10268
10278
10406
10408
10409
10410
10446
10521
10523
10524
10525
10599
10636
10671
10699
10728
10748
10757
10758
10759
10760
10841
10866
10872
10891
10937
10939
10940
10942
10943
10944
10957
10964
11010
11047
11075
11094
11137
11139
11140
11142
11143
11188
11195
11263
11264
11265
11266
11268
11269
11270
11291
11296
11297
11298
11299
11300
11320
11333
11342
11343
11344
11355
11373
11376
11378
11380
11390
11391
11392
11436
11440
11448
11478
11499
11500
11501
11502
11504
11557
11560
11587
11606
11607
11608
11619
11629
11634
11686
11710
11719
11800
11815
11864
11900
11901
11902
11952
11957
11996
11998
11999
12000
12015
12016
12017
12018
12036
12070
12086
12091
12103
12105
12106
12107
12138
12151
12152
12153
12154
12155
12183
12203
12335
12354
12401
12442
12482
12483
12599
12600
12602
12613
12615
12623
12657
12690
12691
12692
12693
12740
12746
12767
12792
12793
12794
12830
12845
12856
12858
12859
12860
12932
12937
12948
12975
12977
12978
12979
13016
13018
13019
13021
13065
13074
13076
13083
13084
13154
13163
13165
13194
13209
13210
13211
13231
13300
13307
13352
13353
13367
13385
13396
13397
13398
13448
13449
13473
13474
13500
13508
13510
13511
13525
13664
13736
13766
13768
13770
13776
13777
13840
13925
13970
13977
14041
14054
14055
14056
14088
14101
14125
14190
14244
14250
14253
14259
14265
14352
14357
14383
14412
14451
14455
14456
14487
14488
14575
14655
14710
14748
14857
14858
14944
14967
14974
15064
15071
15072
15105
15152
15161
15162
15216
15254
15256
15257
15271
15272
15273
15275
15276
15303
15304
15305
15307
15308
15319
15320
15322
15405
15436
15453
15566
15568
15632
15633
15634
15689
15697
15723
15768
15770
15773
15775
15776
15845
15860
15861
15863
16041
16043
16045
16057
16058
16060
16061
16082
16086
16088
16096
16098
16099
16108
16131
16132
16134
16175
16200
16243
16246
16343
16424
16426
16464
16503
16506
16517
16532
16648
16661
16741
16742
16743
16744
16746
16754
16807
16817
16819
16820
16835
16838
16870
16871
16873
16876
16878
16879
16880
16961
16963
17135
17136
17137
17139
17140
17141
17149
17150
17152
17153
17158
17161
17190
17191
17193
17231
17363
17364
17365
17382
17383
17384
17385
17392
17432
17449
17450
17453
17454
17471
17498
17632
17700
17764
17765
17766
17768
17779
17780
17782
17841
17895
17911
17985
18057
18059
18060
18140
18141
18143
18164
18165
18167
18169
18261
18382
18383
18384
18387
18477
18479
18480
18481
18519
18520
18523
18524
18552
18554
18555
18556
18557
18622
18627
18628
18630
18631
18632
18659
18661
18709
18711
18712
18713
18760
18761
18767
18771
18772
18807
18809
18830
18832
18833
18862
18882
18904
18993
18994
18996
18997
18998
19002
19021
19063
19065
19083
19085
19086
19100
19101
19102
19103
19105
19137
19139
19141
19142
19143
19145
19146
19279
19280
19281
19320
19345
19355
19378
19414
19443
19456
19487
19526
19527
19551
19552
19553
19554
19604
19638
19671
19672
19745
19746
19748
19767
19803
19811
19812
19839
19861
19868
19880
19891
19892
19901
19977
19978
20010
20017
20019
20026
20056
20077
20085
20086
20092
20113
20114
20115
20116
20162
20200
20219
20283
20307
20326
20337
20339
20352
20369
20409
20420
20427
20428
20493
20495
20504
20519
20526
20570
20581
20591
20708
20719
20753
20756
20794
20795
20818
20849
20850
20851
20870
20871
20897
20904
20944
20966
21018
21026
21027
21030
21035
21174
21214
21217
21224
21236
21237
21249
21260
21368
21425
21447
21448
21508
21544
21574
21575
21576
21687
21692
21706
21719
21824
21836
21849
21863
21882
22059
22069
22077
22097
22102
22188
22193
22195
22196
22222
22462
22465
22467
22468
22469
22472
22487
22499
22626
22635
22759
22760
22761
22762
22781
22782
22783
22785
22915
22969
23003
23005
23007
23008
23009
23011
23012
23013
23107
23172
23286
23287
23318
23336
23339
23340
23341
23342
23343
23344
23547
23694
23795
23866
23868
23870
23871
23978
23979
23980
23982
23983
23984
24113
24114
24116
24118
24119
24130
24139
24179
24180
24181
24242
24266
24279
24321
24373
24375
24376
24377
24497
24499
24500
24572
24611
24656
24689
24720
24742
24751
24752
24754
24844
24845
24846
24847
24848
24864
24865
24885
24886
24887
24924
24925
24926
24983
24994
24995
24997
24998
25003
25011
25033
25122
25243
25257
25262
25263
25264
25266
25267
25268
25269
25285
25299
25305
25482
25531
25534
25537
25540
25541
25548
25550
25621
25622
25623
25624
25627
25634
25638
25640
25648
25649
25650
25780
25781
25782
25814
25816
25818
25931
25932
25933
25935
25936
26004
26005
26038
26219
26221
26223
26224
26250
26261
26271
26291
26293
26299
26300
26329
26401
26626
26654
26692
26854
26855
26856
26885
26886
26888
26892
26893
26895
26985
27108
27155
27162
27165
27166
27167
27168
27249
27287
27289
27291
27298
27352
27361
27457
27458
27459
27461
27488
27489
27490
27491
27492
27493
27494
27584
27597
27598
27648
27664
27800
27816
27817
27825
27874
27875
27902
27908
27918
27919
27921
27929
28037
28148
28151
28248
28263
28265
28272
28279
28297
28299
28301
28302
28303
28401
28403
28404
28455
28485
28486
28496
28497
28498
28499
28500
28502
28506
28521
28587
28588
28635
28636
28637
28638
28639
28640
28686
28709
28711
28733
28749
28770
28774
28775
28824
28860
28864
28865
28913
28983
29000
29003
29004
29009
29056
29057
29061
29062
29081
29082
29125
29128
29129
29135
29136
29189
29192
29220
29221
29222
29236
29283
29304
29333
29341
29345
29347
29405
29564
29569
29578
29595
29652
29657
29658
29696
29697
29702
29703
29791
29821
29827
29840
29866
29867
29868
29870
29877
29878
29896
29923
29981
29984
29985
30026
30056
30062
30083
30110
30113
30116
30131
30140
30145
30159
30165
30175
30177
30178
30199
30221
30227
30231
30253
30261
30287
30296
30304
30318
30319
30323
30327
30334
30372
30383
30385
30395
30407
30428
30446
30447
30500
30505
30506
30509
30513
30550
30563
30611
30638
30639
30640
30648
30658
30666
30684
30703
30704
30723
30724
30727
30732
30734
30748
30752
30766
30768
30776
30781
30799
30829
30833
30840
30843
30847
30853
30860
30865
30880
30881
30882
30883
30885
30886
30892
30910
30925
30946
30947
30951
30957
30970
30991
31009
31041
31088
31122
31124
31134
31137
31139
31151
31166
31208
31230
31308
31358
31366
31368
31369
31370
31377
31380
31381
31445
31446
31447
31449
31450
31452
31489
31518
31619
31620
31623
31698
31794
31814
31859
31915
31916
31944
31945
31946
31988
31996
32048
32049
32051
32052
32053
32066
32067
32069
32070
32105
32107
32129
32154
32180
32189
32210
32211
32252
32258
32264
32270
32274
32335
32389
32390
32392
32393
32394
32395
32467
32503
32521
32522
32524
32525
32526
32527
32529
32530
32531
32570
32576
32577
32578
32579
32598
32661
32662
32706
32754
32930
32996
32997
33032
33033
33034
33069
33070
33072
33073
33088
33159
33170
33171
33173
33174
33186
33240
33278
33289
33290
33291
33401
33422
33477
33478
33479
33481
33511
33513
33514
33516
33629
33762
33779
33780
33781
33782
33783
33911
33956
33957
33959
33960
33961
34001
34003
34121
34122
34123
34151
34193
34306
34307
34308
34309
34336
34338
34339
34364
34489
34491
34494
34495
34538
34553
34611
34614
34764
34766
34767
34768
34770
34805
34868
34876
34877
34879
34881
34913
34915
34916
34966
34967
34968
34969
34980
35043
35162
35166
35167
35192
35233
35234
35235
35253
35304
35305
35306
35313
35314
35315
35316
35317
35338
35340
35366
35370
35372
35386
35387
35388
35411
35432
35434
35480
35514
35520
35521
35764
35779
35790
35791
35793
35794
35795
35863
35864
35865
35885
35915
35928
36052
36053
36054
36055
36056
36109
36172
36173
36175
36181
36182
36183
36184
36185
36194
36195
36196
36197
36205
36206
36212
36233
36234
36235
36236
36262
36263
36264
36265
36284
36301
36302
36304
36307
36330
36394
36548
36565
36587
36588
36635
36671
36723
36789
36792
36841
36860
36864
36887
36889
36891
36914
36958
36959
36960
36961
36962
36963
36970
36971
36972
36974
36975
36976
37111
37136
37137
37138
37149
37150
37151
37220
37221
37244
37247
37248
37280
37342
37359
37401
37417
37474
37476
37477
37478
37596
37656
37657
37659
37665
37666
37678
37679
37745
37746
37747
37748
37798
37862
37863
37887
37888
37891
37905
37932
37933
37935
37940
37995
38013
38014
38015
38061
38063
38064
38065
38085
38087
38088
38094
38095
38096
38148
38149
38151
38152
38202
38261
38295
38326
38327
38328
38334
38335
38366
38367
38368
38386
38475
38476
38477
38478
38479
38483
38484
38487
38488
38489
38490
38493
38496
38512
38524
38541
38542
38564
38565
38566
38573
38574
38600
38603
38641
38642
38670
38693
38694
38727
38728
38729
38736
38737
38756
38757
38758
38770
38899
38900
38909
38923
38949
39037
39042
39043
39044
39182
39216
39237
39253
39254
39310
39321
39360
39408
39417
39418
39420
39421
39435
39436
39546
39587
39589
39598
39763
39794
39887
39889
39890
39903
39905
39924
39925
39926
39929
39942
39963
39964
39979
40007
40056
40057
40058
40060
40061
40062
40082
40083
40084
40105
40125
40126
40144
40178
40198
40201
40216
40349
40350
40352
40405
40425
40527
40599
40601
40629
40649
40688
40711
40744
40756
40757
40764
40769
40771
40772
40773
40937
40959
40981
41001
41011
41012
41078
41091
41092
41152
41178
41238
41285
41288
41357
41440
41441
41540
41563
41608
41618
41627
41644
41665
41678
41717
41764
41787
41833
41881
41894
41937
41948
41949
41960
41968
41982
41983
41985
42020
42042
42052
42062
42068
42207
42208
42209
42214
42234
42247
42298
42309
42314
42350
42381
42411
42416
42460
42482
42490
42492
42493
42501
42503
42549
42558
42633
42664
42672
42718
42732
42774
42801
42891
42899
42930
42932
42933
42935
42936
43018
43105
43106
43107
43151
43153
43155
43157
43158
43205
43217
43368
43386
43451
43463
43553
43554
43556
43596
43634
43657
43773
43774
43775
43777
43778
43794
43795
43812
43840
43988
43989
43990
43992
44010
44178
44179
44180
44181
44182
44183
44272
44296
44304
44333
44358
44374
44544
44552
44553
44555
44556
44557
44558
44640
44749
44750
44751
44854
44932
44933
44935
44936
44937
44938
44957
44974
44975
44976
44978
44979
44980
45008
45036
45044
45071
45072
45073
45074
45075
45144
45145
45146
45259
45289
45312
45394
45395
45396
45410
45412
45420
45431
45605
45693
45789
45791
45792
45793
45802
45851
45855
45856
45874
45875
45877
45919
45980
46030
46031
46032
46033
46034
46069
46092
46093
46095
46117
46148
46180
46181
46182
46247
46300
46338
46339
46404
46481
46482
46483
46556
46619
46621
46622
46623
46625
46626
46671
46724
46759
46761
46762
46766
46801
46807
46854
46862
46864
46995
47008
47089
47116
47117
47159
47160
47161
47162
47163
47190
47232
47233
47234
47235
47236
47237
47276
47308
47311
47314
47315
47316
47331
47389
47390
47391
47401
47486
47488
47489
47512
47513
47514
47516
47517
47574
47581
47608
47657
47725
47727
47728
47776
47783
47889
47926
47934
47935
48041
48042
48043
48091
48092
48093
48109
48166
48340
48341
48342
48390
48391
48392
48393
48475
48476
48477
48484
48485
48486
48487
48489
48511
48522
48564
48565
48571
48572
48573
48603
48618
48622
48634
48657
48681
48756
48760
48800
48914
48916
48917
48918
48990
48991
48992
48994
49050
49087
49131
49137
49138
49139
49140
49158
49159
49174
49209
49211
49212
49213
49260
49287
49310
49312
49313
49371
49375
49377
49384
49386
49516
49517
49537
49538
49539
49555
49556
49586
49587
49612
49613
49688
49711
49835
49847
49848
49849
49850
49855
49856
49901
49903
49904
49905
49906
49914
49915
49935
49996
49997
50006
50055
50059
50060
50061
50062
50063
50173
50174
50189
50212
50213
50215
50216
50250
50251
50261
50262
50263
50285
50286
50287
50298
50299
50316
50317
50318
50319
50329
50341
50342
50343
50369
50391
50446
50448
50449
50483
50495
50570
50571
50597
50629
50665
50667
50676
50753
50755
50756
50824
50829
50850
50870
50968
50969
50970
50996
51013
51053
51054
51055
51071
51083
51084
51085
51143
51257
51300
51301
51316
51320
51344
51374
51385
51400
51402
51403
51453
51454
51455
51477
51478
51505
51506
51584
51589
51642
51643
51644
51693
51694
51702
51725
51726
51759
51786
51788
51842
51843
51871
51885
51937
51959
51996
52001
52015
52053
52054
52068
52078
52185
52189
52207
52208
52209
52210
52274
52289
52317
52318
52324
52339
52340
52346
52347
52358
52359
52362
52363
52384
52385
52386
52387
52388
52389
52390
52417
52507
52508
52630
52675
52676
52686
52687
52701
52705
52707
52735
52757
52783
52791
52810
52813
52861
52862
52864
52865
52866
52881
52882
52920
53082
53112
53115
53116
53117
53167
53185
53254
53255
53257
53302
53307
53335
53358
53417
53419
53420
53422
53423
53442
53443
53447
53462
53496
53498
53503
53524
53528
53531
53544
53588
53606
53662
53683
53686
53688
53690
53691
53700
53782
53783
53784
53799
53888
53913
53939
53947
53976
53978
53979
53990
54035
54065
54116
54131
54194
54205
54244
54246
54255
54259
54321
54369
54374
54375
54380
54456
54457
54458
54466
54479
54481
54483
54494
54495
54496
54497
54519
54564
54580
54679
54680
54685
54693
54695
54741
54742
54809
54810
54813
54814
54825
54826
54830
54873
54878
54889
54921
54931
54962
54963
54982
54983
54986
54987
55000
55011
55018
55019
55034
55042
55048
55156
55163
55191
55192
55205
55248
55249
55250
55251
55252
55257
55271
55272
55274
55282
55295
55319
55333
55346
55379
55380
55381
55400
55401
55408
55515
55519
55581
55609
55647
55653
55668
55691
55695
55747
55758
55762
55763
55765
55775
55781
55793
55810
55813
55822
55838
55845
55867
55877
55895
55899
55905
55907
55923
55924
55947
55968
55972
55977
55981
55985
55988
55989
56007
56013
56024
56025
56027
56028
56034
56038
56052
56056
56064
56066
56067
56083
56108
56120
56135
56139
56158
56167
56168
56177
56186
56187
56191
56198
56205
56227
56229
56230
56231
56232
56233
56234
56270
56271
56272
56273
56330
56424
56430
56438
56452
56453
56455
56456
56564
56588
56589
56590
56591
56592
56835
56973
56974
56976
56977
57029
57071
57084
57148
57174
57292
57313
57318
57319
57320
57321
57373
57375
57376
57462
57463
57465
57466
57468
57469
57475
57488
57498
57505
57510
57511
57512
57515
57527
57541
57543
57544
57545
57547
57548
57549
57572
57575
57577
57578
57579
57581
57630
57633
57634
57643
57668
57684
57690
57761
57764
57783
57786
57787
57799
57800
57801
57815
57874
57900
57901
57995
58017
58018
58019
58020
58027
58041
58042
58044
58045
58046
58047
58048
58083
58127
58147
58148
58149
58150
58250
58277
58312
58313
58314
58315
58316
58396
58398
58399
58428
58663
58674
58795
58797
58893
58900
58943
58945
58946
58947
58974
58982
58992
59021
59115
59137
59221
59264
59316
59317
59318
59319
59320
59389
59390
59391
59392
59394
59487
59544
59545
59546
59582
59584
59585
59586
59587
59588
59608
59614
59616
59627
59628
59629
59630
59651
59653
59654
59655
59669
59670
59671
59725
59759
59856
59885
59886
59887
59888
59912
59930
59931
59939
59940
59976
60006
60008
60009
60049
60087
60088
60089
60090
60095
60144
60175
60178
60260
60261
60262
60263
60264
60265
60343
60399
60401
60402
60403
60404
60426
60427
60428
60429
60441
60448
60498
60510
60574
60575
60576
60577
60615
60636
60639
60658
60660
60661
60662
60696
60742
60781
60782
60783
60784
60785
60786
60800
60826
60830
60890
60891
60947
60949
60950
60953
60968
61049
61098
61100
61153
61240
61338
61434
61449
61547
61548
61549
61550
61551
61552
61553
61555
61556
61598
61601
61602
61772
61784
61828
61830
61831
61832
61840
61841
61842
61843
61907
61908
61910
61933
61971
61972
61973
61975
61976
61977
61978
62031
62130
62170
62206
62207
62208
62209
62244
62277
62278
62279
62284
62285
62286
62287
62288
62289
62290
62291
62373
62431
62445
62468
62560
62601
62642
62680
62713
62715
62724
62739
62752
62753
62754
62755
62757
62758
62759
62838
62848
62983
62984
62986
62987
63016
63017
63019
63020
63021
63022
63031
63062
63064
63065
63066
63076
63077
63089
63124
63128
63149
63163
63179
63196
63244
63246
63267
63278
63279
63280
63326
63335
63355
63356
63357
63367
63368
63369
63376
63474
63490
63561
63562
63564
63565
63623
63626
63628
63629
63630
63631
63632
63761
63776
63778
63780
63781
63801
63823
63824
63825
63826
63833
63834
63840
63841
63842
63875
63876
63877
63936
63961
63978
63979
63980
63981
64050
64132
64133
64140
64141
64142
64143
64184
64340
64393
64399
64419
64442
64443
64444
64446
64480
64511
64576
64577
64578
64579
64580
64597
64598
64599
64617
64640
64641
64706
64731
64825
64840
64847
64850
64862
64864
64865
64866
64897
64937
64970
64971
64972
65105
65112
65113
65195
65196
65317
65324
65396
65440
65441
65446
65447
65449
65450
65457
65458
65459
65462
65598
65605
65611
65612
65613
65614
65618
65676
65694
65747
65748
65749
65790
65791
65934
65953
65988
65990
65991
65992
66009
66034
66035
66057
66058
66247
66260
66262
66270
66280
66298
66311
66314
66315
66336
66375
66376
66487
66642
66656
66733
66734
66735
66774
66775
66776
66795
66800
66828
66829
66841
66845
66851
66891
66956
66962
66975
66976
67027
67094
67128
67129
67131
67195
67196
67197
67198
67199
67259
67260
67331
67335
67340
67355
67393
67427
67454
67467
67550
67597
67598
67601
67660
67674
67736
67737
67739
67777
67816
67840
67841
67842
67845
67857
67870
67913
67915
67934
67970
67995
67996
68002
68031
68038
68053
68060
68061
68063
68064
68077
68130
68131
68162
68164
68169
68226
68227
68228
68229
68262
68263
68264
68267
68272
68295
68331
68429
68431
68432
68437
68450
68488
68513
68514
68529
68530
68533
68569
68570
68574
68575
68576
68587
68597
68659
68698
68700
68717
68718
68723
68727
68792
68830
68851
68894
68898
68903
68924
68925
68926
68927
68928
68956
68957
68958
69006
69008
69009
69010
69011
69064
69111
69126
69130
69147
69148
69150
69154
69169
69181
69182
69257
69258
69259
69299
69329
69412
69433
69453
69454
69474
69498
69514
69535
69552
69553
69554
69572
69573
69584
69595
69608
69677
69732
69740
69779
69781
69782
69789
69799
69814
69815
69822
69825
69833
69846
69849
69866
69869
69912
69917
69938
69945
69982
70006
70007
70015
70016
70045
70053
70060
70087
70093
70097
70108
70137
70204
70264
70265
70267
70312
70318
70319
70320
70338
70367
70399
70400
70401
70403
70407
70424
70440
70498
70499
70529
70549
70603
70612
70613
70614
70627
70648
70680
70687
70688
70716
70825
70835
70854
70873
70918
70922
70924
70928
70948
70953
70962
70975
70985
71011
71053
71068
71083
71097
71118
71135
71137
71152
71154
71155
71156
71173
71182
71200
71201
71230
71232
71251
71258
71265
71273
71279
71287
71288
71289
71325
71351
71356
71379
71388
71398
71399
71400
71401
71402
71492
71533
71550
71564
71594
71595
71674
71677
71698
71699
71715
71725
71732
71736
71746
71754
71802
71803
71804
71815
71816
71841
71849
71869
71877
71884
71890
71911
71927
71934
71948
71972
71976
71995
72000
72001
72051
72065
72080
72085
72106
72110
72152
72158
72162
72199
72210
72221
72300
72302
72305
72319
72330
72399
72401
72451
72476
72479
72480
72481
72511
72530
72553
72637
72639
72714
72720
72746
72748
72845
72885
72886
72888
72889
72890
72982
73130
73165
73193
73205
73207
73208
73256
73261
73263
73265
73266
73268
73274
73275
73276
73277
73278
73373
73379
73416
73417
73547
73548
73553
73555
73557
73558
73559
73566
73567
73568
73569
73570
73583
73584
73585
73616
73617
73618
73619
73647
73648
73649
73720
73789
73792
73800
73880
73882
73883
73933
73934
73963
73966
74028
74036
74037
74039
74066
74067
74068
74069
74070
74086
74100
74163
74164
74165
74166
74167
74203
74205
74206
74207
74209
74210
74237
74238
74239
74241
74299
74352
74353
74355
74409
74439
74466
74468
74469
74470
74472
74473
74474
74489
74490
74491
74493
74494
74495
74496
74593
74594
74595
74640
74667
74669
74670
74672
74673
74674
74680
74763
74764
74767
74768
74769
74781
74808
74848
74849
74850
74851
74852
74859
74860
74861
74862
74864
74866
74868
74869
74870
74871
74872
74873
74894
74958
74960
75060
75177
75338
75391
75392
75393
75394
75402
75405
75425
75506
75507
75509
75510
75511
75512
75513
75514
75531
75533
75534
75573
75624
75651
75652
75653
75654
75657
75663
75746
75815
75816
75817
75835
75842
75843
75844
75855
75961
76108
76118
76120
76122
76123
76124
76138
76149
76159
76185
76186
76187
76202
76226
76227
76228
76229
76230
76232
76288
76423
76424
76425
76439
76447
76449
76450
76451
76452
76453
76454
76509
76511
76549
76551
76628
76629
76630
76668
76669
76670
76671
76672
76728
76729
76730
76764
76765
76766
76779
76790
76830
76955
76957
76958
76959
76960
76961
76962
76995
76998
77024
77028
77143
77148
77151
77187
77188
77189
77190
77191
77200
77233
77234
77235
77254
77276
77277
77278
77289
77303
77305
77307
77352
77396
77402
77404
77405
77407
77465
77513
77514
77515
77516
77517
77607
77608
77609
77611
77612
77613
77707
77708
77709
77710
77773
77795
77799
77800
77801
77802
77803
77804
77823
77824
77825
77826
77868
77900
77901
77910
77937
78038
78039
78040
78041
78042
78074
78075
78076
78077
78086
78087
78088
78089
78097
78123
78124
78126
78143
78144
78145
78155
78164
78182
78183
78187
78283
78343
78370
78412
78413
78414
78415
78489
78490
78503
78523
78581
78685
78716
78777
78795
78796
78823
78824
78825
78826
78827
78829
78847
78849
78851
78852
78869
78923
78924
78925
78926
78927
78948
78983
78984
78985
79036
79083
79102
79116
79221
79222
79223
79224
79231
79307
79310
79311
79313
79314
79366
79376
79409
79416
79417
79443
79444
79445
79474
79536
79537
79538
79539
79706
79772
79773
79783
79784
79785
79786
79811
79814
79815
79819
79822
79829
79830
79839
79919
79921
79923
79935
79936
79949
79950
79951
79953
79954
79955
79959
79960
80009
80036
80041
80097
80098
80100
80101
80136
80140
80151
80218
80223
80224
80246
80252
80256
80279
80280
80281
80282
80295
80305
80306
80307
80308
80352
80485
80488
80536
80537
80539
80540
80541
80542
80593
80595
80605
80606
80618
80619
80620
80621
80641
80642
80663
80715
80720
80775
80777
80817
80849
80940
80994
80995
80996
80997
80998
81001
81003
81004
81036
81076
81088
81141
81142
81143
81145
81157
81161
81162
81214
81221
81225
81227
81229
81244
81398
81403
81501
81561
81562
81593
81649
81675
81677
81678
81679
81701
81703
81704
81721
81722
81723
81803
81809
81810
81812
81814
81846
81848
81864
81865
81866
81881
81882
81947
81948
81949
81950
81951
81952
81978
81981
81990
82048
82050
82113
82234
82302
82303
82304
82337
82338
82362
82363
82364
82365
82388
82488
82529
82533
82534
82535
82536
82554
82555
82568
82570
82582
82595
82597
82598
82627
82650
82651
82706
82725
82726
82727
82728
82759
82771
82772
82818
82879
82901
82978
83040
83041
83042
83044
83091
83092
83093
83094
83113
83120
83160
83177
83178
83179
83180
83181
83224
83225
83227
83242
83259
83260
83261
83265
83266
83344
83442
83443
83448
83492
83500
83590
83591
83663
83720
83738
83749
83792
83872
83875
83876
83894
83895
83896
83898
83902
83904
83947
83948
83949
83960
83969
83970
84004
84051
84052
84054
84170
84181
84270
84317
84321
84322
84352
84353
84365
84367
84392
84415
84434
84435
84487
84514
84543
84562
84563
84564
84599
84600
84734
84735
84757
84827
84836
84849
84850
84851
84853
84881
84909
84910
85014
85017
85018
85032
85033
85034
85048
85058
85102
85110
85111
85120
85141
85142
85178
85188
85197
85200
85213
85289
85351
85352
85353
85359
85374
85400
85425
85426
85449
85473
85521
85542
85571
85591
85592
85606
85611
85613
85614
85635
85660
85685
85767
85769
85789
85790
85791
85869
85915
85933
85955
85956
85981
85998
86011
86012
86018
86020
86021
86022
86023
86024
86025
86043
86072
86102
86118
86126
86127
86149
86163
86179
86186
86196
86330
86362
86363
86365
86468
86495
86515
86527
86538
86564
86584
86599
86604
86730
86733
86746
86747
86748
86766
86793
86794
86803
86811
86835
86845
86846
86859
86873
86890
86891
86892
86932
86963
86964
86965
86966
86967
86968
86969
86970
86981
86982
87028
87031
87032
87055
87056
87057
87058
87173
87182
87183
87207
87208
87209
87211
87213
87214
87224
87231
87253
87269
87277
87284
87296
87301
87311
87325
87357
87394
87398
87422
87426
87437
87464
87516
87553
87559
87566
87614
87630
87642
87683
87721
87722
87748
87749
87761
87762
87778
87848
87902
87932
87960
87986
87987
88017
88018
88029
88037
88038
88039
88068
88084
88091
88099
88100
88116
88117
88118
88120
88157
88160
88209
88210
88239
88289
88307
88326
88332
88376
88392
88393
88397
88398
88423
88444
88456
88493
88494
88495
88571
88597
88641
88645
88655
88667
88703
88718
88719
88720
88722
88758
88774
88804
88839
88860
88967
88998
89045
89059
89073
89082
89116
89117
89127
89164
89170
89173
89238
89239
89257
89273
89279
89285
89286
89289
89332
89335
89356
89360
89361
89374
89390
89415
89427
89435
89436
89451
89452
89557
89560
89591
89605
89606
89625
89643
89649
89652
89655
89685
89695
89696
89714
89793
89803
89817
89829
89883
89884
89890
89896
89913
89932
89942
90017
90033
90066
90096
90129
90146
90185
90211
90223
90230
90265
90287
90298
90304
90322
90338
90342
90384
90387
90395
90406
90417
90452
90490
90491
90492
90493
90494
90495
90496
90497
90600
90601
90602
90603
90604
90700
90701
90702
90703
90704
90705
90706
90839
90858
90859
90860
90861
90863
91094
91175
91187
91243
91244
91245
91246
91276
91293
91309
91310
91312
91313
91323
91395
91477
91484
91563
91576
91610
91611
91696
91708
91709
91710
91711
91712
91713
91715
91724
91887
91948
92015
92038
92113
92114
92116
92173
92210
92223
92258
92259
92260
92261
92262
92263
92264
92325
92331
92354
92356
92357
92410
92411
92412
92413
92415
92421
92461
92512
92537
92539
92540
92541
92550
92582
92601
92698
92716
92833
92863
92877
92885
92891
92894
92895
92941
92942
92943
92944
92954
92955
92956
92958
92959
93059
93060
93069
93070
93071
93109
93110
93112
93170
93183
93185
93186
93187
93189
93212
93213
93214
93215
93216
93253
93275
93298
93299
93300
93301
93302
93303
93304
93363
93377
93378
93379
93380
93406
93495
93497
93508
93510
93511
93512
93549
93612
93653
93655
93656
93662
93680
93681
93682
93683
93684
93710
93754
93755
93756
93757
93758
93766
93768
93811
93825
93826
93878
93891
93897
93900
93902
93903
93904
93929
94008
94009
94012
94016
94139
94140
94154
94204
94205
94206
94207
94229
94311
94346
94348
94349
94392
94394
94417
94514
94515
94516
94528
94530
94628
94631
94632
94656
94662
94684
94700
94701
94702
94709
94715
94719
94723
94726
94727
94750
94767
94796
94798
94799
94842
94864
94866
94867
94883
94884
94885
94913
94931
94956
94957
94960
94961
95016
95018
95024
95026
95028
95029
95030
95053
95065
95136
95148
95163
95164
95165
95214
95251
95305
95306
95348
95349
95350
95351
95352
95365
95369
95370
95371
95387
95564
95581
95695
95724
95725
95726
95727
95728
95729
95780
95786
95788
95814
95815
95817
95819
95820
95869
95921
95933
95934
95935
95949
96000
96050
96051
96052
96058
96062
96064
96065
96083
96097
96135
96136
96137
96138
96139
96140
96153
96156
96157
96175
96218
96219
96288
96289
96290
96291
96292
96303
96334
96335
96442
96509
96510
96511
96512
96513
96514
96518
96525
96539
96586
96587
96588
96601
96602
96692
96701
96716
96735
96764
96766
96776
96777
96778
96801
96841
96862
96874
96985
96986
97002
97029
97045
97064
97067
97125
97126
97127
97160
97179
97224
97225
97226
97227
97228
97229
97230
97236
97259
97300
97329
97369
97370
97371
97373
97374
97375
97402
97403
97405
97499
97526
97527
97528
97585
97664
97671
97721
97739
97740
97799
97803
97804
97805
97807
97808
97810
97847
97915
97916
97999
98022
98023
98109
98169
98170
98185
98193
98194
98195
98196
98231
98232
98233
98234
98269
98283
98300
98305
98306
98392
98393
98394
98395
98396
98404
98458
98501
98502
98503
98504
98547
98548
98558
98559
98560
98577
98579
98580
98582
98583
98621
98640
98654
98655
98656
98693
98704
98733
98753
98757
98777
98779
98824
98832
98849
98863
98903
98905
98906
98928
98971
98972
98973
98978
99044
99070
99118
99127
99129
99155
99156
99157
99158
99178
99206
99207
99208
99209
99211
99212
99238
99317
99318
99375
99390
99397
99399
99401
99403
99405
99443
99467
99468
99469
99479
99484
99492
99493
99494
99500
99501
99502
99504
99585
99640
99741
99742
99743
99758
99796
99797
99816
99825
100019
100020
100070
100071
100077
100107
100109
100113
100114
100119
100126
100127
100133
100175
100178
100197
100210
100248
100262
100263
100265
100266
100268
100269
100272
100274
100275
100356
100357
100358
100359
100394
100395
100396
100407
100408
100409
100435
100436
100499
100607
100608
100610
100669
100670
100712
100718
100719
100720
100721
100722
100728
100729
100730
100749
100750
100752
100779
100798
100799
100828
100830
100832
100864
100865
100866
100891
100906
100907
100908
100909
100913
100951
100975
100995
100996
101008
101012
101029
101097
101098
101099
101100
101256
101257
101259
101261
101270
101285
101286
101287
101288
101289
101290
101343
101344
101345
101346
101347
101348
101358
101443
101444
101445
101473
101474
101475
101500
101541
101542
101543
101544
101624
101679
101730
101756
101757
101758
101768
101770
101772
101773
101789
101803
101811
101849
101852
101853
101855
101877
101896
101897
101938
101951
101978
101979
101980
102005
102006
102008
102062
102100
102134
102135
102155
102168
102169
102170
102203
102228
102229
102233
102234
102241
102257
102286
102287
102288
102454
102500
102501
102502
102503
102504
102528
102529
102531
102532
102602
102676
102710
102720
102723
102739
102765
102772
102778
102819
102821
102834
102864
102924
103023
103085
103115
103253
103254
103255
103256
103271
103285
103286
103326
103338
103358
103360
103361
103362
103433
103454
103460
103520
103560
103561
103563
103564
103578
103579
103581
103582
103587
103588
103604
103641
103643
103706
103741
103771
103772
103773
103774
103775
103779
103780
103791
103833
103896
103922
103939
103941
104015
104016
104021
104030
104083
104084
104086
104131
104149
104153
104167
104168
104267
104271
104333
104349
104350
104464
104486
104527
104554
104606
104617
104664
104680
104684
104690
104691
104692
104693
104720
104759
104815
104824
104825
104826
104828
104838
104839
104840
104843
104844
104875
104902
104932
104960
104961
104963
104995
104996
104997
105007
105010
105044
105045
105057
105058
105074
105089
105094
105122
105123
105124
105125
105132
105133
105158
105219
105230
105249
105260
105261
105262
105263
105264
105269
105297
105311
105312
105347
105358
105403
105408
105412
105415
105441
105451
105529
105548
105550
105575
105596
105617
105618
105625
105626
105637
105639
105652
105661
105721
105736
105822
105857
105867
105868
105869
105885
105889
105890
105895
105912
105917
105919
105920
105922
105936
105969
105970
105972
105973
105983
105985
105987
105996
106002
106005
106050
106054
106073
106107
106118
106137
106157
106173
106193
106262
106270
106276
106277
106289
106290
106294
106311
106456
106490
106516
106543
106555
106570
106572
106575
106580
106581
106585
106602
106603
106616
106633
106647
106648
106658
106677
106690
106692
106700
106721
106722
106723
106734
106751
106756
106758
106759
106760
106761
106798
106801
106802
106803
106837
106846
106912
106928
106929
106950
106960
106975
106976
106991
106992
107011
107051
107121
107145
107167
107178
107196
107199
107228
107243
107244
107255
107264
107277
107311
107312
107319
107338
107340
107342
107368
107387
107448
107453
107473
107474
107499
107500
107501
107517
107530
107544
107545
107555
107588
107589
107590
107591
107594
107603
107610
107659
107685
107699
107710
107711
107724
107734
107810
107811
107822
107835
107836
107846
107885
107916
107917
107918
107980
107981
107998
108030
108065
108092
108114
108121
108126
108127
108140
108143
108151
108160
108177
108180
108235
108237
108238
108271
108288
108315
108342
108346
108354
108364
108369
108382
108419
108429
108434
108472
108473
108495
108496
108506
108547
108575
108601
108602
108607
108643
108649
108672
108681
108696
108701
108702
108715
108721
108747
108748
108753
108762
108779
108795
108821
108847
108858
108916
108933
108937
108943
108969
109016
109019
109020
109053
109120
109151
109172
109196
109197
109243
109269
109275
109325
109343
109351
109374
109376
109377
109378
109471
109472
109485
109581
109582
109584
109586
109587
109588
109589
109590
109597
109611
109630
109680
109686
109733
109735
109736
109738
109742
109743
109744
109745
109747
109811
109813
109819
109887
109916
109945
109946
109947
109948
109949
109950
110081
110082
110083
110085
110137
110148
110149
110150
110151
110152
110154
110159
110161
110178
110315
110340
110342
110343
110369
110490
110545
110547
110548
110549
110603
110604
110605
110607
110608
110609
110639
110692
110728
110804
110806
110833
110839
110928
110935
110943
110979
111032
111033
111034
111097
111166
111167
111168
111205
111206
111208
111222
111250
111251
111252
111253
111254
111255
111325
111369
111370
111387
111388
111460
111490
111491
111492
111554
111578
111579
111580
111617
111619
111708
111727
111728
111729
111764
111767
111787
111831
111832
111833
111834
111865
111880
111920
111923
111952
111998
112027
112028
112029
112030
112031
112044
112104
112116
112120
112133
112134
112135
112155
112156
112157
112158
112169
112175
112177
112178
112191
112192
112193
112194
112201
112222
112257
112272
112308
112318
112319
112342
112363
112426
112427
112428
112429
112430
112431
112432
112456
112457
112458
112459
112475
112476
112477
112549
112558
112628
112629
112630
112657
112658
112659
112660
112661
112678
112736
112739
112740
112762
112825
112826
112828
112880
112882
112883
112884
112955
112957
113015
113058
113059
113060
113062
113063
113064
113090
113170
113198
113233
113268
113271
113272
113303
113336
113337
113357
113358
113361
113480
113481
113544
113545
113546
113547
113548
113622
113640
113714
113715
113717
113718
113724
113725
113727
113751
113752
113808
113810
113811
113826
113828
113829
113830
113831
113832
113833
113880
113911
113912
113913
113914
113915
113946
113950
114008
114053
114068
114077
114080
114081
114127
114154
114155
114156
114158
114236
114332
114333
114352
114418
114421
114466
114475
114476
114521
114558
114569
114587
114588
114604
114639
114641
114642
114644
114652
114670
114677
114688
114696
114760
114761
114779
114810
114891
114912
114920
114942
114944
114951
114952
114953
114954
114973
114974
115008
115031
115035
115042
115043
115045
115046
115050
115060
115085
115099
115119
115140
115142
115186
115191
115193
115220
115223
115275
115331
115364
115400
115458
115507
115509
115593
115619
115645
115647
115750
115751
115752
115753
115763
115774
115775
115791
115825
115827
115828
115834
115835
115951
115954
115955
115956
115957
115958
115959
116011
116019
116045
116046
116101
116102
116105
116106
116107
116108
116109
116128
116129
116157
116158
116222
116256
116285
116295
116312
116314
116333
116349
116350
116351
116394
116395
116418
116448
116471
116482
116483
116519
116533
116534
116539
116570
116599
116600
116607
116611
116621
116622
116636
116660
116668
116669
116670
116700
116701
116727
116729
116730
116787
116788
116789
116790
116800
116827
116828
116829
116830
116862
116887
116891
116925
116926
116928
116945
116946
116998
116999
117000
117008
117009
117020
117090
117124
117125
117147
117195
117199
117222
117234
117280
117373
117381
117383
117385
117386
117387
117388
117430
117433
117442
117443
117458
117508
117544
117545
117546
117576
117604
117624
117626
117656
117657
117669
117710
117711
117712
117713
117714
117765
117792
117829
117889
117890
117891
117892
117974
117999
118001
118002
118003
118004
118048
118073
118100
118105
118109
118129
118132
118133
118134
118158
118159
118160
118161
118176
118200
118215
118216
118217
118222
118223
118224
118229
118230
118250
118251
118252
118350
118364
118365
118377
118389
118390
118415
118416
118436
118437
118438
118446
118478
118502
118503
118504
118541
118542
118586
118588
118605
118606
118658
118664
118692
118693
118695
118719
118724
118729
118730
118749
118760
118761
118772
118828
118845
118854
118857
118858
118859
118861
118924
118937
118941
118942
118997
119022
119023
119039
119040
119041
119062
119063
119073
119122
119127
119155
119159
119176
119177
119178
119179
119180
119219
119220
119221
119222
119257
119265
119272
119273
119274
119275
119310
119319
119349
119370
119371
119376
119377
119378
119380
119386
119455
119466
119518
119524
119552
119554
119592
119669
119670
119671
119674
119713
119721
119737
119742
119798
119799
119813
119816
119820
119823
119868
119879
119890
119892
119893
119894
119895
119993
119995
119997
120039
120040
120052
120053
120055
120056
120057
120078
120079
120082
120108
120109
120110
120117
120136
120153
120233
120234
120238
120245
120246
120247
120255
120256
120320
120335
120350
120353
120390
120411
120412
120422
120434
120450
120478
120497
120511
120512
120513
120546
120549
120569
120607
120608
120609
120610
120679
120737
120759
120784
120813
120814
120829
120837
120931
120987
121002
121061
121103
121117
121128
121145
121157
121158
121175
121198
121199
121201
121208
121226
121227
121228
121229
121230
121266
121288
121305
121307
121328
121347
121367
121368
121383
121388
121408
121409
121410
121411
121452
121459
121473
121508
121520
121522
121523
121556
121569
121638
121646
121650
121651
121652
121671
121676
121686
121690
121706
121707
121708
121713
121714
121726
121728
121757
121776
121780
121795
121805
121834
121877
121882
121912
121941
121945
121946
121956
121967
121972
121994
121995
122008
122011
122025
122075
122076
122080
122122
122150
122151
122159
122174
122198
122200
122215
122216
122218
122238
122248
122256
122258
122260
122317
122319
122330
122331
122332
122348
122356
122366
122367
122371
122375
122378
122380
122403
122405
122413
122526
122530
122566
122579
122580
122617
122623
122639
122658
122703
122706
122708
122732
122740
122748
122765
122780
122783
122784
122793
122805
122835
122836
122838
122847
122855
122939
122953
122954
122973
123004
123016
123020
123038
123039
123040
123041
123051
123056
123061
123068
123070
123071
123089
123091
123102
123106
123150
123162
123163
123165
123172
123191
123196
123200
123220
123221
123281
123294
123296
123298
123302
123303
123304
123332
123333
123342
123351
123371
123400
123401
123402
123405
123412
123423
123427
123429
123430
123439
123520
123564
123597
123599
123616
123618
123626
123627
123638
123651
123660
123668
123673
123683
123692
123708
123751
123758
123761
123804
123813
123827
123852
123865
123905
123931
123955
123966
124032
124033
124105
124129
124133
124147
124171
124172
124173
124174
124223
124224
124225
124226
124227
124238
124240
124241
124249
124250
124252
124254
124279
124280
124281
124282
124283
124301
124302
124303
124304
124330
124331
124332
124333
124334
124358
124413
124489
124490
124492
124493
124495
124516
124517
124553
124582
124614
124615
124635
124636
124677
124733
124793
124817
124835
124837
124876
124901
124944
124955
124956
124971
125013
125014
125082
125128
125133
125219
125288
125289
125290
125291
125295
125343
125344
125346
125347
125368
125369
125402
125430
125461
125468
125472
125473
125515
125518
125571
125596
125602
125607
125690
125710
125798
125799
125800
125801
125802
125803
125804
125829
125830
125831
125833
125839
125853
125885
125914
125915
125916
125917
125918
125961
126098
126124
126145
126183
126184
126185
126186
126206
126223
126224
126225
126226
126227
126244
126245
126246
126280
126316
126317
126319
126331
126350
126351
126352
126353
126354
126397
126430
126431
126432
126433
126434
126445
126446
126447
126448
126449
126451
126496
126498
126499
126500
126530
126532
126549
126550
126558
126570
126620
126686
126712
126713
126714
126715
126744
126752
126753
126767
126768
126769
126770
126771
126793
126817
126818
126819
126821
126840
126856
126857
126858
126869
126886
126896
126910
126925
126926
126928
126979
127034
127058
127059
127061
127084
127098
127100
127111
127147
127315
127317
127319
127320
127338
127339
127340
127341
127342
127371
127448
127450
127451
127452
127453
127454
127455
127457
127516
127535
127536
127537
127539
127568
127581
127582
127583
127585
127587
127591
127658
127666
127668
127681
127689
127690
127691
127733
127740
127747
127748
127750
127785
127799
127845
127877
127898
127905
127907
127950
127962
127963
127964
127991
128003
128004
128006
128026
128097
128121
128156
128224
128252
128259
128260
128261
128274
128275
128276
128280
128281
128282
128283
128295
128296
128297
128307
128366
128387
128436
128437
128438
128462
128463
128465
128466
128475
128486
128493
128494
128495
128496
128539
128540
128541
128542
128543
128548
128583
128605
128632
128633
128654
128667
128668
128766
128793
128795
128800
128801
128802
128803
128808
128830
128841
128986
129009
129040
129041
129042
129055
129086
129121
129149
129150
129196
129198
129278
129279
129295
129296
129322
129338
129375
129376
129377
129438
129444
129477
129483
129490
129492
129511
129533
129534
129592
129593
129594
129595
129598
129599
129601
129655
129680
129681
129682
129683
129686
129700
129701
129703
129726
129762
129763
129764
129807
129830
129831
129832
129835
129836
129837
129838
129846
129882
129883
129895
129957
129958
129959
129964
129976
129980
130001
130002
130004
130005
130015
130024
130043
130099
130102
130118
130119
130120
130195
130196
130197
130198
130204
130205
130219
130231
130234
130244
130257
130264
130266
130278
130295
130297
130298
130300
130361
130400
130471
130482
130513
130515
130521
130528
130529
130554
130556
130571
130583
130614
130644
130655
130663
130740
130757
130784
130785
130786
130812
130813
130815
130845
130881
130898
130900
130904
130905
130906
130949
131015
131131
131155
131171
131178
131179
131341
131347
131363
131376
131378
131394
131395
131398
131518
131519
131557
131594
131617
131664
131673
131675
131682
131687
131692
131693
131790
131791
131821
131829
131831
131834
131835
131847
131857
131873
131907
131941
131942
131943
131950
132043
132044
132051
132059
132109
132122
132146
132149
132214
132216
132218
132226
132227
132244
132266
132273
132349
132350
132365
132372
132373
132421
132442
132443
132444
132445
132459
132475
132488
132489
132522
132524
132528
132529
132535
132540
132569
132629
132634
132662
132756
132802
132810
132825
132838
132855
132867
132874
132900
132901
132912
132950
132951
132952
132998
133011
133023
133061
133079
133080
133081
133082
133110
133164
133175
133193
133200
133248
133249
133308
133311
133317
133321
133361
133363
133406
133417
133450
133461
133505
133506
133512
133517
133548
133573
133587
133588
133602
133629
133630
133680
133683
133684
133691
133692
133701
133714
133717
133722
133740
133757
133790
133793
133820
133835
133855
133856
133857
133858
133860
133881
133885
133889
133942
133943
133960
133984
133986
134028
134031
134042
134043
134045
134062
134099
134111
134172
134174
134205
134239
134240
134290
134294
134295
134359
134368
134376
134396
134409
134413
134430
134472
134506
134521
134527
134531
134564
134612
134682
134719
134751
134801
134803
134937
134999
135000
135001
135002
135003
135033
135038
135077
135141
135143
135144
135146
135203
135217
135237
135239
135241
135242
135308
135318
135331
135332
135333
135334
135335
135336
135406
135412
135414
135415
135458
135465
135469
135546
135547
135554
135555
135562
135565
135566
135567
135604
135605
135607
135608
135637
135644
135737
135739
135740
135755
135845
135914
135930
135958
135959
135960
135961
135989
135990
135992
136059
136060
136069
136070
136131
136132
136165
136191
136204
136209
136223
136225
136227
136228
136386
136387
136388
136389
136470
136473
136474
136475
136481
136507
136531
136532
136533
136540
136542
136543
136563
136564
136583
136597
136611
136641
136693
136703
136704
136706
136745
136770
136816
136849
136875
136937
136960
136961
136963
136982
136983
136984
136985
137022
137077
137101
137102
137103
137104
137105
137143
137167
137183
137203
137241
137254
137255
137256
137257
137258
137259
137276
137277
137278
137349
137374
137375
137400
137407
137408
137430
137461
137462
137510
137511
137512
137513
137568
137593
137594
137641
137673
137720
137721
137722
137759
137760
137761
137763
137767
137778
137779
137824
137834
137870
137916
137917
138011
138012
138058
138059
138062
138128
138139
138140
138149
138150
138170
138188
138210
138211
138235
138263
138268
138278
138293
138308
138311
138312
138334
138335
138337
138376
138384
138385
138388
138393
138403
138417
138467
138493
138494
138496
138531
138532
138533
138534
138547
138556
138567
138569
138601
138609
138611
138616
138631
138647
138675
138703
138720
138769
138789
138798
138820
138852
138915
138948
138981
139011
139024
139033
139034
139035
139039
139053
139072
139076
139082
139087
139092
139094
139160
139161
139162
139186
139280
139315
139344
139370
139393
139408
139409
139410
139411
139412
139418
139419
139462
139501
139582
139584
139603
139641
139653
139658
139725
139739
139759
139794
139798
139799
139835
139902
139928
139964
139970
139980
139995
140008
140012
140025
140032
140094
140109
140111
140115
140174
140177
140178
140191
140276
140292
140303
140324
140354
140355
140360
140404
140416
140448
140458
140462
140481
140494
140502
140547
140577
140602
140623
140633
140669
140676
140761
140762
140786
140802
140845
140857
140871
140874
140903
140954
140962
140976
140992
141035
141036
141039
141051
141052
141065
141111
141121
141138
141161
141164
141235
141243
141244
141246
141251
141315
141372
141373
141414
141415
141540
141558
141571
141572
141573
141657
141664
141665
141666
141667
141668
141828
141852
141966
141967
141968
141985
142022
142028
142029
142031
142058
142088
142089
142108
142172
142181
142182
142183
142184
142186
142187
142189
142195
142196
142199
142202
142299
142328
142329
142336
142342
142344
142393
142476
142482
142579
142628
142636
142652
142653
142711
142713
142775
142777
142824
142827
142885
142886
142906
142922
142936
142937
142938
143011
143012
143015
143023
143039
143079
143092
143162
143163
143164
143210
143211
143271
143283
143321
143322
143364
143391
143392
143417
143419
143457
143490
143493
143504
143505
143529
143544
143561
143583
143598
143658
143704
143743
143756
143783
143784
143785
143825
143826
143837
143881
143882
143936
143949
144003
144013
144015
144242
144243
144244
144248
144291
144296
144314
144334
144363
144367
144400
144418
144437
144466
144481
144485
144504
144530
144596
144634
144689
144691
144738
144763
144865
144867
144918
144919
144920
145027
145028
145031
145049
145117
145141
145152
145153
145228
145263
145272
145302
145314
145315
145343
145373
145430
145448
145449
145489
145504
145512
145518
145602
145630
145694
145720
145721
145724
145755
145864
145870
145951
145956
146013
146101
146111
146112
146121
146123
146134
146262
146340
146387
146591
146661
146683
146688
146710
146733
146743
146837
146856
146880
146970
147028
147029
147045
147129
147277
147395
147419
147422
147512
147761
147793
