0
2
3
7
8
9
10
15
16
17
19
21
22
24
25
26
29
30
34
36
38
42
46
54
55
56
57
60
61
67
68
73
74
75
76
79
80
90
91
92
93
98
115
121
131
132
133
134
135
160
162
163
164
166
167
168
173
180
181
182
183
184
185
186
188
217
221
226
236
237
238
239
245
247
251
252
255
256
257
258
264
266
267
268
273
274
275
280
290
299
326
330
332
333
351
357
358
359
361
362
363
366
367
368
376
377
385
386
387
388
390
411
412
413
415
425
426
427
440
441
442
443
453
454
466
467
475
476
477
482
483
485
486
488
490
496
498
499
500
501
503
504
518
541
571
577
582
584
585
589
590
595
598
618
625
662
663
664
666
667
706
707
708
710
711
713
715
716
717
718
739
756
766
767
768
769
850
851
852
853
868
869
870
871
872
873
876
877
878
887
888
889
890
891
898
912
913
923
948
949
950
967
968
970
971
973
975
992
1002
1003
1005
1006
1012
1019
1020
1021
1023
1044
1045
1046
1047
1048
1049
1057
1058
1061
1062
1077
1078
1079
1080
1085
1086
1099
1100
1113
1114
1135
1137
1150
1154
1155
1176
1182
1224
1225
1235
1236
1237
1238
1241
1242
1243
1244
1297
1298
1306
1307
1308
1309
1310
1318
1319
1320
1343
1345
1346
1347
1348
1369
1438
1440
1441
1442
1443
1444
1445
1462
1463
1464
1466
1467
1468
1475
1476
1478
1480
1481
1482
1495
1501
1503
1505
1507
1508
1509
1510
1511
1512
1555
1556
1558
1590
1591
1599
1600
1601
1643
1673
1675
1677
1705
1706
1712
1732
1735
1758
1759
1760
1761
1765
1766
1768
1786
1787
1788
1798
1799
1800
1802
1818
1831
1832
1843
1844
1851
1863
1864
1896
1921
1933
1937
1964
1979
2000
2007
2008
2026
2027
2052
2053
2075
2076
2081
2105
2128
2151
2152
2162
2172
2173
2178
2181
2187
2194
2202
2208
2214
2221
2226
2236
2237
2238
2259
2260
2261
2262
2264
2275
2311
2312
2313
2329
2330
2331
2423
2424
2425
2426
2433
2483
2485
2510
2511
2512
2518
2520
2522
2523
2544
2545
2547
2549
2596
2599
2614
2615
2616
2617
2618
2631
2633
2634
2635
2645
2646
2648
2649
2659
2701
2702
2703
2704
2708
2709
2712
2737
2747
2748
2749
2750
2751
2752
2855
2856
2858
2859
2874
2875
2876
2904
2919
2941
2942
2944
2946
2969
2971
2972
3029
3045
3047
3071
3139
3146
3147
3148
3150
3174
3177
3179
3217
3245
3247
3248
3249
3313
3323
3324
3348
3371
3390
3391
3392
3394
3395
3409
3410
3411
3428
3429
3442
3484
3485
3488
3498
3500
3507
3509
3511
3512
3523
3528
3567
3569
3570
3571
3573
3583
3585
3612
3614
3629
3631
3634
3665
3683
3696
3740
3747
3753
3756
3758
3766
3771
3772
3782
3803
3804
3808
3834
3836
3839
3841
3843
3844
3845
3847
3848
3849
3877
3879
3880
3881
3882
3883
3884
3885
3924
3925
3926
3955
3956
3957
3958
3960
3961
3962
4105
4131
4132
4133
4134
4190
4212
4213
4214
4221
4264
4273
4323
4324
4325
4326
4422
4426
4428
4435
4436
4438
4439
4440
4468
4479
4492
4494
4561
4563
4579
4580
4581
4582
4597
4598
4600
4601
4602
4603
4625
4627
4628
4629
4680
4681
4682
4707
4717
4797
4834
4835
4837
4864
4872
4874
4941
4942
4943
4944
4948
4956
4964
5025
5029
5095
5096
5097
5098
5104
5106
5107
5108
5109
5113
5115
5117
5118
5122
5123
5124
5226
5227
5228
5230
5238
5260
5261
5265
5266
5267
5279
5322
5323
5325
5326
5328
5329
5354
5355
5363
5366
5374
5375
5506
5515
5628
5644
5645
5646
5647
5648
5718
5720
5785
5786
5833
5834
5859
5863
5864
5865
5866
5882
5883
5884
5919
5920
5926
5927
5928
5941
5972
5973
5984
6006
6007
6009
6010
6011
6015
6027
6028
6072
6073
6080
6096
6097
6098
6112
6115
6116
6117
6161
6181
6211
6225
6226
6233
6242
6254
6255
6261
6266
6273
6278
6291
6300
6314
6324
6332
6368
6369
6370
6371
6382
6384
6385
6452
6454
6455
6456
6457
6524
6525
6527
6528
6529
6530
6639
6640
6642
6643
6644
6670
6671
6672
6673
6674
6676
6725
6726
6727
6760
6761
6763
6869
6874
6910
6927
6928
6929
6930
6931
7038
7052
7053
7054
7055
7056
7060
7061
7062
7063
7103
7138
7139
7147
7148
7149
7150
7151
7190
7192
7193
7221
7222
7223
7276
7277
7278
7279
7320
7321
7323
7324
7326
7437
7438
7439
7521
7522
7533
7534
7652
7653
7655
7681
7682
7683
7730
7732
7733
7798
7833
7874
7964
7965
7966
7967
7968
7970
8002
8003
8053
8054
8081
8082
8187
8188
8189
8197
8198
8199
8240
8251
8305
8306
8360
8361
8362
8452
8454
8530
8559
8560
8586
8587
8588
8590
8655
8656
8657
8694
8707
8708
8709
8717
8718
8758
8759
8760
8926
8988
8989
8990
9016
9017
9043
9056
9061
9064
9065
9084
9086
9161
9236
9254
9267
9269
9299
9300
9301
9315
9316
9320
9321
9344
9345
9346
9395
9396
9413
9414
9415
9416
9455
9456
9506
9524
9532
9533
9564
9572
9573
9574
9575
9579
9580
9596
9597
9603
9604
9605
9610
9671
9676
9708
9710
9711
9713
9724
9725
9726
9728
9749
9812
9824
9846
9847
9873
9885
9886
9888
9901
9902
9903
9955
9957
9959
9965
9976
9977
9992
10248
10249
10251
10352
10526
10527
10529
10543
10544
10545
10546
10547
10548
10550
10601
10632
10633
10634
10674
10675
10855
10863
10885
10984
10985
10986
10988
10989
10990
10991
11023
11024
11054
11067
11159
11198
11275
11276
11327
11328
11432
11443
11462
11463
11464
11466
11468
11469
11470
11471
11506
11563
11564
11565
11566
11602
11661
11662
11663
11722
11723
11725
11726
11727
11751
11753
11754
11847
11888
11892
11893
11894
11895
11896
11897
11946
11968
11969
11990
12010
12011
12012
12175
12176
12177
12179
12456
12457
12465
12545
12546
12547
12548
12549
12550
12551
12618
12619
12620
12621
12679
12680
12681
12698
12734
12735
12795
12796
12797
12825
12870
12872
12873
12874
12893
12895
12896
12941
13009
13010
13011
13012
13031
13050
13051
13052
13081
13082
13133
13134
13135
13140
13141
13142
13143
13144
13145
13146
13147
13152
13153
13155
13156
13276
13277
13278
13279
13280
13285
13286
13296
13297
13298
13325
13327
13328
13342
13346
13406
13415
13416
13417
13419
13420
13454
13472
13497
13499
13514
13533
13534
13535
13559
13592
13594
13607
13608
13649
13650
13658
13687
13688
13699
13700
13810
13847
13848
13849
13891
13892
13893
13894
13895
13906
13969
14030
14042
14059
14121
14122
14123
14162
14164
14226
14227
14228
14241
14288
14322
14346
14392
14393
14394
14435
14443
14444
14450
14462
14463
14477
14494
14507
14524
14544
14605
14638
14639
14692
14702
14703
14751
14787
14806
14823
14851
14931
14957
14959
14960
14961
14962
15005
15012
15049
15050
15059
15122
15131
15181
15183
15290
15429
15533
15661
15817
15818
15819
15820
15822
15823
15865
15867
15875
15876
15877
15878
15882
15883
15884
15885
15991
15992
15993
15994
15996
15997
16391
16392
16393
16394
16541
16543
16586
16587
16588
16589
16591
16592
16670
16671
16672
16674
16680
16757
16782
16784
16785
16786
16907
16979
16980
16981
16982
17142
17143
17144
17145
17243
17395
17418
17420
17711
17713
17714
17948
17949
17951
18012
18013
18014
18076
18077
18078
18079
18080
18124
18243
18244
18278
18279
18280
18281
18283
18284
18285
18286
18287
18402
18404
18405
18469
18470
18471
18473
18474
18512
18513
18514
18516
18624
18643
18644
18645
18672
18675
18676
18682
18688
18755
18756
18757
18758
18865
18984
18985
19014
19015
19016
19147
19198
19229
19230
19312
19313
19314
19362
19363
19364
19365
19375
19376
19403
19434
19435
19439
19494
19495
19496
19497
19498
19555
19563
19592
19594
19595
19634
19635
19691
19692
19693
19727
19739
19740
19741
19742
19858
19859
19893
19933
19934
19935
19936
20088
20100
20101
20182
20183
20184
20220
20270
20315
20316
20335
20378
20477
20699
20700
20701
20724
20725
20726
20791
20792
20913
20914
20915
20916
20949
20968
20969
20985
21013
21020
21032
21033
21051
21052
21071
21072
21074
21091
21139
21140
21144
21147
21153
21156
21158
21272
21292
21301
21302
21316
21317
21361
21443
21444
21450
21483
21484
21515
21549
21580
21613
21651
21653
21654
21655
21660
21661
21662
21663
21709
21724
21725
21726
21743
21773
21776
21811
21819
21833
21834
21884
21931
21936
21937
21951
21966
21978
21984
21986
21987
22004
22026
22045
22057
22064
22065
22103
22114
22154
22155
22159
22293
22294
22296
22340
22341
22342
22344
22345
22371
22372
22385
22386
22387
22388
22390
22398
22399
22401
22405
22473
22474
22475
22476
22575
22576
22577
22578
22623
22644
22787
22788
22789
22790
22791
22839
22841
22843
22844
22845
23256
23257
23354
23398
23503
23516
23517
23518
23628
23818
23819
23821
23882
23883
23884
23885
23886
23888
23889
23937
23938
23939
23940
23942
24061
24120
24121
24122
24196
24197
24198
24199
24200
24201
24447
24448
24449
24450
24562
24563
24564
24705
24706
24793
24944
24955
25161
25162
25164
25279
25345
25589
25679
25680
25719
25720
25940
25941
25942
25943
25963
25974
26102
26103
26104
26105
26106
26279
26280
26282
26301
26303
26388
26390
26391
26392
26394
26416
26417
26418
26419
26421
26422
26423
26424
26554
26555
26598
26656
26731
26732
26738
26739
26761
26763
26798
26818
26820
26857
26858
26877
26920
26921
26922
26927
26928
27026
27027
27043
27335
27425
27441
27472
27473
27475
27476
27547
27712
27713
27714
27735
27830
27831
27832
27833
27834
27835
27836
27838
27839
27895
27934
27994
28163
28164
28192
28193
28235
28245
28249
28250
28251
28358
28359
28360
28361
28492
28493
28519
28520
28561
28562
28563
28820
28821
28887
29010
29028
29036
29037
29127
29162
29213
29256
29257
29258
29422
29423
29434
29435
29659
29667
29721
29722
29740
29811
29812
29893
29894
29929
29938
29945
29946
29947
29961
30094
30095
30104
30105
30121
30122
30152
30153
30154
30167
30193
30228
30229
30240
30249
30340
30349
30350
30374
30375
30392
30414
30488
30591
30593
30601
30602
30641
30642
30671
30707
30870
30876
30933
30956
30964
31011
31050
31051
31062
31069
31084
31098
31159
31175
31176
31182
31183
31222
31233
31234
31278
31279
31280
31282
31283
31405
31462
31491
31654
31761
31763
32054
32055
32074
32075
32076
32101
32103
32104
32319
32320
32321
32412
32413
32414
32415
32586
32587
32588
33047
33048
33049
33051
33106
33458
33459
33460
33461
33465
33815
33816
34005
34015
34016
34213
34216
34500
34502
34503
34723
34724
34725
34727
34815
34816
34817
34818
34891
34892
34893
35018
35019
35091
35092
35093
35131
35184
35185
35186
35187
35308
35309
35310
35333
35334
35335
35336
35337
35548
35549
35551
35591
35593
36022
36146
36147
36148
36348
36502
36566
36567
36568
36627
36628
36662
36665
36667
36892
36893
36895
36917
36918
37023
37160
37223
37254
37354
37356
37377
37378
37379
37433
37434
37520
37521
37522
37555
37556
37643
37726
37727
37728
37758
37759
37837
37838
37839
37964
37965
37966
37967
37974
37977
37978
38002
38003
38312
38422
38423
38424
38425
38514
38515
38517
38636
38658
38659
38712
38713
38714
38775
38777
38778
38779
38866
38903
38904
38905
38950
38951
39064
39071
39164
39165
39166
39196
39306
39324
39387
39389
39396
39625
39630
39691
39692
39695
39744
39745
39746
39787
39827
39828
39829
40316
40317
40456
40500
40501
40589
40651
40652
40681
40682
40683
40684
40685
40701
40726
40728
40774
40775
40796
40797
40798
40815
40854
40855
40893
40933
40934
40935
41036
41037
41046
41058
41089
41110
41123
41161
41162
41175
41214
41215
41217
41225
41276
41277
41278
41293
41318
41319
41320
41329
41392
41393
41465
41497
41512
41523
41525
41802
41804
41805
41851
41852
42010
42045
42046
42048
42063
42129
42130
42131
42196
42224
42228
42256
42260
42261
42282
42292
42323
42339
42383
42408
42429
42433
42435
42449
42515
43000
43001
43002
43146
43434
43436
43439
43441
43442
43443
43604
43863
43864
44036
44137
44138
44139
44140
44142
45010
45011
45012
45013
45115
45208
45209
45210
45211
45212
45316
45317
45318
45319
45320
45321
45370
45397
45398
45399
45616
45617
45618
45619
45623
45643
45709
45755
45756
45757
45797
45815
45834
45836
46014
46047
46048
46049
46585
46586
46587
47017
47270
47498
47553
47554
47619
47620
47640
47641
47642
47651
47679
47745
47765
47766
47911
47912
47913
47914
47962
48000
48012
48308
48309
48310
48373
48375
48376
48382
48383
48384
48386
48717
48718
48719
48837
48838
48839
48845
48846
48847
49228
49229
49231
49232
49306
49307
49308
49309
49314
49316
49323
49324
49325
49326
49328
49329
49393
49394
49395
49414
49415
49452
49453
49541
49581
49599
49922
50043
50044
50114
50115
50116
50168
50255
50256
50393
50439
50440
50441
50534
50535
50537
50538
50539
50561
50605
50606
50715
50716
50767
50768
50800
50856
51176
51371
51416
51425
51426
51585
51593
51874
51875
51904
51905
51906
52027
52057
52100
52101
52102
52226
52227
52337
52364
52372
52373
52374
52375
52376
52558
52583
52794
52814
52914
52915
53053
53055
53056
53069
53181
53273
53289
53518
53762
53773
53806
53807
53925
54254
54363
54364
54402
54426
54562
54624
54625
54747
54913
54914
54955
54956
54991
54995
55086
55130
55140
55169
55184
55216
55266
55320
55321
55386
55389
55431
55452
55577
55578
55626
55629
55630
55631
55632
55667
55701
55704
55705
55729
55741
55753
55874
55879
55883
55884
55943
55944
55964
56017
56036
56040
56050
56085
56086
56104
56122
56123
56146
56188
56189
56194
56201
56387
56388
56389
56390
56391
56447
56469
56641
56948
56949
57523
57618
57619
57620
57622
57739
57740
57741
57981
57982
57983
57985
57986
57987
58354
58355
58356
58358
58359
58409
58410
58412
58413
58429
58430
58431
58432
58576
58595
58653
58807
58808
58810
58811
58833
58834
58835
58836
59067
59068
59069
59259
59366
59367
59474
59621
60068
60069
60070
60071
60113
60296
60297
60298
60430
60433
60995
61844
61845
61846
61847
61848
61849
62075
62076
62111
62112
62113
62210
62211
62212
62213
62273
62274
62275
62324
62345
62346
62347
62348
62359
62360
62361
62833
62835
63420
63459
63523
63525
63709
63710
63711
63712
63766
63800
64013
64014
64024
64025
64326
64581
64582
64583
65020
65032
65130
65260
65378
65379
65381
65402
65606
65751
65752
65753
65754
65756
66068
66123
66125
66224
66225
66232
66418
66515
66607
66772
66826
66977
66978
67089
67261
67262
67347
67348
67349
67369
67480
67481
67482
67655
67657
67683
67684
67713
67920
68304
68305
68313
68613
68614
68649
68652
68653
68769
68770
68771
68836
68837
68884
68885
68940
68941
68942
68985
69172
69173
69174
69265
69266
69267
69268
69390
69391
69810
69862
69878
70013
70104
70122
70151
70238
70242
70308
70518
70590
70620
70659
70674
70675
70702
70707
70801
70840
70940
70997
70998
71080
71081
71124
71159
71168
71169
71207
71495
71511
71512
71563
71738
71819
71820
71906
71907
71912
71913
71939
71940
71994
72003
72004
72101
72109
72112
72142
72191
72193
72204
72217
72434
72956
72957
72959
72960
73142
73511
74832
75201
75202
75203
75666
75667
75668
75918
75933
76078
76316
76317
76318
76371
76372
76373
77379
77468
77469
77470
77471
77622
77713
77888
77890
77891
78082
78083
78209
78210
78572
78573
78653
78654
78655
78657
78669
78670
78671
79187
79291
79294
79317
79347
79455
79564
79577
79578
79579
79580
79581
79651
79652
79879
79880
80055
80243
80244
80245
80273
80274
80276
80277
81477
81478
81480
81481
81482
81483
81486
81487
81488
81566
81567
81568
81570
81640
81642
81714
81789
82102
82153
82580
82889
82965
82967
83288
83289
83290
83383
83547
83714
83817
83818
83819
83881
84124
84125
84126
84165
84350
84377
84640
84647
84648
84649
84690
84795
84801
84832
85096
85112
85113
85114
85164
85252
85253
85254
85348
85349
85350
85435
85464
85516
85517
85808
85809
85810
85811
85848
86064
86083
86084
86232
86397
86398
86399
86601
86648
86649
86684
86753
86754
86812
86813
86947
86948
87185
87186
87187
87254
87306
87307
87374
87429
87569
87741
87742
87743
87785
87786
87966
87967
87970
87971
87975
88134
88135
88387
88388
88614
88680
88814
88828
88829
88830
88994
88999
89000
89084
89100
89218
89357
89597
89737
89788
89789
89802
89812
89859
89971
89981
89982
90081
90113
90161
90319
90371
90381
90383
90398
90409
90422
90434
90465
90479
91068
91069
91070
91071
91072
91285
91287
91288
91441
91442
91443
91444
91728
92179
92180
92181
92576
93242
93243
94445
94446
94522
94610
94611
94612
94648
95254
95255
95256
95319
95399
95400
95489
95490
95491
96038
96039
96210
96211
96212
96232
96234
96235
96331
96332
96649
96650
96771
97337
98301
98302
98482
98708
98709
98716
98721
99242
99243
99438
99439
99440
99441
99706
100096
100236
100237
100445
100925
101328
101352
101353
101354
101748
101791
101792
101793
102090
102154
102303
102304
102566
102567
102568
102651
102652
102947
103015
103024
103140
103141
103193
103194
103221
103224
103323
103826
103827
103828
104155
104156
104511
104797
104798
104978
104979
104980
105222
105283
105284
105482
105580
105581
105616
106160
106206
106871
106944
107160
107161
107370
107371
107372
107539
107648
107832
107958
107967
107978
107999
108032
108245
108246
108483
108776
108786
108863
108936
108955
109467
109533
109693
109702
109790
110349
110455
110456
112562
112973
112974
113050
114096
114328
115241
115242
115243
115244
115245
115246
115247
115248
115740
115742
115905
116249
116387
116388
116389
116833
117688
118585
118791
119321
119646
119647
119648
119649
119650
119651
119652
119653
119871
120343
120452
120453
120572
120573
120776
121154
121318
121319
121629
122571
122723
123024
123127
123235
123236
123249
123352
123628
123670
123671
123711
123850
124090
124569
124681
124682
124683
124684
124704
126043
126944
127024
127207
127433
127622
127623
127625
127626
127627
127628
128147
129249
129663
129829
129879
130107
130461
130465
130480
130788
130832
131002
131231
131232
131233
131234
131235
131236
131247
131248
131252
131253
131254
131255
131256
131257
131258
131259
131772
131869
132543
132544
132545
132546
132774
132775
132788
132789
132790
132920
132921
132922
132923
133016
133167
133211
133212
133490
133491
133537
133611
133686
133687
133688
133689
133690
133808
133977
134012
134132
134148
134196
134334
134343
134755
134870
134878
135083
135084
135085
135087
135088
135173
135255
135297
135443
135445
135446
135493
135522
135527
136003
136332
136783
136787
136789
136810
136812
136925
136990
137214
137283
137394
137534
137624
137627
137647
137683
137798
137956
137963
137966
137967
137968
137969
137970
137971
137972
137985
137988
138010
138107
138108
138109
138110
138111
138122
138183
138224
138233
138274
138276
138289
138379
138588
138643
138644
138645
138657
138658
138689
138766
138793
138794
138813
139127
139202
139250
139282
139301
139302
139303
139304
139405
139421
139422
139423
139471
139473
139490
139499
139536
139537
139538
139565
139577
139578
139649
139749
139772
139809
139810
139915
139922
139923
139924
140015
140044
140045
140095
140112
140147
140165
140193
140196
140212
140218
140247
140248
140265
140267
140268
140299
140327
140346
140370
140402
140465
140466
140471
140485
140486
140487
140529
140530
140536
140537
140567
140568
140575
140581
140598
140601
140611
140612
140613
140614
140657
140658
140695
140702
140800
140863
140884
140956
141005
141135
141215
141374
141375
141376
141377
141379
141380
141402
141421
141422
141423
141424
141476
141477
141480
141529
141570
141611
141642
141643
141645
141698
141700
141702
141772
141813
141907
141908
141909
141961
141989
141998
141999
142000
142001
142002
142003
142008
142011
142015
142018
142073
142094
142095
142096
142098
142111
142112
142114
142115
142220
142234
142267
142295
142297
142358
142371
142375
142462
142465
142473
142507
142540
142541
142542
142544
142545
142585
142587
142594
142716
142717
142718
142719
142723
142724
142725
142726
142727
142728
142730
142844
142866
142867
142868
142883
142884
142990
143030
143035
143036
143037
143085
143087
143095
143121
143137
143152
143165
143166
143184
143185
143192
143217
143218
143219
143220
143233
143260
143263
143282
143334
143340
143368
143383
143389
143390
143466
143467
143484
143486
143487
143556
143557
143558
143580
143581
143582
143589
143602
143626
143627
143659
143726
143749
143759
143810
143811
143860
143893
143894
143895
143923
143933
143937
144008
144016
144030
144033
144034
144044
144045
144046
144064
144070
144101
144116
144117
144120
144122
144139
144214
144221
144222
144257
144264
144271
144290
144295
144336
144338
144341
144345
144351
144366
144376
144378
144379
144398
144405
144409
144425
144459
144470
144524
144566
144567
144588
144594
144654
144665
144666
144667
144724
144733
144735
144745
144815
144830
144838
144840
144842
144843
144844
144876
144907
144908
144909
144910
144911
144913
144968
144970
144977
144982
145000
145001
145004
145069
145070
145071
145078
145080
145085
145097
145100
145114
145145
145146
145175
145193
145200
145201
145237
145239
145252
145261
145280
145311
145320
145323
145335
145366
145376
145377
145378
145379
145380
145400
145401
145413
145414
145437
145480
145482
145505
145528
145530
145561
145562
145563
145598
145599
145607
145616
145636
145639
145640
145688
145701
145756
145771
145780
145781
145782
145785
145795
145800
145801
145805
145825
145826
145871
145953
145954
146047
146053
146059
146064
146086
146097
146113
146139
146140
146141
146143
146144
146152
146154
146157
146159
146163
146164
146172
146175
146177
146183
146188
146192
146193
146194
146205
146210
146211
146224
146226
146240
146257
146265
146266
146273
146285
146307
146308
146309
146352
146380
146393
146394
146422
146433
146443
146458
146459
146475
146479
146497
146499
146504
146534
146536
146565
146579
146594
146600
146602
146617
146621
146622
146637
146639
146648
146694
146705
146720
146721
146742
146753
146787
146789
146822
146841
146851
146852
146854
146872
146873
146890
146892
146896
146897
146907
146919
146922
146923
146928
146939
146943
146957
146989
147017
147032
147033
147034
147052
147062
147067
147074
147083
147093
147131
147172
147185
147188
147212
147214
147229
147235
147241
147248
147252
147261
147289
147292
147360
147362
147363
147364
147366
147368
147369
147370
147378
147379
147409
147435
147465
147467
147473
147484
147487
147494
147514
147541
147575
147634
147643
147646
147651
147656
147658
147662
147697
147698
147700
147708
147710
147747
147759
147762
147764
147812
147831
147833
147838
147840
147884
147892
