1455
3292
3419
3431
3516
3752
3826
3968
3980
4081
4241
4243
4244
4645
4699
4966
5418
5524
5699
5839
6099
6220
6230
6289
6357
6767
6996
7088
7168
7169
7171
7179
7181
7475
7476
7477
7478
7480
7552
7629
7630
7632
8151
8152
8153
8389
8638
8639
8669
8670
8671
8765
8767
8851
8852
8927
8940
9251
9252
10025
10136
10262
10559
10637
10747
10766
10767
10768
10770
10771
10784
10883
10932
10965
11020
11072
11181
11183
11184
11185
11210
11211
11212
11346
11347
11349
12194
12197
12223
12241
12318
12508
12726
12727
12728
12729
12773
12802
12951
12972
12973
12974
13008
13422
13428
13605
13756
13874
14092
14110
14449
14498
14559
14598
14700
14728
15001
15060
15077
15215
15465
15485
15522
15978
16147
16227
16288
16350
16357
16507
16633
17039
17236
17251
17546
17547
17549
17550
17789
17826
17827
17828
17829
17886
17902
17917
18203
18225
18226
18228
18407
18791
18792
18794
18795
19062
19119
19150
19285
19454
19570
19772
19773
19775
19776
19832
19888
19889
19890
20191
20386
20387
20489
20510
20546
20551
20553
20648
20757
20783
20868
20878
20963
21171
21286
21314
21417
21556
21558
21617
21629
21658
21703
21796
21854
21906
22035
22036
22066
22711
22803
22956
22959
23053
23055
23056
23282
23284
23296
23298
23299
23876
23951
24136
24218
24513
24514
24515
24516
24661
24662
24663
24737
24738
24781
24782
24783
25044
25120
25598
25810
25926
25927
25945
25985
25986
26122
26137
26138
26406
26407
26637
26638
26639
26644
26785
26786
26810
26811
26828
26829
27000
27078
27463
27501
27542
27575
27969
28086
28087
28374
28405
28444
28457
28464
28779
28896
28937
28948
28949
28950
29273
29274
29275
29480
29542
29600
29647
29660
29670
29735
30005
30055
30623
30624
30725
31107
31361
31362
31364
31660
32172
32174
32175
32176
32863
32963
32964
33239
33318
33417
33529
33595
33596
33597
33688
34095
34750
34751
34752
34781
34783
34899
34900
35460
35461
35462
35463
36340
36396
36433
36617
36649
36700
37148
37395
37408
37437
37767
37780
37836
37852
38059
38415
38765
38970
38979
39030
39031
39075
39076
39407
39552
39582
39804
39826
40197
40329
40330
40334
40355
40617
40842
41082
41202
41246
41256
41413
41490
41493
41496
41567
41612
41613
41614
41847
41849
42163
42437
42871
42872
44411
44413
44414
44570
45178
45206
46078
46079
46081
46082
46084
46379
46846
46847
47063
47654
47786
47787
48196
48197
48226
48960
48962
48963
49254
49255
49256
49289
49741
49801
49802
49817
50783
50813
50874
50905
50906
50908
51017
51237
51296
51534
51580
51862
52055
52322
52442
52443
52700
52766
52767
53149
53293
53298
53558
55511
55552
55833
55834
56073
56307
56652
57448
57691
58695
59185
59276
59277
59566
59568
59569
59897
60552
60669
61491
61492
61493
61572
61574
61638
62933
63241
63618
64072
64084
64085
64787
64788
64963
65218
65219
65280
65281
65686
66630
67001
67416
67528
67557
67839
69715
73192
77527
79134
79394
79396
79512
81224
81246
81247
81248
81615
81974
82662
83515
84718
84973
85593
86698
86775
87241
87242
87243
87914
88259
88638
88794
89344
90782
91659
92569
93129
93130
93995
94922
95325
95486
95487
96544
96861
96936
97022
97733
97912
98797
99314
99652
100148
102674
103534
105289
105402
106328
106596
108340
112485
114330
115592
115941
117567
118094
118095
118096
118380
118653
118986
118999
120046
120047
120050
120317
120889
121016
121350
121352
121353
121582
122915
122960
123201
123747
123800
124031
124482
124586
125373
125375
127783
128134
128267
128379
128780
129334
129445
130049
130386
130440
130588
130589
130590
130657
130721
131296
131298
131509
132015
132017
132437
132987
133091
133092
133436
133644
133865
133964
134982
135214
135457
135478
135480
135793
136257
136416
136452
136657
136658
136659
136662
136863
136888
137544
137950
137986
138229
138286
138559
138880
139057
139105
139150
139246
139360
139562
139684
139777
139778
139926
140030
140117
140122
140139
140441
140571
140824
141080
141348
141349
141351
141741
142041
142209
142215
142282
142326
142547
142598
142607
142902
143065
143115
143117
143124
143125
143452
143536
143647
143649
143832
143833
143873
143874
143875
144179
144359
144441
144565
144572
144575
144598
144601
144697
144820
144993
144994
145168
145227
145358
145386
145540
145541
145665
145837
145838
145880
145969
146002
146125
146317
146711
146725
146751
146766
146870
147089
147120
147193
147266
147520
147638
