253
414
505
594
709
879
951
952
953
974
1029
1030
1031
1250
1251
1252
1439
1477
1610
1611
1612
1767
1865
1866
1867
1895
1914
1915
1931
2124
2125
2126
2263
2315
2317
2318
2319
2519
2546
2647
2705
2710
2759
2760
2769
2943
2970
3046
3149
3232
3246
3389
3417
3487
3506
3513
3529
3548
3575
3630
3707
3722
3741
3757
3829
3878
4111
4112
4113
4114
4626
4679
4683
4684
4685
4686
4687
4836
4873
4949
4968
4969
4970
4971
4977
4978
4979
5001
5002
5003
5004
5011
5012
5013
5030
5116
5134
5229
5364
5448
5516
5517
5606
5607
5703
5845
5875
5876
6121
6122
6123
6136
6145
6279
6453
6759
6833
6834
6835
6836
6837
6838
7191
7195
7196
7197
7198
7319
7532
7651
7769
7770
7771
7772
7818
7826
7827
7961
7962
8084
8085
8086
8087
8089
8303
8304
8453
8561
8643
8644
8645
8666
8667
8780
8810
8811
8994
8996
8997
9085
9206
9235
9302
9478
9479
9667
9677
9683
9737
9821
9864
9865
9911
9954
10017
10018
10019
10021
10183
10184
10185
10186
10250
10253
10254
10255
10284
10285
10286
10287
10713
10715
10716
11364
11365
11658
11659
11660
11683
11684
11694
11695
11937
12174
12464
12553
12617
12750
12751
12798
12894
13101
13103
13136
13166
13343
13498
13593
13668
13819
13820
13882
14064
14065
14290
14372
14525
14545
14637
14656
14679
14680
14691
14745
14746
14767
14958
14995
15052
15086
15462
15463
15655
15656
15657
15990
16372
16373
16374
16375
16585
16644
16673
16733
16783
17067
17068
17069
17070
17072
17073
17205
17238
17239
17712
17947
18144
18145
18146
18515
18651
18652
18673
18922
18923
18924
18986
19041
19231
19593
19738
19805
19806
19807
20140
20165
20175
20472
20486
20487
20530
20531
20997
21157
21250
21360
21371
21550
21650
21656
21839
21860
22384
22397
22533
22534
22786
22840
23027
23258
23486
23487
23489
23515
23567
23569
23822
24211
24212
24213
24214
24215
25163
25559
25560
25561
26136
26302
26389
26740
26799
26804
26805
26806
27324
27723
27724
27736
27935
27951
28465
28466
28467
28468
28552
28767
29029
29100
29101
29102
29810
30123
30149
30155
30753
30918
30920
30982
31817
31818
31819
32056
32589
32633
32634
32635
33020
33062
33384
33385
33507
34275
34276
34278
34991
35743
35744
36663
36731
36894
37355
37432
37554
37642
38986
38987
38988
39385
39568
39569
39576
39653
39654
39723
39788
39789
40727
41216
41488
41766
42047
42227
42277
42446
42582
42583
42584
42585
43437
44105
44106
44923
44924
45814
46750
46751
46752
46753
47334
47335
47819
47999
48025
48088
48887
48888
48889
50851
51114
51750
51865
51866
52206
52336
52685
52883
53161
53864
54094
54745
54853
55718
56051
56197
57383
57384
58806
59260
59396
59619
59938
60431
61005
61006
61007
61008
62039
62040
62834
63210
65478
65479
65480
65481
66226
66791
67965
69692
69736
71148
71293
71573
71770
72161
72237
72892
76173
76174
76175
76582
78672
79268
79359
79454
79823
79824
80749
80750
81910
85914
86212
87210
87729
87972
88288
88432
89840
97051
97052
100238
102153
103461
105126
105480
106532
106945
107968
108184
108678
112136
116331
117538
118607
118608
121631
126146
130369
130370
132776
134808
135575
137175
138816
139215
139335
140629
140974
141507
142492
142493
142494
142721
143559
143607
143608
143610
144017
144039
144206
144260
144554
144590
144753
144754
144770
144839
144928
144929
144930
144941
144972
145079
145098
145173
145309
145469
145475
145542
145632
145633
145700
145743
145804
145894
146025
146026
146239
146271
146300
146334
146335
146336
146620
146638
146646
146754
146815
146816
146817
146818
146826
146842
146843
146844
146845
146865
146866
146867
146876
146877
146878
146910
146996
147007
147008
147035
147037
147069
147157
147182
147184
147202
147215
147220
147284
147361
147381
147383
147385
147402
147407
147438
147445
147471
147500
147513
147532
147562
147568
147574
147579
147587
147596
147598
147599
147613
147633
147642
147650
147660
147680
147701
147705
147706
147707
147711
147716
147756
147769
147771
147788
147802
147805
147817
147818
147850
147862
147886
147889
147902
