1
5
6
18
23
28
32
35
41
53
59
63
64
65
66
72
78
89
104
165
170
171
172
194
195
196
197
216
219
220
228
229
230
244
254
265
322
323
324
325
327
328
329
331
360
365
375
384
410
481
487
495
502
542
543
576
579
580
581
738
740
765
807
808
829
830
831
864
865
866
867
875
885
886
896
897
911
966
972
980
989
990
1035
1036
1037
1043
1076
1081
1082
1136
1240
1296
1317
1344
1365
1366
1367
1368
1479
1497
1498
1500
1502
1554
1641
1642
1674
1734
1762
1763
1789
1817
1819
1820
1821
1842
1862
1920
1950
1951
1963
2006
2014
2025
2121
2123
2132
2235
2328
2422
2509
2521
2533
2535
2536
2548
2632
2707
2711
2735
2736
2887
2888
2889
2890
2891
2945
3070
3125
3126
3144
3145
3239
3311
3312
3346
3347
3369
3370
3441
3443
3568
3580
3584
3599
3632
3633
3660
3682
3817
3846
3954
4216
4217
4218
4219
4220
4222
4262
4263
4265
4270
4271
4272
4427
4437
4490
4491
4596
4716
4871
4947
5028
5114
5187
5188
5189
5262
5263
5365
5411
5503
5504
5627
5702
5765
5788
5897
5898
6182
6202
6277
6301
6383
6668
6669
6866
6867
6868
6906
6907
6908
6909
7058
7059
7322
7794
7795
7796
7797
7829
7830
7832
7871
7872
7873
8080
8238
8239
8250
8284
8285
8286
8307
8451
8705
8763
9163
9426
9427
9626
9754
9755
10350
10351
10353
10354
10355
10884
10886
11050
11051
11052
11053
11307
11441
11505
11724
12695
12697
12864
12871
13212
13440
13441
13512
13513
13561
13855
13968
14151
14355
14464
14665
14937
15141
15659
15660
15881
16679
17241
17242
17419
19559
19560
19561
19562
19590
19591
19732
19813
19814
20139
20341
20579
20580
20668
21242
21243
21832
22157
23629
24059
24060
24790
24791
24792
25342
25343
25344
27426
27442
28736
28936
29406
30579
33104
35035
35036
35307
36107
38774
39629
42199
47018
48624
51370
70653
115249
127624
129094
129095
129096
129097
129098
129099
129100
129101
135086
135442
137973
138112
138476
138477
138478
138479
138480
138642
138792
139201
139424
139491
140043
140328
140467
140476
140477
140478
140522
140523
140524
140569
140630
140653
140654
140655
140801
140862
140922
140939
140980
141282
141283
141284
141285
141286
141287
141378
141420
141478
141644
141707
141708
141709
141710
141711
141724
141725
141726
141727
141906
142004
142097
142113
142543
142720
142729
142847
142865
143136
143153
143186
143221
143251
143252
143253
143254
143255
143256
143351
143352
143353
143354
143355
143356
143485
143534
143565
143566
143567
143568
143569
143570
143628
143692
143693
143694
143795
143840
143841
143900
143908
144089
144090
144091
144152
144279
144289
144337
144408
144455
144498
144534
144621
144622
144623
144624
144625
144626
144627
144628
144645
144647
144648
144649
144650
144658
144659
144660
144661
144668
144764
144765
144766
144802
144803
144804
144805
144806
144841
144846
144877
144961
144963
144964
144969
145077
145099
145147
145174
145222
145264
145310
145334
145481
145506
145529
145560
145571
145572
145573
145574
145615
145638
145691
145702
145739
145740
145741
145742
145779
145796
145802
145806
145855
145856
145857
145872
145914
145915
145980
145981
146011
146038
146039
146040
146063
146080
146085
146131
146145
146174
146200
146212
146216
146245
146253
146256
146272
146287
146301
146326
146337
146339
146354
146385
146386
146398
146402
146404
146411
146423
146430
146460
146461
146462
146463
146476
146523
146525
146526
146527
146528
146535
146542
146543
146544
146545
146566
146580
146581
146582
146584
146623
146647
146704
146719
146752
146771
146772
146773
146774
146805
146806
146831
146832
146874
146904
146905
146906
146920
146924
146927
146946
146961
146962
146963
146998
146999
147000
147001
147040
147047
147049
147070
147071
147122
147123
147128
147150
147151
147152
147155
147156
147158
147162
147163
147164
147166
147177
147186
147189
147264
147293
147297
147332
147333
147336
147337
147359
147377
147393
147408
147411
147413
147416
147431
147446
147447
147449
147454
147455
147456
147472
147496
147510
147527
147540
147543
147555
147577
147578
147588
147591
147592
147609
147610
147618
147627
147637
147645
147653
147663
147666
147667
147669
147671
147672
147677
147678
147688
147694
147699
147722
147765
147779
147792
147797
147807
147832
147853
147854
147856
147858
147869
147883
147891
147899
147900
