12
39
44
48
51
69
96
106
107
109
110
111
114
128
129
152
153
154
155
156
157
159
174
207
209
213
214
260
261
263
270
276
277
285
286
287
302
335
346
352
380
396
397
400
401
423
424
455
456
459
479
513
515
520
522
523
527
528
529
530
531
545
562
563
564
566
573
574
591
597
599
604
606
616
624
627
628
629
640
641
657
659
660
661
688
690
691
692
695
719
747
751
760
761
762
763
797
799
800
832
834
835
836
838
839
840
882
907
909
920
934
937
939
940
942
943
944
946
947
956
959
960
961
994
995
1052
1066
1070
1120
1122
1123
1124
1129
1130
1134
1145
1157
1158
1162
1165
1169
1170
1180
1195
1196
1199
1207
1209
1219
1221
1350
1352
1353
1354
1355
1394
1395
1396
1397
1399
1400
1401
1402
1405
1406
1413
1470
1471
1473
1532
1543
1544
1545
1547
1548
1549
1559
1563
1564
1565
1567
1614
1615
1618
1619
1634
1666
1667
1668
1690
1691
1692
1694
1695
1696
1697
1715
1716
1717
1719
1720
1722
1791
1803
1806
1807
1810
1811
1815
1816
1827
1847
1855
1858
1859
1860
1880
1881
1884
1885
1901
1902
1904
1911
1913
1924
1927
1960
1961
1971
1984
1985
1986
2015
2036
2037
2038
2044
2060
2062
2064
2066
2077
2087
2088
2098
2099
2101
2110
2118
2119
2122
2141
2148
2153
2171
2198
2200
2201
2209
2222
2223
2225
2228
2229
2230
2232
2267
2268
2269
2271
2272
2274
2276
2281
2283
2284
2285
2287
2333
2335
2336
2339
2340
2341
2359
2362
2367
2368
2369
2372
2386
2387
2388
2390
2391
2392
2401
2430
2447
2449
2450
2451
2477
2479
2480
2481
2482
2527
2538
2559
2620
2621
2622
2656
2713
2715
2716
2717
2719
2725
2726
2727
2728
2729
2732
2794
2838
2839
2841
2843
2844
2860
2920
2928
2955
2957
2961
2962
2974
2976
2986
2987
2988
2994
2995
2997
2998
2999
3022
3023
3028
3037
3038
3039
3040
3055
3062
3081
3084
3086
3087
3088
3105
3107
3152
3153
3168
3169
3171
3172
3173
3180
3185
3186
3190
3191
3192
3193
3208
3211
3212
3236
3251
3273
3274
3283
3314
3315
3316
3319
3337
3338
3378
3397
3421
3422
3423
3424
3460
3461
3462
3463
3467
3473
3476
3478
3479
3530
3534
3535
3536
3543
3581
3582
3594
3618
3619
3622
3635
3642
3643
3644
3645
3646
3666
3667
3668
3670
3685
3700
3706
3733
3734
3737
3773
3781
3788
3789
3792
3799
3801
3820
3828
3835
3840
3856
3857
3858
3859
3861
3862
3863
3869
3892
3934
3935
3936
3938
3940
4003
4005
4006
4007
4008
4026
4027
4028
4029
4030
4032
4033
4071
4073
4074
4075
4077
4078
4099
4100
4102
4106
4163
4191
4204
4205
4207
4208
4211
4295
4296
4298
4299
4333
4334
4336
4338
4386
4387
4389
4390
4419
4463
4481
4495
4496
4497
4499
4500
4501
4503
4504
4514
4517
4518
4564
4565
4622
4650
4670
4671
4674
4675
4708
4720
4754
4755
4757
4758
4786
4788
4789
4790
4791
4794
4795
4798
4803
4804
4805
4807
4809
4810
4823
4863
4928
4929
4931
4932
4981
4983
4984
4997
4999
5000
5026
5069
5070
5071
5103
5132
5151
5152
5176
5177
5180
5191
5203
5204
5211
5213
5214
5216
5217
5234
5253
5254
5280
5285
5286
5358
5377
5391
5402
5403
5413
5414
5415
5424
5461
5470
5509
5521
5523
5526
5527
5529
5530
5539
5542
5549
5550
5551
5567
5572
5611
5614
5615
5616
5617
5618
5619
5624
5634
5652
5670
5686
5691
5712
5722
5723
5724
5738
5749
5760
5761
5791
5794
5805
5813
5816
5838
5848
5849
5910
5922
5923
5924
5934
5937
5938
5939
5948
5950
5963
5978
5988
5989
5991
5998
5999
6000
6001
6002
6003
6022
6023
6032
6033
6034
6035
6037
6039
6041
6053
6054
6055
6057
6060
6062
6070
6077
6081
6082
6083
6087
6091
6092
6103
6104
6105
6106
6110
6133
6134
6135
6141
6144
6154
6155
6156
6169
6170
6175
6185
6193
6194
6213
6215
6222
6224
6232
6234
6236
6243
6246
6248
6260
6275
6280
6283
6292
6295
6296
6304
6309
6321
6333
6361
6362
6363
6364
6365
6485
6507
6508
6510
6511
6580
6582
6583
6585
6587
6588
6589
6592
6593
6594
6595
6611
6612
6613
6615
6616
6648
6649
6650
6653
6684
6685
6686
6687
6704
6705
6707
6710
6711
6729
6730
6789
6790
6792
6794
6817
6862
6864
6865
6872
6886
6901
6902
6904
6956
6958
6959
6960
6962
6963
6965
6966
6967
7040
7069
7071
7072
7074
7075
7076
7097
7102
7215
7234
7236
7252
7253
7256
7259
7260
7261
7282
7283
7286
7354
7355
7356
7357
7409
7487
7490
7514
7516
7517
7519
7583
7584
7586
7612
7613
7621
7635
7656
7658
7724
7725
7735
7746
7748
7749
7752
7753
7760
7761
7762
7763
7764
7765
7785
7799
7800
7801
7802
7805
7839
7841
7844
7845
7846
7847
7848
7849
7854
7882
7927
7955
7958
7990
8005
8007
8010
8018
8030
8032
8066
8071
8074
8154
8174
8177
8182
8200
8205
8206
8209
8210
8211
8261
8263
8264
8270
8271
8272
8274
8277
8278
8280
8281
8282
8283
8290
8292
8293
8294
8308
8311
8313
8338
8345
8346
8370
8371
8372
8373
8374
8378
8379
8396
8402
8413
8444
8463
8464
8465
8492
8494
8496
8497
8525
8528
8529
8531
8539
8591
8592
8599
8605
8606
8607
8616
8635
8641
8648
8680
8682
8687
8692
8713
8716
8721
8722
8752
8753
8756
8761
8762
8768
8769
8770
8775
8781
8788
8790
8791
8813
8814
8815
8816
8818
8821
8833
8834
8836
8854
8857
8861
8862
8885
8890
8891
8895
8901
8903
8904
8905
8916
8935
8937
8942
8945
8982
9009
9019
9021
9029
9030
9031
9032
9033
9035
9048
9049
9050
9052
9053
9055
9057
9067
9078
9079
9099
9120
9130
9131
9132
9133
9134
9140
9142
9143
9144
9149
9150
9158
9159
9180
9181
9196
9207
9208
9209
9232
9240
9247
9264
9280
9281
9283
9290
9291
9327
9328
9329
9333
9334
9358
9379
9382
9384
9399
9400
9418
9422
9457
9463
9476
9477
9481
9483
9486
9490
9491
9525
9528
9529
9530
9537
9539
9552
9592
9594
9632
9635
9636
9645
9647
9658
9664
9672
9684
9690
9696
9697
9704
9723
9746
9757
9769
9778
9793
9796
9825
9826
9827
9838
9848
9867
9868
9878
9883
9884
9890
9891
9896
9917
9918
9919
9925
9942
9944
9945
9947
9949
9956
9966
9971
9972
9973
9986
9990
9998
10006
10023
10027
10062
10069
10071
10072
10073
10074
10075
10077
10100
10101
10105
10113
10144
10200
10201
10203
10206
10207
10208
10210
10211
10213
10214
10215
10216
10217
10241
10243
10244
10246
10247
10279
10290
10467
10486
10494
10495
10497
10498
10499
10503
10563
10564
10565
10566
10598
10607
10609
10666
10680
10700
10774
10775
10777
10778
10779
10780
10787
10789
10790
10792
10821
10827
10842
10858
10864
10922
10958
10999
11000
11002
11003
11004
11005
11008
11009
11011
11018
11033
11035
11037
11038
11060
11061
11063
11064
11091
11098
11101
11102
11103
11104
11105
11106
11107
11108
11160
11165
11171
11173
11174
11194
11217
11219
11220
11221
11223
11225
11226
11251
11332
11336
11337
11340
11367
11368
11370
11371
11372
11383
11434
11457
11458
11461
11474
11507
11508
11509
11540
11546
11547
11549
11550
11551
11556
11559
11586
11589
11590
11593
11594
11603
11635
11687
11718
11743
11744
11745
11746
11798
11805
11807
11808
11809
11849
11850
11851
11852
11853
11858
11859
11861
11862
11863
11865
11911
11951
11960
11983
11985
11986
12025
12063
12065
12087
12090
12098
12114
12116
12118
12119
12122
12125
12126
12128
12130
12131
12132
12134
12136
12142
12143
12145
12146
12147
12169
12182
12187
12189
12190
12192
12235
12236
12237
12238
12246
12247
12248
12250
12273
12274
12285
12286
12287
12308
12349
12350
12352
12357
12359
12368
12370
12371
12389
12419
12420
12422
12441
12443
12445
12448
12449
12485
12487
12488
12490
12491
12515
12516
12536
12537
12539
12540
12571
12572
12573
12576
12582
12584
12597
12601
12651
12653
12654
12656
12668
12669
12670
12704
12705
12706
12788
12823
12824
12828
12843
12886
12887
12888
12889
12890
12892
12918
12919
12920
12921
12922
12923
12924
12930
12947
12954
12956
12961
12962
12963
12981
12982
12983
12985
12986
12987
12989
13014
13015
13044
13045
13046
13047
13048
13054
13069
13070
13071
13072
13088
13096
13097
13098
13099
13100
13115
13116
13117
13158
13159
13160
13178
13179
13207
13208
13218
13222
13227
13228
13230
13271
13272
13293
13294
13295
13299
13301
13340
13341
13355
13361
13378
13379
13380
13423
13424
13425
13439
13442
13443
13444
13456
13457
13469
13479
13563
13564
13590
13591
13595
13612
13613
13614
13641
13642
13644
13678
13680
13690
13695
13697
13701
13707
13796
13797
13799
13825
13826
13829
13857
13858
13859
13867
13868
13881
13883
13884
13912
13913
13984
13988
13989
13990
13991
13993
13995
13996
13997
13998
13999
14000
14040
14044
14047
14128
14129
14138
14144
14145
14146
14153
14154
14155
14156
14158
14169
14176
14177
14183
14184
14185
14186
14217
14233
14252
14254
14258
14262
14286
14305
14306
14309
14314
14315
14316
14319
14343
14360
14369
14370
14376
14377
14378
14379
14384
14397
14398
14401
14421
14422
14423
14437
14438
14439
14442
14473
14474
14480
14508
14513
14514
14517
14518
14534
14536
14537
14538
14552
14553
14567
14568
14591
14592
14604
14610
14618
14619
14625
14626
14635
14654
14658
14681
14685
14686
14687
14759
14777
14782
14810
14812
14831
14846
14863
14874
14899
14906
14915
14916
14917
14925
14928
14929
14938
14939
14943
14968
14979
14993
14997
14998
15007
15009
15018
15022
15025
15026
15028
15033
15034
15041
15042
15043
15045
15055
15056
15070
15076
15084
15089
15095
15099
15111
15118
15120
15132
15138
15142
15143
15144
15151
15171
15179
15180
15184
15185
15187
15190
15194
15217
15218
15219
15221
15277
15278
15279
15282
15283
15286
15291
15364
15375
15377
15378
15380
15381
15382
15384
15385
15386
15399
15428
15431
15455
15456
15457
15458
15460
15461
15480
15503
15506
15507
15510
15525
15530
15596
15597
15599
15600
15685
15694
15786
15787
15790
15791
15792
15802
15813
15815
15844
15923
15946
15947
15948
15949
15951
15952
16047
16050
16138
16182
16184
16187
16188
16189
16190
16192
16193
16194
16196
16206
16207
16209
16258
16307
16308
16309
16316
16340
16395
16396
16399
16409
16410
16411
16413
16414
16415
16489
16566
16579
16583
16584
16593
16595
16632
16655
16656
16734
16753
16759
16760
16761
16762
16763
16789
16790
16791
16794
16796
16797
16827
16829
16830
16831
16832
16833
16834
16851
16852
16901
16902
16909
16941
16988
17002
17032
17033
17035
17036
17037
17046
17095
17098
17099
17116
17117
17119
17120
17122
17123
17124
17156
17164
17165
17167
17168
17169
17170
17171
17196
17219
17257
17260
17261
17263
17264
17265
17267
17268
17269
17270
17272
17295
17296
17297
17298
17299
17300
17393
17434
17435
17437
17438
17439
17455
17457
17458
17463
17464
17466
17467
17468
17497
17503
17543
17558
17559
17560
17561
17585
17611
17612
17624
17625
17626
17627
17628
17629
17634
17635
17636
17637
17638
17654
17659
17660
17661
17662
17663
17666
17673
17675
17677
17678
17679
17680
17681
17682
17683
17733
17734
17744
17909
17926
17927
17929
17930
17931
17932
17956
17957
17958
17959
17960
17962
17963
17964
17965
17966
17975
17977
17979
17983
18002
18004
18005
18006
18007
18009
18024
18026
18027
18028
18029
18030
18074
18125
18212
18213
18214
18223
18224
18296
18346
18348
18350
18352
18354
18355
18366
18367
18368
18391
18392
18393
18394
18414
18415
18442
18444
18445
18446
18447
18454
18456
18457
18498
18499
18501
18502
18534
18539
18560
18574
18606
18607
18619
18641
18654
18669
18693
18694
18706
18716
18717
18718
18773
18781
18784
18799
18800
18802
18804
18840
18842
18843
18844
18845
18860
18863
18879
18905
18929
18930
18941
18942
18978
18979
18980
18981
18982
18983
19004
19005
19006
19007
19012
19013
19027
19030
19043
19044
19045
19046
19051
19052
19054
19055
19056
19091
19108
19181
19182
19183
19184
19186
19188
19199
19210
19211
19222
19223
19224
19243
19251
19259
19260
19261
19262
19271
19301
19303
19326
19329
19331
19332
19333
19334
19335
19346
19349
19354
19387
19415
19416
19432
19444
19446
19451
19474
19500
19506
19508
19519
19520
19521
19523
19530
19532
19541
19542
19557
19558
19572
19577
19579
19600
19655
19659
19664
19665
19666
19669
19674
19715
19716
19728
19729
19730
19769
19777
19778
19779
19797
19798
19800
19801
19862
19897
19898
19920
19940
19941
19942
19943
19959
19961
19962
19973
19974
19975
19983
19986
19987
19988
19989
19990
19995
19996
19997
19998
20005
20023
20030
20050
20061
20062
20097
20129
20130
20142
20143
20174
20193
20194
20195
20196
20202
20203
20204
20205
20206
20221
20231
20236
20237
20240
20258
20259
20260
20261
20262
20263
20266
20287
20290
20293
20294
20295
20297
20299
20302
20306
20322
20329
20373
20396
20416
20432
20434
20457
20458
20471
20473
20474
20475
20481
20483
20502
20511
20512
20513
20520
20539
20545
20559
20569
20573
20589
20590
20599
20600
20601
20602
20615
20616
20617
20633
20635
20660
20671
20672
20673
20678
20679
20680
20681
20687
20688
20689
20709
20712
20713
20714
20731
20732
20733
20739
20741
20744
20770
20771
20772
20778
20779
20784
20785
20786
20787
20789
20790
20806
20836
20841
20842
20873
20874
20875
20876
20882
20931
20938
20939
20940
20941
20946
20979
20980
20981
21001
21010
21011
21029
21054
21055
21056
21062
21063
21076
21121
21122
21131
21132
21143
21154
21172
21173
21176
21177
21178
21179
21180
21181
21194
21197
21209
21225
21230
21247
21265
21269
21277
21287
21288
21289
21291
21307
21353
21370
21375
21383
21384
21390
21394
21395
21396
21405
21415
21438
21440
21441
21458
21459
21492
21531
21532
21534
21536
21537
21565
21566
21568
21591
21601
21610
21611
21612
21634
21635
21638
21639
21679
21682
21683
21684
21711
21713
21714
21715
21717
21722
21735
21736
21737
21742
21748
21760
21769
21770
21772
21782
21799
21804
21813
21818
21826
21829
21843
21844
21845
21888
21900
21908
21925
21927
21944
21945
21946
21964
22009
22012
22013
22025
22039
22043
22070
22076
22080
22084
22092
22105
22107
22137
22138
22139
22140
22146
22158
22187
22346
22347
22348
22408
22427
22428
22429
22431
22432
22433
22434
22460
22514
22519
22548
22565
22567
22568
22569
22582
22583
22609
22624
22637
22638
22640
22646
22664
22688
22690
22691
22692
22693
22738
22739
22740
22741
22751
22752
22753
22754
22757
22892
22909
22936
22938
22939
22940
22981
23032
23033
23035
23085
23120
23173
23231
23255
23309
23315
23325
23327
23328
23329
23331
23400
23479
23500
23505
23528
23529
23531
23533
23534
23542
23544
23545
23546
23548
23572
23573
23575
23576
23577
23578
23579
23582
23584
23585
23594
23608
23609
23610
23616
23640
23651
23654
23695
23696
23697
23699
23700
23701
23702
23729
23750
23759
23761
23762
23763
23775
23796
23824
23826
23827
23829
23831
23832
23834
23848
23849
23851
23853
23854
23861
23862
23863
23864
23878
23880
24038
24040
24041
24042
24044
24045
24096
24097
24098
24099
24128
24135
24140
24172
24173
24175
24177
24256
24263
24324
24325
24327
24328
24329
24367
24368
24369
24398
24399
24400
24401
24403
24404
24406
24407
24408
24412
24429
24440
24443
24488
24490
24491
24493
24494
24495
24517
24546
24548
24549
24552
24553
24554
24556
24557
24558
24573
24590
24591
24592
24593
24607
24625
24630
24631
24632
24634
24675
24680
24682
24683
24692
24694
24695
24696
24747
24748
24749
24825
24867
24870
24871
24873
24874
24892
24908
24909
24910
24911
24912
24931
24933
24934
24935
24948
24949
24950
24951
24954
24959
24961
24962
24964
24965
24974
24975
24976
24977
24979
24981
24982
24984
24988
24989
24991
24999
25006
25024
25035
25036
25048
25049
25051
25083
25084
25085
25097
25106
25111
25113
25183
25222
25223
25224
25225
25227
25228
25229
25230
25252
25253
25254
25255
25270
25273
25274
25275
25276
25277
25291
25293
25294
25295
25314
25319
25320
25370
25373
25374
25375
25376
25377
25378
25383
25386
25387
25388
25389
25425
25475
25513
25527
25547
25573
25591
25626
25653
25671
25672
25682
25683
25685
25692
25694
25699
25700
25701
25738
25739
25740
25741
25742
25743
25829
25831
25844
25847
25848
25849
25903
25904
25908
25909
25910
25965
25987
26013
26015
26016
26018
26019
26020
26079
26095
26113
26114
26146
26147
26148
26149
26150
26180
26249
26260
26272
26306
26366
26367
26368
26384
26386
26387
26400
26408
26410
26426
26427
26428
26429
26445
26446
26447
26462
26463
26464
26471
26472
26473
26474
26492
26497
26498
26503
26505
26506
26536
26537
26539
26540
26542
26544
26545
26550
26551
26552
26553
26561
26599
26617
26618
26619
26620
26653
26706
26707
26727
26759
26760
26776
26780
26781
26782
26783
26784
26789
26841
26847
26911
26941
26942
26943
26953
26954
26956
26957
26966
26974
26975
26976
26977
26988
26989
27009
27010
27011
27035
27041
27047
27061
27062
27063
27072
27106
27173
27174
27175
27176
27177
27189
27208
27214
27215
27216
27217
27260
27261
27262
27264
27271
27272
27273
27281
27282
27283
27284
27293
27337
27371
27372
27373
27378
27380
27381
27382
27383
27384
27419
27420
27452
27454
27456
27504
27507
27514
27522
27532
27549
27558
27559
27560
27561
27562
27563
27600
27605
27606
27646
27653
27688
27696
27743
27785
27786
27829
27845
27867
27868
27869
27871
27927
27989
27996
27997
27998
27999
28000
28004
28005
28028
28038
28046
28089
28090
28094
28095
28096
28099
28108
28109
28110
28122
28127
28128
28129
28133
28153
28154
28155
28156
28182
28183
28184
28185
28187
28191
28202
28203
28204
28207
28209
28210
28211
28213
28223
28225
28226
28227
28236
28238
28246
28252
28254
28290
28315
28345
28367
28368
28369
28385
28397
28398
28399
28412
28415
28417
28431
28432
28460
28471
28488
28491
28503
28504
28515
28516
28517
28524
28533
28534
28544
28545
28549
28550
28551
28565
28577
28579
28611
28614
28617
28634
28649
28671
28672
28685
28688
28689
28690
28691
28692
28730
28739
28761
28762
28769
28826
28827
28834
28835
28837
28844
28867
28906
28909
28912
28931
28932
28935
28943
28944
28965
28992
29011
29015
29016
29017
29024
29025
29034
29074
29076
29078
29084
29085
29089
29109
29110
29137
29140
29166
29187
29207
29208
29209
29249
29255
29280
29282
29312
29315
29323
29327
29328
29332
29342
29343
29361
29368
29369
29370
29378
29380
29396
29400
29404
29447
29448
29449
29450
29462
29463
29481
29485
29486
29487
29494
29497
29499
29500
29514
29519
29527
29529
29552
29560
29570
29571
29572
29573
29576
29586
29587
29590
29612
29613
29620
29631
29645
29646
29664
29674
29675
29676
29677
29680
29693
29726
29727
29737
29743
29744
29745
29800
29808
29817
29818
29828
29888
29889
29892
29897
29902
29903
29904
29910
29911
29951
29971
29972
29987
29988
29989
29990
30006
30007
30021
30039
30042
30046
30047
30049
30050
30051
30067
30069
30096
30097
30115
30136
30137
30156
30158
30172
30180
30181
30182
30188
30189
30194
30195
30201
30209
30211
30219
30220
30232
30233
30234
30242
30243
30272
30273
30275
30280
30294
30295
30299
30300
30310
30325
30355
30356
30377
30378
30379
30380
30386
30400
30404
30419
30426
30429
30430
30432
30433
30442
30444
30450
30460
30472
30482
30489
30499
30504
30525
30541
30543
30554
30555
30567
30612
30615
30629
30630
30631
30637
30657
30662
30672
30675
30682
30699
30700
30716
30737
30765
30771
30812
30824
30827
30841
30842
30851
30855
30864
30867
30904
30913
30915
30916
30937
30959
30960
30962
30971
30972
30973
30975
30980
30981
31036
31061
31063
31064
31065
31071
31081
31090
31092
31093
31094
31100
31108
31113
31120
31123
31128
31140
31141
31142
31143
31145
31157
31158
31171
31180
31181
31187
31214
31223
31224
31228
31312
31344
31345
31347
31348
31349
31350
31408
31454
31465
31476
31477
31478
31480
31481
31482
31490
31502
31503
31504
31507
31508
31509
31510
31511
31512
31513
31514
31527
31528
31529
31531
31532
31533
31562
31563
31564
31565
31567
31569
31571
31572
31573
31574
31590
31591
31593
31594
31595
31653
31672
31716
31812
31852
31856
31864
31883
31884
31886
31887
31888
31917
32037
32039
32040
32041
32058
32059
32061
32062
32063
32136
32146
32147
32149
32157
32159
32160
32161
32163
32168
32169
32171
32183
32201
32241
32242
32243
32244
32246
32247
32263
32280
32282
32283
32284
32286
32287
32288
32302
32303
32304
32306
32307
32334
32338
32344
32345
32346
32347
32368
32369
32481
32482
32484
32495
32520
32536
32538
32546
32548
32549
32550
32563
32592
32602
32603
32604
32605
32606
32607
32609
32663
32730
32732
32733
32735
32737
32738
32739
32740
32744
32745
32749
32758
32808
32809
32810
32811
32812
32813
32818
32877
32879
32880
32881
32882
32889
32891
32892
32893
33011
33012
33013
33014
33016
33017
33023
33024
33025
33026
33095
33101
33140
33175
33176
33178
33179
33201
33202
33203
33204
33205
33206
33207
33245
33270
33271
33272
33273
33276
33329
33344
33345
33347
33348
33354
33387
33388
33415
33421
33428
33430
33431
33432
33433
33434
33440
33441
33442
33444
33445
33446
33469
33492
33493
33555
33557
33558
33559
33569
33570
33571
33572
33575
33589
33590
33591
33592
33593
33594
33607
33612
33621
33622
33624
33625
33636
33679
33687
33740
33753
33755
33791
33792
33794
33795
33796
33835
33914
33962
33964
33965
33966
33967
33976
34007
34029
34030
34031
34032
34042
34043
34044
34045
34046
34049
34202
34358
34363
34417
34427
34429
34430
34431
34454
34455
34456
34457
34458
34513
34514
34515
34516
34517
34518
34519
34520
34521
34535
34564
34567
34568
34569
34572
34574
34585
34618
34619
34620
34625
34684
34710
34711
34712
34714
34716
34717
34744
34760
34762
34856
34858
34859
34866
34894
34896
34897
34902
34947
34948
34949
34987
34993
34994
35002
35032
35040
35112
35113
35118
35125
35129
35132
35133
35138
35139
35140
35141
35260
35261
35262
35332
35359
35369
35412
35489
35491
35493
35494
35495
35496
35497
35499
35500
35501
35502
35503
35504
35505
35506
35532
35562
35563
35564
35565
35566
35672
35673
35675
35676
35677
35678
35708
35717
35719
35765
35802
35803
35804
35805
35882
35883
35884
35926
35932
35933
35934
35942
35953
35954
35999
36000
36001
36003
36034
36101
36102
36103
36104
36105
36106
36150
36151
36152
36237
36238
36239
36240
36244
36245
36257
36260
36261
36272
36273
36274
36276
36281
36305
36316
36317
36318
36320
36333
36335
36336
36337
36338
36339
36409
36425
36497
36498
36499
36503
36519
36521
36546
36559
36560
36561
36562
36591
36592
36593
36607
36608
36609
36610
36611
36623
36624
36626
36644
36653
36654
36657
36658
36682
36683
36686
36699
36702
36703
36724
36748
36750
36759
36760
36761
36762
36764
36765
36767
36768
36769
36822
36843
36851
36852
36856
36865
36881
36883
36884
36885
36886
36898
36899
36900
36901
36908
36943
36944
36945
36946
36947
36948
36949
36950
36951
36952
36978
37001
37020
37066
37067
37068
37069
37097
37098
37099
37108
37112
37114
37115
37139
37162
37164
37165
37166
37169
37222
37229
37230
37231
37233
37263
37319
37381
37481
37492
37493
37502
37503
37515
37545
37578
37581
37597
37599
37602
37603
37631
37682
37686
37687
37707
37710
37711
37712
37713
37717
37721
37723
37724
37725
37741
37742
37743
37808
37809
37810
37820
37821
37822
37824
37827
37830
37831
37832
37833
37846
37847
37848
37849
37850
37914
37950
37993
38004
38005
38007
38008
38009
38012
38020
38049
38050
38052
38053
38054
38055
38120
38136
38137
38139
38154
38205
38206
38209
38216
38219
38233
38270
38271
38272
38277
38278
38279
38280
38281
38294
38310
38311
38344
38362
38363
38364
38365
38371
38406
38408
38409
38412
38413
38443
38444
38445
38446
38482
38534
38535
38536
38537
38587
38604
38609
38610
38615
38630
38640
38666
38686
38708
38731
38732
38733
38741
38742
38785
38786
38790
38791
38797
38798
38799
38838
38884
38885
38886
38887
38897
38954
38955
38956
38959
38960
38961
38962
38963
38965
38973
38974
38975
38981
38982
39065
39067
39069
39072
39077
39090
39103
39150
39159
39167
39168
39170
39187
39188
39189
39198
39201
39203
39208
39212
39213
39214
39255
39289
39291
39298
39305
39318
39323
39334
39342
39346
39380
39401
39409
39425
39444
39446
39447
39460
39461
39462
39472
39473
39476
39488
39489
39492
39493
39494
39495
39515
39523
39526
39531
39533
39547
39551
39553
39554
39555
39572
39593
39594
39595
39613
39614
39615
39618
39666
39667
39668
39669
39682
39699
39700
39703
39704
39715
39748
39803
39810
39821
39823
39842
39876
39877
39881
39947
39953
39954
39983
39984
39993
39994
40004
40005
40008
40009
40012
40021
40023
40042
40043
40069
40071
40108
40147
40150
40157
40161
40165
40187
40188
40208
40251
40252
40256
40257
40273
40274
40294
40295
40301
40327
40328
40372
40385
40386
40387
40388
40389
40406
40419
40421
40480
40505
40508
40510
40511
40513
40514
40529
40531
40538
40539
40541
40550
40561
40562
40564
40565
40569
40578
40579
40580
40591
40609
40610
40615
40618
40628
40631
40632
40633
40637
40638
40645
40646
40647
40648
40656
40710
40721
40724
40737
40745
40758
40759
40799
40813
40816
40817
40848
40853
40874
40884
40885
40894
40895
40896
40918
40931
40952
40991
40996
40998
41005
41035
41040
41064
41066
41077
41096
41097
41128
41130
41135
41136
41137
41138
41139
41141
41177
41180
41206
41209
41211
41212
41272
41282
41349
41350
41365
41368
41387
41394
41398
41401
41404
41405
41407
41449
41482
41494
41509
41511
41516
41518
41521
41534
41536
41550
41555
41556
41559
41560
41572
41573
41574
41588
41590
41591
41600
41601
41602
41603
41606
41607
41609
41622
41629
41642
41643
41647
41648
41650
41651
41652
41671
41679
41681
41683
41687
41691
41692
41721
41722
41723
41754
41767
41768
41794
41808
41809
41810
41818
41820
41825
41834
41835
41836
41860
41865
41867
41888
41890
41892
41896
41904
41925
41926
41929
41933
41938
41939
41941
41942
41945
41946
41947
41953
41954
41967
41972
41975
42009
42022
42037
42041
42043
42051
42073
42097
42098
42099
42101
42102
42116
42121
42122
42125
42126
42127
42133
42134
42144
42145
42146
42156
42157
42179
42181
42182
42225
42226
42229
42241
42244
42274
42293
42300
42302
42307
42324
42338
42346
42359
42371
42373
42394
42412
42413
42432
42447
42453
42454
42458
42479
42480
42481
42500
42507
42554
42634
42671
42713
42726
42729
42771
42800
42836
42837
42839
42840
42841
42842
42843
42844
42879
42881
42910
42911
42914
42916
42953
42955
42957
42958
42959
42960
42995
42998
42999
43017
43073
43075
43076
43077
43078
43079
43144
43166
43167
43168
43169
43171
43172
43187
43188
43203
43216
43234
43235
43236
43237
43268
43269
43270
43272
43274
43291
43293
43294
43295
43340
43341
43343
43344
43345
43347
43348
43349
43362
43387
43388
43389
43421
43423
43425
43476
43477
43478
43480
43481
43516
43518
43519
43558
43559
43560
43561
43562
43563
43567
43573
43587
43588
43589
43590
43591
43592
43606
43740
43742
43744
43758
43797
43798
43799
43800
43801
43803
43805
43806
43808
43833
43892
43893
43894
43895
43906
43907
43928
43960
43983
43999
44039
44078
44079
44080
44081
44082
44084
44085
44086
44088
44164
44165
44166
44167
44273
44299
44302
44308
44309
44310
44312
44313
44404
44509
44510
44511
44512
44546
44548
44549
44559
44569
44588
44657
44660
44661
44673
44674
44675
44676
44677
44678
44771
44840
44870
44871
44872
44873
44930
44967
45018
45019
45021
45022
45045
45065
45066
45069
45070
45084
45114
45159
45192
45193
45194
45195
45196
45197
45199
45200
45201
45202
45218
45220
45221
45226
45347
45374
45376
45489
45511
45512
45513
45549
45550
45551
45561
45562
45563
45564
45565
45566
45568
45569
45622
45680
45683
45684
45685
45686
45688
45689
45694
45723
45776
45777
45778
45782
45784
45786
45787
45788
45795
45803
45804
45806
45807
45808
45846
45847
45848
45849
45850
45905
45921
45922
45925
45926
45929
45930
45931
45932
45939
45940
45942
45954
45955
45957
45958
45959
45960
45961
45962
45963
45965
45966
45967
45968
45969
45970
45971
45979
45987
45994
45995
45996
45997
45998
46017
46024
46040
46073
46097
46098
46099
46100
46101
46102
46106
46107
46108
46150
46152
46174
46176
46179
46226
46227
46229
46237
46238
46239
46240
46241
46242
46243
46288
46289
46290
46291
46308
46309
46310
46311
46312
46313
46314
46316
46317
46318
46329
46330
46332
46333
46334
46385
46394
46395
46397
46399
46401
46406
46411
46413
46414
46415
46424
46425
46427
46429
46436
46512
46513
46515
46516
46564
46566
46568
46569
46607
46657
46658
46683
46685
46693
46694
46705
46708
46744
46828
46829
46830
46843
46845
46865
46866
46867
46881
46882
46946
47002
47003
47010
47011
47012
47030
47031
47032
47033
47131
47168
47195
47247
47248
47250
47251
47252
47253
47321
47322
47323
47324
47326
47402
47470
47471
47472
47497
47518
47550
47552
47611
47632
47634
47636
47637
47638
47639
47653
47658
47664
47668
47669
47670
47681
47762
47824
47825
47826
47886
47942
47944
47959
47981
48003
48004
48005
48006
48007
48008
48009
48010
48065
48066
48071
48072
48073
48148
48161
48163
48164
48165
48189
48210
48230
48232
48233
48234
48235
48236
48242
48243
48244
48245
48246
48247
48255
48264
48265
48274
48275
48276
48301
48331
48343
48344
48345
48377
48378
48379
48420
48421
48422
48423
48424
48425
48426
48428
48471
48472
48474
48518
48519
48520
48521
48550
48552
48553
48554
48555
48556
48557
48585
48650
48651
48660
48667
48669
48670
48672
48682
48693
48694
48695
48696
48722
48723
48748
48765
48766
48767
48814
48815
48816
48861
48862
48863
48864
48865
48876
48911
48912
48919
48925
48926
48927
48928
48929
48930
48944
48946
48947
48976
48978
48979
48980
49000
49011
49012
49103
49112
49153
49156
49157
49173
49194
49195
49196
49217
49218
49224
49234
49236
49252
49366
49367
49368
49380
49388
49419
49438
49439
49440
49441
49442
49443
49456
49457
49518
49519
49520
49524
49588
49591
49592
49601
49644
49645
49646
49647
49648
49669
49670
49671
49681
49682
49683
49716
49745
49752
49753
49757
49762
49776
49778
49780
49781
49782
49783
49784
49785
49786
49798
49799
49800
49825
49834
49875
49876
49939
49946
49948
49949
49969
49970
49971
50031
50032
50033
50041
50056
50101
50131
50155
50165
50166
50167
50175
50176
50177
50178
50192
50193
50197
50205
50221
50236
50238
50239
50274
50306
50375
50376
50377
50400
50401
50419
50422
50424
50425
50426
50435
50436
50437
50456
50485
50512
50527
50529
50530
50560
50562
50563
50564
50650
50694
50740
50796
50797
50798
50816
50817
50818
50819
50820
50821
50857
50860
50862
50863
50876
50892
50935
50936
50944
50947
50948
50949
50950
50951
50952
50981
50982
51014
51088
51117
51118
51125
51126
51207
51221
51222
51223
51224
51260
51261
51268
51281
51292
51338
51343
51380
51393
51409
51427
51428
51434
51456
51467
51468
51469
51471
51501
51502
51525
51526
51529
51575
51576
51577
51578
51579
51625
51629
51632
51650
51653
51654
51655
51656
51657
51664
51665
51691
51703
51733
51734
51738
51740
51754
51776
51777
51778
51779
51780
51798
51808
51809
51816
51850
51894
51944
51945
51990
51991
51992
51993
51995
52048
52049
52051
52052
52085
52086
52089
52090
52103
52126
52135
52136
52137
52153
52154
52217
52218
52219
52221
52222
52233
52259
52260
52264
52266
52268
52294
52295
52303
52304
52305
52326
52400
52424
52425
52429
52430
52468
52469
52474
52489
52490
52499
52522
52523
52524
52526
52530
52531
52569
52570
52607
52647
52648
52650
52651
52663
52672
52703
52708
52709
52710
52736
52737
52738
52776
52784
52785
52789
52792
52806
52821
52822
52823
52840
52877
52898
52899
52900
52901
52908
52910
52946
52962
52973
53020
53038
53059
53060
53068
53074
53076
53077
53086
53095
53096
53098
53099
53100
53121
53153
53154
53155
53156
53157
53158
53178
53179
53190
53191
53224
53270
53271
53303
53305
53309
53334
53341
53343
53344
53345
53346
53352
53366
53367
53368
53374
53382
53383
53384
53385
53406
53414
53436
53468
53469
53470
53479
53480
53485
53527
53538
53559
53562
53580
53625
53628
53632
53640
53652
53653
53654
53658
53661
53680
53682
53702
53730
53731
53735
53747
53749
53804
53805
53817
53847
53880
53883
53884
53911
53919
53921
53928
53935
53969
53980
54000
54028
54029
54030
54033
54037
54038
54041
54053
54055
54066
54068
54069
54083
54086
54098
54114
54129
54130
54141
54142
54157
54160
54161
54163
54177
54186
54204
54212
54213
54215
54218
54239
54240
54241
54285
54286
54289
54306
54307
54313
54314
54324
54325
54339
54346
54347
54348
54376
54390
54422
54433
54434
54447
54453
54477
54478
54482
54509
54513
54524
54537
54540
54541
54542
54546
54547
54555
54561
54572
54573
54614
54615
54616
54617
54618
54619
54626
54627
54628
54647
54665
54677
54703
54708
54730
54734
54746
54765
54774
54775
54778
54798
54815
54817
54822
54827
54828
54829
54832
54833
54837
54838
54890
54891
54901
54902
54911
54954
54977
54978
54979
54980
54981
54990
55002
55027
55033
55035
55040
55041
55049
55055
55058
55075
55076
55077
55078
55084
55088
55089
55108
55109
55120
55142
55146
55150
55164
55180
55194
55196
55211
55219
55225
55227
55229
55230
55234
55235
55237
55267
55276
55287
55311
55318
55323
55324
55327
55335
55339
55343
55344
55352
55354
55360
55372
55388
55422
55428
55445
55446
55455
55461
55463
55464
55469
55470
55471
55488
55489
55492
55493
55543
55569
55576
55617
55633
55642
55652
55654
55666
55680
55686
55693
55696
55712
55716
55724
55752
55754
55774
55798
55800
55819
55836
55837
55846
55849
55850
55873
55890
55911
55914
55915
55916
55931
55946
55953
55975
55993
55994
55999
56002
56003
56010
56012
56020
56043
56044
56045
56046
56061
56062
56063
56097
56099
56109
56110
56114
56116
56125
56126
56127
56137
56141
56148
56149
56182
56195
56211
56213
56215
56255
56288
56371
56372
56374
56375
56376
56385
56393
56394
56396
56397
56398
56402
56414
56441
56448
56457
56458
56460
56461
56544
56545
56546
56547
56548
56549
56644
56645
56646
56647
56648
56649
56695
56696
56697
56699
56700
56750
56766
56767
56768
56769
56770
56771
56774
56890
56967
56995
56996
56997
56998
57017
57018
57019
57020
57022
57023
57024
57025
57066
57067
57113
57193
57229
57231
57232
57233
57338
57359
57361
57394
57396
57397
57399
57413
57415
57416
57447
57471
57517
57518
57519
57520
57521
57555
57580
57606
57609
57623
57625
57627
57628
57629
57670
57672
57674
57675
57676
57677
57678
57681
57683
57746
57749
57751
57752
57753
57754
57757
57781
57822
57866
57888
57889
57890
57891
57892
57893
57913
57915
57920
57922
57923
57951
57952
57953
57954
57955
57956
57958
57997
57998
57999
58000
58001
58002
58003
58009
58037
58038
58039
58040
58057
58112
58114
58115
58116
58134
58135
58136
58137
58205
58208
58245
58246
58248
58263
58265
58266
58267
58309
58361
58362
58363
58364
58365
58366
58367
58368
58391
58392
58394
58395
58464
58465
58466
58467
58470
58566
58567
58568
58569
58570
58604
58626
58665
58667
58683
58684
58685
58686
58687
58701
58702
58704
58705
58706
58708
58710
58723
58724
58725
58726
58727
58728
58732
58761
58763
58765
58812
58813
58814
58816
58817
58894
58909
58915
58916
58917
58918
58923
58942
58948
58949
58950
58951
58961
58976
58979
58980
58981
58983
59066
59092
59093
59094
59095
59096
59097
59098
59117
59207
59219
59222
59255
59256
59257
59258
59267
59269
59270
59290
59291
59292
59297
59299
59300
59302
59326
59352
59353
59354
59356
59357
59413
59529
59561
59562
59563
59565
59579
59580
59581
59590
59591
59592
59593
59638
59639
59640
59641
59693
59694
59695
59696
59704
59706
59707
59723
59744
59750
59812
59813
59814
59867
59907
59925
59926
59927
59964
59965
59966
59967
59968
59969
60041
60042
60043
60046
60098
60133
60135
60155
60157
60158
60159
60194
60195
60196
60197
60219
60222
60224
60363
60412
60413
60414
60415
60416
60459
60460
60461
60462
60517
60534
60535
60536
60549
60555
60556
60557
60558
60559
60604
60606
60607
60608
60609
60611
60612
60624
60625
60626
60628
60631
60632
60633
60634
60693
60694
60695
60715
60771
60772
60773
60774
60815
60817
60822
60837
60838
60874
60992
61055
61106
61116
61132
61133
61135
61136
61137
61155
61156
61157
61158
61159
61160
61182
61184
61185
61330
61334
61335
61337
61344
61377
61416
61529
61530
61532
61533
61534
61541
61542
61576
61577
61578
61579
61580
61581
61588
61589
61590
61592
61593
61595
61604
61611
61612
61613
61614
61645
61666
61676
61696
61713
61714
61721
61731
61732
61733
61734
61739
61790
61824
61826
61827
61945
61947
61960
61961
61962
61963
61964
61965
62066
62068
62069
62070
62071
62083
62084
62085
62101
62159
62160
62161
62163
62164
62165
62166
62238
62261
62307
62308
62309
62336
62338
62380
62381
62383
62394
62395
62396
62427
62486
62493
62551
62552
62553
62574
62592
62593
62624
62625
62645
62662
62663
62668
62681
62682
62689
62690
62691
62768
62769
62770
62771
62786
62842
62843
62844
62845
62858
62859
62941
62942
62943
62944
62964
62993
62994
62995
62996
62997
62998
63005
63029
63045
63055
63083
63085
63086
63113
63115
63117
63118
63119
63123
63126
63127
63131
63216
63218
63223
63225
63226
63228
63235
63271
63272
63273
63275
63277
63305
63306
63307
63308
63411
63457
63458
63519
63535
63536
63537
63538
63598
63599
63602
63633
63634
63636
63746
63747
63748
63749
63750
63755
63756
63758
63759
63786
63787
63873
63874
63931
63976
64036
64043
64044
64045
64049
64057
64067
64068
64077
64086
64087
64106
64107
64108
64114
64116
64117
64118
64151
64153
64154
64196
64197
64198
64211
64244
64246
64252
64260
64264
64265
64266
64275
64276
64277
64278
64296
64297
64298
64304
64305
64337
64392
64395
64396
64397
64441
64457
64458
64459
64460
64461
64463
64464
64465
64466
64507
64548
64565
64566
64568
64569
64571
64572
64573
64585
64634
64644
64645
64648
64671
64672
64673
64674
64675
64676
64677
64694
64725
64726
64727
64829
64877
64878
64888
64889
64905
64907
64908
64911
64941
64943
64944
64945
64946
64947
64953
64954
64962
64977
64992
65017
65018
65019
65084
65086
65096
65097
65104
65157
65158
65161
65164
65165
65179
65180
65181
65198
65199
65200
65201
65203
65204
65205
65211
65258
65285
65286
65287
65288
65289
65320
65321
65322
65344
65345
65346
65347
65348
65355
65356
65369
65389
65390
65391
65413
65414
65426
65427
65430
65431
65433
65434
65508
65509
65551
65558
65564
65565
65569
65570
65571
65572
65573
65574
65575
65577
65579
65584
65586
65587
65588
65589
65608
65658
65660
65678
65685
65720
65721
65726
65762
65763
65811
65812
65813
65841
65842
65843
65844
65845
65853
65876
65877
65903
65904
65905
65906
65909
65915
65917
65918
65923
65924
65925
65926
66001
66002
66003
66004
66007
66008
66038
66047
66122
66133
66134
66135
66137
66139
66140
66143
66144
66153
66155
66171
66173
66174
66199
66212
66230
66231
66234
66275
66283
66284
66285
66286
66287
66293
66294
66295
66296
66297
66319
66349
66350
66354
66398
66434
66443
66444
66445
66446
66447
66448
66449
66470
66494
66497
66543
66548
66560
66592
66616
66618
66619
66654
66655
66670
66686
66717
66718
66749
66750
66751
66752
66760
66780
66793
66794
66818
66820
66840
66847
66865
66890
66909
66927
66950
66951
66963
66964
66974
66982
67002
67003
67028
67060
67071
67072
67088
67093
67097
67098
67099
67100
67101
67106
67122
67123
67154
67155
67156
67166
67167
67192
67193
67205
67252
67254
67255
67268
67278
67279
67337
67338
67356
67357
67358
67372
67392
67409
67422
67423
67428
67439
67469
67471
67475
67476
67509
67510
67511
67520
67558
67559
67576
67594
67615
67616
67617
67618
67620
67622
67631
67645
67658
67659
67663
67685
67686
67687
67693
67696
67707
67719
67720
67728
67729
67731
67732
67745
67787
67790
67800
67804
67805
67809
67830
67848
67849
67850
67869
67892
67893
67894
67941
67942
67943
67990
67991
67992
68004
68032
68036
68037
68043
68086
68102
68103
68118
68158
68194
68195
68197
68204
68207
68208
68238
68244
68259
68271
68306
68307
68308
68309
68317
68330
68343
68382
68416
68445
68448
68449
68452
68491
68507
68517
68535
68550
68558
68560
68593
68594
68648
68669
68676
68677
68681
68730
68737
68738
68739
68740
68743
68744
68745
68775
68776
68777
68778
68779
68786
68787
68788
68795
68798
68811
68816
68818
68819
68822
68823
68853
68854
68868
68893
68899
68960
68965
68966
68996
69020
69022
69023
69057
69058
69068
69080
69098
69145
69151
69157
69158
69159
69179
69193
69227
69231
69250
69251
69263
69334
69341
69351
69382
69397
69411
69414
69415
69420
69421
69423
69424
69439
69458
69459
69480
69481
69486
69487
69501
69549
69556
69577
69587
69602
69607
69616
69617
69622
69663
69664
69673
69674
69682
69699
69706
69708
69709
69710
69733
69749
69765
69766
69767
69768
69804
69805
69806
69888
69900
69962
69968
69969
69977
69994
70017
70019
70020
70025
70047
70049
70050
70051
70052
70066
70067
70113
70117
70124
70138
70139
70153
70179
70196
70203
70207
70222
70307
70352
70360
70375
70390
70430
70432
70433
70443
70457
70458
70535
70537
70546
70554
70559
70575
70587
70616
70617
70618
70619
70655
70681
70696
70699
70704
70705
70706
70717
70719
70728
70729
70731
70738
70754
70759
70766
70767
70773
70802
70807
70824
70827
70831
70853
70863
70868
70871
70872
70890
70891
70919
70994
70995
71003
71030
71032
71036
71098
71130
71131
71139
71143
71144
71145
71146
71186
71189
71223
71237
71252
71254
71259
71280
71291
71304
71305
71317
71324
71326
71344
71352
71386
71395
71408
71416
71423
71424
71438
71440
71475
71483
71490
71493
71496
71498
71514
71528
71551
71565
71570
71583
71584
71586
71591
71593
71602
71627
71628
71629
71644
71649
71650
71700
71710
71723
71744
71750
71752
71759
71760
71763
71775
71792
71797
71842
71847
71865
71878
71888
71898
71910
71918
71921
71925
71961
71962
71969
71973
71980
72005
72007
72010
72011
72012
72034
72048
72049
72052
72063
72064
72074
72091
72105
72108
72114
72141
72159
72165
72167
72168
72190
72192
72198
72215
72222
72225
72226
72254
72296
72298
72299
72323
72352
72353
72354
72356
72381
72403
72404
72406
72407
72408
72428
72429
72433
72435
72483
72484
72485
72486
72487
72488
72513
72519
72520
72521
72522
72523
72524
72525
72526
72555
72557
72559
72560
72561
72562
72564
72566
72568
72570
72571
72580
72582
72583
72584
72597
72633
72634
72635
72636
72660
72661
72662
72663
72664
72677
72678
72679
72703
72732
72749
72751
72752
72753
72755
72762
72815
72820
72821
72823
72824
72825
72826
72827
72828
72841
72844
72909
72912
72913
72915
72916
72976
72979
73000
73004
73005
73006
73007
73009
73124
73194
73196
73197
73198
73221
73222
73223
73224
73225
73226
73227
73228
73358
73366
73367
73368
73369
73370
73371
73376
73447
73448
73449
73451
73452
73467
73506
73510
73532
73533
73534
73535
73538
73539
73540
73541
73561
73608
73609
73611
73630
73631
73632
73667
73673
73675
73676
73677
73678
73679
73680
73731
73732
73733
73734
73735
73779
73781
73782
73783
73805
73840
73842
73843
73845
73846
73908
73986
73992
73995
74006
74046
74047
74050
74053
74055
74099
74137
74142
74144
74150
74152
74153
74173
74174
74175
74176
74177
74178
74286
74398
74427
74484
74513
74514
74515
74517
74523
74529
74530
74531
74533
74598
74600
74654
74655
74658
74676
74711
74712
74713
74715
74716
74818
74831
74855
74926
74942
74943
74944
74956
74957
74970
74972
74973
74974
74979
74981
74983
75016
75018
75019
75021
75022
75023
75024
75026
75027
75028
75029
75041
75065
75066
75067
75068
75069
75107
75108
75110
75111
75112
75113
75115
75131
75160
75161
75162
75163
75219
75220
75222
75223
75224
75243
75251
75252
75253
75254
75285
75341
75409
75414
75418
75419
75420
75526
75527
75528
75529
75530
75539
75549
75552
75553
75554
75555
75556
75579
75608
75610
75611
75630
75631
75633
75635
75698
75713
75714
75715
75716
75732
75745
75758
75773
75774
75806
75826
75827
75828
75829
75830
75849
75859
75909
75965
75988
75989
75990
75991
75992
76007
76008
76009
76010
76011
76018
76019
76020
76021
76022
76055
76144
76191
76194
76195
76196
76197
76198
76200
76215
76216
76217
76218
76219
76328
76400
76401
76411
76518
76520
76521
76522
76528
76529
76541
76542
76543
76544
76571
76579
76586
76603
76604
76612
76614
76622
76623
76624
76625
76654
76665
76666
76667
76743
76793
76795
76796
76861
76868
76869
76870
76872
76905
76906
76908
76909
76918
76919
76920
76922
76950
76964
76965
76966
76971
76972
77011
77013
77014
77036
77038
77040
77049
77063
77092
77093
77094
77095
77119
77152
77173
77174
77176
77180
77181
77182
77183
77184
77225
77249
77250
77301
77302
77315
77320
77354
77355
77356
77357
77358
77359
77375
77399
77430
77431
77432
77433
77481
77482
77483
77484
77485
77489
77490
77491
77492
77522
77555
77582
77583
77595
77631
77632
77633
77669
77692
77729
77737
77755
77756
77757
77786
77805
77806
77903
77904
77906
77907
77913
77914
77976
77977
77979
78056
78071
78072
78073
78078
78079
78080
78081
78106
78107
78157
78162
78180
78226
78227
78228
78230
78231
78232
78233
78315
78317
78336
78447
78448
78449
78451
78472
78485
78492
78493
78494
78506
78507
78508
78510
78511
78537
78635
78636
78684
78750
78751
78752
78755
78756
78757
78758
78792
78797
78799
78818
78819
78820
78821
78822
78856
78857
78858
78859
78860
78942
78943
78956
78957
78960
78990
78991
78992
78993
78994
78995
79006
79007
79008
79009
79023
79024
79025
79058
79059
79060
79061
79150
79151
79152
79250
79301
79302
79327
79371
79377
79436
79446
79447
79449
79450
79480
79504
79505
79506
79507
79508
79509
79522
79523
79524
79525
79526
79527
79572
79573
79574
79575
79576
79591
79592
79593
79594
79607
79656
79675
79703
79710
79746
79763
79764
79765
79789
79790
79791
79797
79800
79890
79927
79928
79973
79974
79975
79976
79977
80031
80056
80076
80077
80078
80091
80108
80109
80110
80152
80153
80261
80262
80264
80309
80311
80342
80354
80355
80366
80369
80370
80371
80372
80380
80381
80382
80383
80384
80414
80415
80416
80417
80434
80480
80489
80501
80529
80563
80608
80634
80635
80636
80637
80638
80639
80729
80730
80731
80732
80733
80787
80812
80859
80935
80969
80970
80971
80972
80973
80976
81037
81054
81055
81056
81057
81059
81090
81098
81099
81100
81114
81120
81150
81151
81152
81195
81204
81206
81278
81308
81317
81359
81399
81400
81401
81461
81462
81463
81464
81465
81466
81474
81475
81476
81485
81490
81500
81505
81506
81507
81623
81656
81657
81658
81660
81661
81668
81669
81670
81718
81719
81720
81726
81727
81728
81729
81735
81736
81737
81792
81793
81821
81822
81875
81876
81877
81878
81895
81897
81907
81919
81960
82019
82076
82078
82118
82152
82197
82203
82218
82219
82224
82237
82238
82239
82240
82251
82270
82281
82290
82305
82307
82308
82354
82355
82412
82413
82414
82415
82445
82449
82480
82490
82526
82556
82599
82600
82601
82604
82605
82606
82616
82617
82618
82619
82620
82640
82642
82644
82645
82646
82674
82783
82785
82812
82839
82843
82862
82898
82984
83023
83031
83032
83033
83058
83059
83060
83061
83062
83063
83076
83077
83194
83195
83196
83197
83198
83214
83217
83218
83248
83249
83250
83262
83287
83335
83342
83348
83407
83410
83411
83425
83426
83427
83438
83461
83463
83468
83493
83494
83496
83498
83537
83556
83558
83559
83627
83629
83655
83676
83677
83678
83679
83772
83795
83796
83797
83798
83821
83822
83861
83862
83867
83868
83873
83879
83880
83922
83924
83925
83926
83963
84000
84021
84022
84023
84048
84057
84058
84059
84060
84065
84066
84068
84069
84070
84143
84145
84154
84224
84225
84226
84227
84228
84255
84256
84257
84258
84273
84281
84282
84283
84346
84379
84381
84396
84397
84398
84418
84437
84440
84442
84453
84495
84516
84517
84555
84556
84557
84561
84566
84567
84570
84571
84572
84573
84574
84587
84621
84622
84623
84652
84675
84676
84677
84737
84773
84781
84788
84794
84840
84877
84887
84888
84889
84891
84900
84901
84959
84960
84961
85021
85026
85060
85075
85077
85078
85088
85089
85171
85172
85173
85204
85210
85257
85323
85325
85332
85333
85334
85335
85343
85388
85392
85393
85394
85414
85452
85479
85493
85495
85500
85502
85524
85525
85530
85531
85532
85549
85557
85605
85624
85625
85626
85627
85629
85653
85674
85683
85710
85719
85720
85724
85731
85732
85733
85734
85736
85763
85764
85770
85779
85780
85781
85785
85786
85787
85788
85812
85813
85814
85828
85847
85898
85924
85935
85988
86026
86058
86059
86060
86081
86082
86105
86161
86213
86214
86215
86248
86288
86289
86324
86424
86426
86448
86450
86451
86452
86453
86454
86469
86470
86471
86477
86482
86546
86547
86548
86552
86553
86554
86565
86611
86612
86627
86628
86629
86630
86631
86647
86654
86663
86666
86667
86668
86682
86693
86707
86721
86738
86764
86765
86769
86795
86796
86818
86849
86875
86876
86879
86884
86885
86887
86906
86907
86914
86915
86916
86918
86933
86941
86960
86961
86962
87002
87017
87018
87019
87027
87054
87063
87064
87097
87109
87120
87121
87155
87159
87177
87190
87191
87192
87216
87225
87260
87278
87279
87293
87312
87313
87316
87317
87322
87328
87362
87363
87370
87371
87376
87377
87399
87433
87434
87455
87460
87461
87463
87467
87483
87488
87495
87537
87538
87539
87540
87547
87556
87572
87577
87578
87579
87580
87583
87585
87586
87612
87620
87625
87626
87633
87635
87643
87648
87651
87652
87658
87667
87685
87686
87687
87700
87717
87730
87732
87733
87752
87754
87757
87759
87760
87776
87777
87803
87804
87806
87807
87808
87822
87866
87868
87871
87878
87897
87915
87922
87934
87935
87946
87951
87984
87985
88028
88034
88035
88036
88081
88107
88131
88143
88154
88162
88166
88174
88183
88192
88196
88286
88290
88312
88315
88316
88317
88320
88321
88333
88363
88377
88381
88389
88395
88400
88416
88417
88428
88429
88451
88470
88471
88476
88477
88491
88499
88501
88502
88507
88509
88556
88582
88583
88598
88623
88629
88631
88640
88647
88663
88664
88693
88694
88717
88728
88736
88737
88738
88739
88740
88756
88765
88781
88837
88838
88851
88852
88889
88890
88893
88903
88919
88925
88941
88942
88947
88978
88979
89003
89041
89047
89054
89061
89074
89077
89106
89109
89110
89126
89132
89148
89175
89184
89187
89197
89206
89210
89219
89220
89221
89222
89250
89254
89260
89263
89276
89288
89292
89293
89295
89296
89297
89307
89308
89311
89323
89324
89336
89338
89339
89345
89377
89396
89405
89409
89434
89447
89457
89462
89464
89476
89477
89479
89480
89485
89526
89539
89543
89555
89564
89604
89619
89637
89661
89664
89665
89691
89692
89698
89704
89716
89748
89749
89761
89776
89778
89783
89792
89808
89848
89851
89856
89865
89868
89876
89891
89894
89900
89911
89926
89927
89961
89962
89964
89983
89984
89995
90004
90006
90023
90041
90042
90065
90068
90106
90111
90133
90153
90182
90191
90221
90228
90232
90235
90250
90257
90259
90283
90339
90345
90346
90365
90370
90394
90404
90405
90407
90423
90438
90443
90444
90445
90446
90463
90468
90482
90485
90486
90487
90488
90489
90573
90574
90575
90576
90577
90578
90579
90581
90618
90619
90620
90622
90670
90690
90691
90692
90694
90695
90696
90697
90698
90699
90735
90736
90738
90762
90764
90765
90766
90767
90768
90864
90868
90869
90870
90871
90916
90930
90931
90932
90933
90951
90952
90953
90954
90990
91097
91098
91100
91101
91102
91133
91152
91155
91156
91157
91158
91159
91201
91225
91227
91228
91230
91234
91296
91298
91299
91301
91337
91367
91368
91369
91371
91372
91373
91374
91391
91428
91429
91431
91432
91468
91469
91470
91471
91472
91473
91486
91487
91488
91490
91491
91494
91524
91544
91562
91580
91581
91589
91590
91591
91592
91593
91594
91674
91691
91802
91803
91805
91806
91807
91809
91810
91811
91813
91832
91833
91835
91836
91919
91920
91921
91923
91924
91925
91947
91981
91983
91984
91985
91987
92020
92022
92023
92024
92025
92026
92027
92028
92052
92053
92054
92070
92071
92092
92096
92102
92104
92106
92225
92226
92227
92228
92256
92289
92305
92306
92307
92308
92309
92310
92328
92329
92332
92378
92379
92382
92570
92571
92573
92574
92575
92590
92592
92634
92635
92636
92637
92642
92649
92650
92651
92656
92697
92735
92737
92801
92820
92821
92823
92824
92825
92826
92827
92832
92923
92934
92935
92937
92939
92940
92945
92947
92988
92989
92990
92992
92993
92994
92995
92996
93017
93065
93066
93067
93068
93084
93166
93167
93190
93191
93192
93234
93235
93236
93237
93246
93262
93402
93410
93411
93412
93413
93426
93427
93456
93477
93538
93539
93540
93541
93542
93548
93594
93604
93613
93677
93705
93706
93707
93708
93709
93713
93714
93716
93717
93718
93738
93746
93764
93817
93819
93820
93822
93837
93838
93839
93840
93862
93864
93865
93873
93892
93893
93894
93914
93915
93916
93930
93974
94027
94050
94052
94053
94054
94055
94056
94057
94113
94114
94115
94138
94228
94242
94260
94283
94318
94319
94321
94329
94370
94395
94401
94403
94404
94405
94409
94410
94411
94569
94598
94599
94600
94601
94617
94663
94686
94688
94718
94752
94754
94755
94756
94757
94834
94835
94875
94880
94881
94891
94970
94971
94972
94974
94980
94993
94994
95014
95032
95056
95057
95058
95059
95079
95095
95096
95098
95099
95100
95139
95140
95142
95188
95213
95300
95301
95377
95379
95380
95381
95383
95425
95463
95583
95584
95585
95586
95587
95633
95635
95663
95664
95665
95666
95684
95736
95738
95739
95747
95749
95750
95759
95803
95804
95888
95908
95910
95914
95915
95916
95922
95959
95983
95985
95986
96001
96042
96043
96044
96045
96118
96187
96248
96268
96269
96270
96279
96280
96281
96294
96296
96297
96298
96320
96321
96322
96323
96324
96328
96330
96350
96385
96387
96388
96389
96408
96477
96480
96506
96507
96508
96519
96521
96569
96570
96571
96572
96573
96585
96604
96606
96607
96647
96662
96665
96681
96711
96796
96797
96798
96836
96837
96850
96882
96883
96884
96885
96886
96908
96909
96975
96976
96977
96988
96989
96990
96991
97005
97006
97007
97061
97085
97116
97146
97148
97154
97197
97223
97235
97241
97242
97243
97244
97245
97246
97274
97275
97277
97315
97327
97350
97365
97367
97464
97465
97466
97467
97468
97500
97529
97530
97531
97545
97622
97623
97624
97625
97626
97655
97758
97768
97769
97771
97772
97780
97781
97785
97818
97820
97832
97858
97859
97860
97862
97863
97864
97922
97958
97981
97985
98000
98020
98025
98033
98046
98047
98048
98049
98050
98064
98078
98116
98120
98121
98122
98133
98222
98249
98262
98273
98309
98340
98349
98351
98356
98357
98359
98381
98382
98397
98398
98399
98400
98456
98526
98528
98549
98568
98569
98570
98600
98601
98602
98604
98630
98641
98642
98644
98645
98647
98657
98658
98659
98686
98687
98688
98689
98696
98697
98698
98705
98706
98707
98768
98770
98795
98825
98866
98876
98877
98878
98899
98900
98901
98916
98917
98918
98919
98934
98935
98936
98937
98950
98954
98955
98986
98987
98988
98989
98994
99000
99001
99002
99026
99071
99085
99120
99124
99125
99126
99134
99139
99140
99168
99195
99203
99204
99205
99216
99271
99272
99273
99274
99276
99277
99301
99453
99464
99465
99466
99470
99485
99486
99513
99514
99608
99613
99614
99615
99616
99624
99625
99626
99627
99628
99629
99630
99634
99635
99663
99687
99739
99748
99829
99830
99846
99847
99848
99849
99929
99933
99934
99936
99937
99966
99989
99990
99991
100021
100022
100023
100045
100046
100047
100048
100049
100050
100051
100053
100075
100076
100102
100103
100135
100136
100149
100151
100160
100163
100171
100179
100180
100181
100195
100296
100304
100346
100367
100427
100428
100450
100451
100452
100456
100457
100465
100466
100485
100502
100505
100506
100514
100516
100518
100519
100558
100559
100560
100585
100586
100587
100588
100589
100600
100602
100632
100639
100640
100641
100648
100650
100651
100652
100654
100655
100694
100696
100702
100715
100716
100717
100723
100724
100725
100727
100759
100765
100834
100836
100839
100840
100841
100849
100857
100858
100859
100878
100879
100892
100893
100894
100901
100902
100950
100966
100967
100968
100979
100985
100986
100987
100997
101022
101039
101041
101061
101089
101091
101092
101104
101107
101108
101179
101180
101181
101208
101209
101210
101211
101212
101223
101224
101225
101226
101227
101234
101239
101253
101254
101273
101275
101276
101277
101329
101341
101364
101365
101366
101367
101368
101369
101388
101389
101411
101412
101413
101417
101418
101419
101441
101492
101493
101530
101531
101532
101533
101554
101602
101603
101604
101605
101698
101750
101762
101781
101782
101783
101794
101806
101807
101808
101836
101862
101864
101865
101905
101929
101930
101934
101935
101945
101961
101963
101991
101996
101997
101998
101999
102000
102010
102020
102022
102049
102099
102126
102130
102188
102204
102206
102207
102226
102227
102243
102259
102312
102342
102343
102344
102356
102366
102367
102368
102374
102375
102376
102444
102463
102464
102473
102476
102477
102478
102479
102488
102497
102569
102570
102571
102578
102579
102580
102587
102588
102609
102610
102618
102619
102623
102624
102625
102626
102628
102629
102630
102646
102666
102669
102713
102714
102721
102729
102736
102737
102738
102744
102745
102751
102752
102753
102777
102785
102786
102808
102809
102810
102861
102904
102906
102978
103026
103027
103029
103052
103053
103054
103081
103096
103097
103098
103154
103155
103156
103192
103209
103240
103241
103242
103257
103262
103274
103276
103277
103282
103328
103332
103364
103447
103452
103478
103480
103481
103508
103509
103510
103511
103514
103522
103550
103556
103622
103630
103637
103638
103654
103659
103660
103661
103680
103726
103737
103738
103739
103761
103762
103763
103764
103777
103796
103801
103822
103825
103839
103881
103884
103886
103912
103933
103953
103975
104012
104052
104053
104073
104077
104082
104087
104109
104110
104111
104118
104120
104129
104171
104173
104183
104185
104186
104187
104193
104212
104236
104252
104272
104329
104344
104346
104347
104367
104390
104401
104442
104447
104466
104533
104534
104544
104567
104591
104600
104601
104602
104621
104688
104704
104708
104721
104725
104732
104733
104767
104821
104859
104862
104876
104890
104892
104900
104927
104967
104992
104993
104994
105006
105017
105022
105023
105031
105036
105037
105042
105067
105076
105084
105107
105108
105109
105134
105135
105136
105140
105146
105229
105245
105246
105318
105325
105326
105341
105342
105345
105369
105370
105388
105399
105410
105423
105429
105430
105452
105453
105459
105463
105484
105486
105511
105520
105555
105584
105599
105634
105642
105664
105670
105678
105680
105685
105717
105731
105746
105757
105763
105764
105765
105766
105797
105798
105809
105854
105856
105862
105927
105928
105929
105930
105935
105945
105946
105953
105959
105975
105976
105989
105990
106019
106020
106051
106062
106068
106079
106103
106121
106159
106199
106218
106220
106265
106269
106296
106335
106359
106379
106415
106418
106445
106446
106451
106464
106501
106526
106534
106535
106551
106553
106554
106635
106641
106672
106676
106702
106718
106810
106824
106825
106829
106844
106872
106889
106890
106906
106918
106964
106973
106987
106997
107007
107028
107040
107041
107053
107064
107065
107066
107071
107098
107191
107192
107205
107221
107222
107223
107224
107225
107229
107258
107267
107290
107305
107309
107313
107374
107375
107380
107386
107398
107405
107408
107409
107421
107431
107493
107494
107498
107537
107569
107570
107593
107598
107606
107609
107622
107631
107636
107682
107714
107722
107725
107726
107727
107729
107730
107744
107748
107761
107766
107830
107837
107839
107862
107863
107864
107876
107893
107902
107904
107908
107909
107932
107957
107982
108011
108018
108043
108078
108079
108083
108099
108119
108123
108193
108195
108196
108197
108216
108218
108265
108297
108305
108313
108347
108367
108372
108374
108380
108384
108422
108431
108459
108462
108481
108502
108516
108543
108554
108568
108569
108592
108595
108603
108609
108612
108617
108618
108627
108655
108658
108668
108689
108691
108699
108720
108725
108734
108783
108784
108797
108864
108870
108896
108925
108954
108958
108960
108961
108962
108979
108981
109055
109058
109133
109134
109136
109137
109150
109191
109207
109208
109209
109216
109217
109219
109220
109230
109231
109257
109258
109260
109270
109328
109330
109331
109332
109350
109406
109407
109408
109409
109410
109427
109444
109451
109452
109453
109454
109504
109505
109506
109508
109509
109510
109546
109547
109548
109549
109550
109551
109644
109701
109774
109789
109821
109826
109827
109829
109837
109922
109923
109924
109926
109928
109929
109930
109955
109957
109958
109970
109971
109972
110017
110024
110025
110026
110028
110029
110030
110031
110032
110033
110035
110036
110037
110038
110057
110067
110069
110093
110094
110095
110097
110098
110173
110174
110175
110176
110337
110338
110339
110365
110377
110386
110387
110388
110427
110446
110448
110449
110450
110462
110471
110472
110473
110474
110528
110529
110530
110531
110532
110534
110536
110537
110553
110563
110578
110579
110580
110581
110599
110695
110696
110697
110699
110776
110779
110820
110821
110822
110823
110824
110826
110827
110856
110886
110900
110901
110902
110904
110905
110907
110934
110951
110952
110953
110954
110966
110967
111015
111025
111041
111042
111043
111045
111046
111106
111113
111121
111123
111124
111126
111133
111135
111146
111147
111194
111318
111330
111459
111500
111501
111502
111528
111603
111628
111637
111672
111673
111674
111675
111676
111677
111770
111771
111772
111773
111774
111775
111776
111777
111795
111804
111818
111828
111860
111861
111862
111863
111864
111929
111931
111945
111946
111947
111948
111962
111968
111969
111970
111973
112067
112068
112070
112071
112072
112074
112091
112106
112108
112110
112111
112112
112119
112123
112124
112125
112127
112128
112129
112130
112200
112207
112230
112231
112232
112256
112268
112297
112310
112311
112312
112327
112328
112376
112417
112557
112595
112626
112627
112641
112694
112709
112710
112711
112716
112717
112718
112719
112722
112733
112747
112812
112813
112814
112885
112894
112895
112896
112897
112903
112905
112924
112925
112926
112938
112966
112982
112983
112984
112986
112987
112988
112989
112990
113003
113023
113049
113054
113055
113056
113089
113110
113150
113178
113186
113187
113188
113284
113388
113389
113390
113394
113396
113407
113422
113438
113461
113463
113476
113483
113502
113541
113542
113573
113629
113630
113661
113662
113663
113682
113683
113684
113690
113691
113692
113693
113694
113695
113700
113702
113703
113744
113757
113784
113785
113786
113788
113789
113790
113875
113890
113919
113922
113924
113939
113940
113941
113949
113987
113989
113990
114006
114013
114037
114038
114082
114089
114098
114103
114121
114122
114134
114135
114136
114184
114189
114231
114240
114315
114316
114317
114376
114395
114401
114403
114416
114422
114433
114436
114483
114518
114534
114614
114615
114651
114662
114690
114691
114710
114711
114712
114732
114740
114768
114769
114780
114781
114782
114783
114801
114840
114876
114899
114939
114947
114977
114978
114994
114997
115073
115077
115097
115108
115109
115110
115111
115122
115165
115179
115189
115208
115209
115210
115211
115236
115237
115266
115308
115367
115371
115387
115431
115536
115543
115573
115574
115575
115582
115583
115584
115595
115597
115599
115634
115649
115669
115670
115688
115722
115723
115736
115738
115739
115818
115831
115832
115859
115881
115883
115930
115953
115972
115998
115999
116012
116013
116015
116039
116040
116042
116086
116089
116090
116091
116092
116093
116094
116100
116114
116116
116118
116142
116143
116175
116178
116179
116229
116230
116231
116239
116240
116241
116242
116243
116302
116303
116343
116344
116345
116348
116357
116372
116401
116402
116403
116404
116405
116406
116461
116501
116502
116503
116504
116505
116506
116507
116509
116605
116619
116620
116638
116662
116666
116667
116681
116682
116687
116689
116705
116713
116718
116733
116734
116735
116736
116737
116742
116743
116744
116745
116746
116747
116748
116749
116782
116783
116784
116801
116820
116831
116852
116893
116901
116913
116914
116951
116952
116953
116955
116966
116984
116985
116986
116987
117001
117003
117093
117094
117095
117096
117109
117110
117156
117157
117178
117180
117201
117202
117203
117219
117240
117242
117243
117244
117245
117281
117282
117299
117304
117305
117334
117337
117338
117340
117343
117395
117420
117426
117438
117439
117484
117510
117530
117619
117621
117627
117630
117644
117689
117698
117708
117734
117738
117754
117761
117779
117780
117804
117805
117806
117807
117820
117821
117822
117830
117857
117858
117859
117861
117862
117886
117899
117900
117901
117902
117906
117921
117922
117925
117929
117935
117941
117949
117950
117951
117960
117961
117980
117983
117993
117994
117995
117996
118012
118057
118060
118061
118062
118067
118069
118097
118124
118131
118150
118151
118164
118167
118172
118173
118174
118185
118201
118202
118203
118204
118235
118236
118263
118264
118265
118266
118267
118277
118287
118288
118295
118327
118367
118369
118373
118374
118375
118382
118383
118384
118426
118434
118435
118527
118543
118544
118546
118547
118548
118549
118564
118676
118687
118688
118712
118725
118731
118735
118773
118780
118781
118784
118793
118806
118807
118814
118815
118847
118848
118849
118850
118895
118898
118919
118954
118982
118988
118990
119008
119069
119135
119143
119144
119145
119146
119171
119209
119210
119212
119231
119232
119233
119234
119236
119237
119246
119247
119258
119282
119295
119304
119305
119306
119307
119317
119324
119343
119405
119449
119506
119510
119519
119549
119557
119622
119623
119630
119631
119632
119633
119642
119643
119645
119694
119695
119706
119710
119738
119791
119821
119827
119829
119900
119912
119964
119965
119966
119974
120037
120070
120093
120111
120115
120155
120162
120171
120190
120241
120264
120267
120274
120302
120303
120304
120339
120345
120399
120414
120417
120429
120463
120464
120468
120469
120473
120498
120499
120500
120530
120540
120543
120551
120576
120577
120604
120618
120627
120657
120658
120678
120691
120710
120711
120712
120740
120801
120841
120848
120849
120850
120851
120852
120853
120865
120866
120867
120896
120897
120898
120899
120902
120903
120904
120927
120962
120991
121014
121045
121065
121113
121135
121140
121142
121176
121192
121218
121225
121239
121240
121244
121291
121293
121298
121348
121379
121405
121436
121437
121484
121485
121486
121487
121490
121491
121501
121502
121503
121504
121555
121576
121577
121583
121584
121607
121616
121623
121641
121643
121658
121681
121691
121692
121693
121710
121724
121725
121748
121772
121782
121808
121811
121813
121814
121873
121899
121901
121904
121905
121951
121952
121976
121977
121978
121979
121987
122004
122006
122012
122033
122035
122036
122037
122041
122049
122050
122089
122095
122098
122099
122110
122119
122142
122148
122186
122196
122239
122254
122265
122268
122284
122297
122305
122311
122313
122314
122315
122323
122328
122354
122370
122373
122376
122377
122384
122419
122444
122447
122448
122449
122450
122458
122493
122507
122521
122558
122559
122560
122573
122583
122603
122607
122608
122624
122630
122635
122643
122653
122668
122679
122701
122712
122733
122744
122745
122751
122757
122764
122771
122772
122794
122822
122828
122852
122859
122882
122916
122927
122930
122965
122970
122983
122998
123007
123015
123021
123043
123062
123069
123085
123097
123149
123151
123153
123171
123174
123183
123240
123242
123252
123272
123282
123291
123292
123293
123320
123327
123346
123362
123365
123367
123391
123392
123406
123408
123433
123437
123463
123475
123479
123492
123498
123512
123537
123552
123556
123557
123561
123562
123568
123576
123613
123622
123644
123663
123685
123686
123709
123716
123722
123728
123734
123737
123752
123754
123762
123787
123789
123790
123802
123823
123828
123844
123849
123854
123906
123916
123946
123948
123977
123989
124015
124024
124066
124075
124104
124114
124185
124209
124213
124216
124256
124257
124258
124260
124261
124262
124263
124264
124265
124267
124269
124270
124276
124277
124278
124300
124310
124320
124321
124323
124325
124346
124375
124383
124384
124386
124388
124399
124533
124534
124535
124536
124537
124538
124548
124703
124716
124724
124781
124782
124783
124825
124844
124845
124846
124847
124849
124850
124851
124856
124857
124859
124860
124862
124885
124886
124887
124888
124889
124892
124894
124896
124924
124926
124927
124932
124933
124934
124989
124991
124992
124993
124994
125067
125069
125070
125086
125087
125088
125089
125090
125092
125093
125126
125155
125159
125160
125161
125162
125164
125167
125168
125169
125198
125204
125205
125223
125229
125300
125308
125399
125401
125407
125446
125447
125449
125457
125463
125465
125466
125467
125551
125568
125659
125662
125663
125664
125665
125666
125667
125683
125684
125685
125686
125687
125688
125728
125730
125731
125732
125765
125766
125767
125768
125792
125810
125817
125818
125820
125821
125834
125836
125919
126008
126070
126071
126072
126074
126075
126077
126118
126143
126188
126198
126199
126200
126201
126203
126204
126208
126209
126210
126285
126286
126332
126333
126335
126358
126400
126401
126402
126403
126436
126438
126455
126478
126479
126482
126490
126513
126514
126516
126552
126553
126554
126609
126610
126621
126623
126637
126661
126700
126701
126702
126711
126719
126720
126727
126746
126747
126748
126749
126797
126807
126813
126834
126871
126878
126880
126897
126936
126948
126959
127001
127013
127036
127037
127039
127040
127042
127110
127121
127139
127140
127183
127184
127185
127186
127188
127189
127194
127195
127196
127198
127199
127200
127209
127210
127212
127213
127215
127217
127228
127229
127251
127253
127255
127281
127282
127293
127321
127355
127357
127375
127380
127426
127440
127460
127461
127462
127463
127499
127503
127527
127565
127571
127578
127592
127650
127651
127652
127653
127654
127655
127664
127688
127692
127693
127694
127695
127696
127699
127721
127722
127773
127802
127803
127816
127834
127849
127850
127852
127854
127875
127926
127933
127938
127940
127942
127952
127984
127985
127986
127987
127989
127995
127997
127998
127999
128000
128014
128015
128017
128019
128050
128051
128052
128053
128144
128152
128163
128173
128179
128194
128195
128197
128198
128200
128201
128202
128203
128204
128205
128208
128225
128226
128227
128228
128232
128239
128240
128242
128244
128253
128254
128255
128257
128327
128328
128329
128339
128345
128352
128354
128355
128356
128372
128386
128414
128415
128420
128421
128423
128425
128451
128452
128453
128454
128457
128479
128480
128503
128518
128520
128521
128582
128595
128596
128597
128607
128609
128610
128611
128613
128614
128615
128616
128619
128651
128676
128677
128679
128692
128696
128716
128765
128788
128789
128790
128832
128834
128835
128836
128837
128838
128859
128868
128869
128894
128914
128925
128927
128942
128946
128947
128950
128966
128967
128996
129002
129003
129051
129058
129066
129067
129087
129102
129103
129105
129133
129134
129206
129222
129225
129226
129233
129306
129307
129359
129360
129371
129373
129374
129395
129408
129409
129410
129440
129449
129468
129514
129526
129536
129568
129582
129583
129584
129585
129586
129640
129644
129650
129676
129687
129688
129690
129692
129693
129732
129734
129757
129766
129767
129768
129769
129774
129776
129782
129783
129784
129806
129810
129828
129847
129854
129898
129946
129952
129953
129969
129971
129985
129986
129992
129999
130022
130060
130078
130100
130128
130134
130135
130137
130183
130191
130193
130194
130207
130209
130210
130220
130245
130252
130261
130279
130323
130345
130359
130362
130385
130393
130410
130412
130413
130422
130423
130425
130426
130437
130438
130452
130468
130470
130501
130503
130505
130506
130512
130523
130524
130525
130543
130547
130549
130585
130608
130621
130664
130665
130666
130667
130668
130669
130681
130682
130684
130691
130692
130693
130694
130695
130697
130698
130699
130700
130708
130711
130762
130810
130836
130875
130888
130891
130920
130923
130924
130925
130926
130934
130935
130969
130984
130990
131066
131085
131098
131101
131120
131152
131163
131184
131190
131192
131198
131206
131209
131303
131305
131325
131333
131336
131352
131355
131356
131358
131361
131374
131380
131440
131447
131448
131449
131457
131462
131477
131485
131507
131531
131537
131618
131620
131622
131623
131624
131627
131637
131679
131681
131721
131730
131743
131751
131752
131753
131769
131808
131817
131833
131836
131848
131852
131863
131874
131876
131885
131892
131917
131918
131924
131938
131945
131967
131989
131996
131999
132008
132029
132040
132072
132090
132123
132124
132125
132126
132128
132133
132144
132145
132158
132159
132160
132161
132170
132176
132177
132178
132190
132209
132210
132211
132245
132255
132256
132257
132259
132260
132264
132279
132280
132281
132302
132330
132334
132353
132354
132355
132366
132378
132382
132383
132400
132416
132454
132456
132468
132505
132525
132527
132551
132574
132591
132619
132624
132625
132638
132657
132713
132716
132720
132731
132745
132746
132753
132765
132766
132778
132786
132787
132823
132841
132884
132935
132962
132963
132964
132999
133006
133009
133010
133013
133028
133033
133035
133046
133062
133068
133094
133111
133138
133147
133172
133197
133252
133273
133286
133294
133296
133327
133343
133384
133392
133402
133433
133447
133454
133455
133462
133463
133469
133475
133503
133519
133525
133554
133569
133582
133585
133598
133609
133651
133674
133703
133723
133732
133738
133745
133746
133752
133763
133797
133798
133815
133867
133868
133884
133907
133910
133923
133926
133930
133933
133934
133948
133969
133975
133997
133999
134020
134046
134067
134087
134091
134146
134164
134216
134232
134236
134237
134258
134259
134266
134321
134341
134346
134380
134408
134417
134425
134431
134456
134459
134478
134509
134511
134513
134523
134534
134574
134595
134601
134633
134635
134636
134650
134673
134686
134724
134766
134767
134768
134784
134785
134786
134833
134838
134857
134860
134896
134897
134900
134915
134916
134920
134921
134958
134959
134960
134961
135005
135006
135025
135026
135049
135063
135064
135065
135067
135068
135070
135079
135090
135091
135092
135093
135110
135111
135112
135129
135133
135163
135165
135176
135178
135195
135196
135197
135199
135200
135224
135230
135256
135277
135283
135284
135286
135287
135289
135292
135294
135301
135379
135380
135390
135393
135402
135405
135430
135432
135433
135435
135496
135498
135499
135511
135512
135513
135517
135563
135572
135573
135574
135580
135614
135615
135616
135636
135640
135642
135656
135658
135660
135690
135697
135699
135700
135701
135702
135703
135706
135715
135724
135725
135726
135824
135827
135829
135830
135831
135848
135858
135874
135875
135878
135895
135896
135898
135899
135900
135901
135902
135903
135923
135924
135931
135947
135948
135950
135972
135973
135974
135978
135980
135981
135982
135983
136030
136054
136089
136098
136099
136100
136101
136102
136103
136104
136143
136144
136145
136174
136175
136176
136178
136222
136245
136249
136284
136328
136343
136353
136354
136355
136356
136372
136374
136375
136428
136433
136444
136492
136494
136576
136579
136587
136612
136635
136636
136670
136699
136700
136721
136728
136759
136760
136761
136762
136763
136765
136854
136856
136870
136903
136977
136978
137036
137037
137045
137046
137049
137053
137054
137069
137127
137129
137136
137155
137157
137158
137159
137162
137190
137191
137202
137229
137243
137274
137310
137313
137315
137327
137346
137386
137388
137390
137428
137446
137448
137449
137453
137468
137486
137517
137519
137524
137529
137541
137562
137563
137579
137589
137620
137622
137635
137668
137679
137680
137685
137698
137701
137708
137716
137717
137725
137768
137804
137808
137809
137813
137814
137816
137817
137845
137853
137862
137865
137866
137871
137872
137878
137894
137898
137911
137912
137941
137947
137990
137994
137995
137998
138004
138005
138006
138008
138041
138042
138043
138045
138046
138054
138067
138069
138071
138072
138073
138074
138098
138106
138113
138114
138115
138116
138117
138118
138129
138155
138156
138160
138161
138175
138182
138199
138200
138204
138209
138246
138248
138253
138254
138255
138256
138284
138318
138351
138367
138370
138390
138392
138413
138421
138422
138436
138462
138468
138512
138537
138538
138545
138546
138551
138632
138635
138666
138681
138684
138717
138718
138719
138727
138729
138732
138735
138736
138749
138751
138752
138787
138795
138799
138807
138810
138814
138843
138851
138859
138867
138888
138890
138895
138908
138913
138922
138924
138936
138956
138998
139029
139045
139046
139060
139071
139140
139155
139165
139196
139199
139200
139203
139219
139221
139222
139223
139228
139269
139270
139274
139285
139294
139297
139318
139321
139329
139340
139341
139363
139379
139385
139391
139392
139401
139415
139416
139417
139435
139459
139475
139488
139520
139552
139553
139566
139572
139573
139574
139575
139576
139605
139618
139635
139636
139637
139638
139639
139643
139662
139690
139695
139697
139698
139712
139713
139715
139716
139740
139746
139750
139760
139789
139793
139815
139824
139828
139842
139851
139865
139881
139906
139914
139919
139944
139972
139973
139987
140020
140046
140050
140065
140075
140082
140083
140088
140089
140120
140130
140131
140135
140145
140167
140186
140213
140271
140277
140278
140279
140338
140352
140426
140443
140463
140475
140513
140526
140531
140533
140545
140559
140565
140579
140595
140606
140647
140649
140660
140683
140684
140710
140726
140728
140735
140817
140835
140840
140847
140907
140937
140938
140964
141016
141017
141018
141019
141021
141022
141030
141032
141033
141046
141116
141192
141194
141195
141197
141204
141219
141220
141221
141229
141232
141240
141242
141270
141272
141281
141294
141320
141331
141333
141337
141346
141347
141355
141356
141357
141358
141391
141431
141446
141451
141459
141461
141462
141466
141486
141487
141488
141490
141512
141516
141517
141567
141591
141604
141606
141640
141648
141651
141705
141729
141766
141768
141808
141809
141811
141821
141822
141825
141853
141854
141855
141901
141902
141903
141916
141918
141925
141948
141949
141951
141955
141971
141980
141982
141983
141984
142012
142014
142079
142080
142081
142083
142084
142107
142123
142125
142192
142193
142233
142259
142261
142272
142291
142293
142301
142314
142316
142355
142379
142381
142389
142397
142401
142432
142434
142435
142452
142468
142515
142552
142553
142561
142574
142605
142695
142698
142731
142735
142757
142785
142786
142804
142807
142861
142870
142871
142904
142917
142925
142926
142927
142943
142944
142945
142947
142963
142973
143040
143043
143044
143054
143055
143056
143058
143069
143075
143091
143101
143109
143112
143113
143174
143195
143196
143197
143214
143215
143216
143241
143242
143286
143296
143317
143349
143385
143396
143408
143409
143455
143492
143512
143547
143553
143575
143588
143651
143652
143661
143662
143665
143695
143728
143729
143731
143754
143761
143765
143766
143771
143772
143778
143779
143798
143799
143808
143819
143820
143844
143845
143854
143903
143904
143905
143926
143941
143942
144036
144056
144095
144137
144172
144183
144194
144202
144217
144218
144230
144234
144246
144254
144298
144300
144301
144310
144318
144322
144348
144380
144381
144438
144443
144467
144474
144503
144515
144521
144525
144527
144546
144550
144552
144563
144580
144585
144603
144604
144636
144638
144682
144685
144686
144698
144750
144783
144784
144785
144786
144787
144788
144791
144801
144837
144861
144881
144932
144966
144987
144988
144989
144990
144996
145010
145012
145019
145020
145021
145022
145023
145050
145094
145107
145109
145119
145120
145121
145125
145126
145135
145136
145138
145139
145144
145159
145160
145161
145170
145186
145187
145188
145232
145235
145244
145259
145265
145317
145347
145348
145372
145412
145455
145456
145526
145536
145544
145567
145585
145593
145594
145595
145596
145611
145642
145652
145669
145683
145722
145723
145729
145731
145733
145762
145790
145808
145896
145934
145936
145940
145986
146167
146168
146179
146184
146201
146203
146208
146238
146251
146252
146367
146374
146415
146444
146501
146513
146514
146515
146530
146531
146550
146640
146643
146664
146665
146678
146689
146696
146697
146699
146700
146707
146727
146779
146785
146808
146814
146849
146886
146887
146921
146955
146984
147036
147053
147170
147191
147221
147255
147317
147325
147326
147328
147387
147417
147580
147581
147758
147767
