124
136
210
222
223
317
370
430
460
471
516
524
539
615
701
813
861
928
979
983
987
998
1013
1059
1073
1092
1151
1227
1228
1277
1278
1289
1427
1435
1448
1457
1458
1459
1460
1461
1660
1661
1742
1764
1775
1876
1973
1974
2045
2071
2220
2244
2245
2294
2297
2308
2309
2310
2385
2517
2563
2607
2872
2873
2918
3006
3067
3108
3110
3111
3137
3264
3265
3266
3367
3368
3408
3694
3787
3798
3911
3993
3994
3995
3996
4022
4023
4024
4084
4160
4331
4413
4456
4630
4632
4633
4784
4914
5058
5086
5218
5219
5220
5273
5275
5276
5334
5343
5344
5562
5564
5626
5762
5763
5784
5987
6012
6192
6387
6388
6389
6390
6401
6428
6429
6430
6431
6735
6969
7010
7085
7123
7557
7946
8039
8040
8115
8116
8117
8118
8119
8328
8329
8365
8460
8462
8500
8503
8504
8513
8787
8892
8893
8976
9103
9173
9249
9259
9406
9681
9694
9743
10087
10139
10297
10373
10374
10385
10387
10388
10389
10567
10569
10570
10640
10753
10887
11271
11272
11273
11286
11407
11408
11447
11554
11664
11665
11766
11767
11772
11779
11880
11881
12019
12020
12254
12622
12711
12712
12731
12774
13130
13507
13821
13822
14388
14689
14837
15212
16149
16439
16510
16558
16683
16779
17066
17108
17187
17301
17302
17303
17304
17322
17323
17325
17326
17374
17427
17440
17442
17796
17798
17799
18055
18331
18400
18408
18438
18867
18883
18925
19525
20032
20107
20108
20280
21040
21376
21676
21688
22089
23689
23690
24254
24364
24390
24622
25576
25840
26199
26203
26207
26897
26916
27234
27235
27890
27891
27892
27893
27894
28673
28674
28675
28752
29022
29303
29334
29367
29374
29555
29556
29557
29558
29996
30142
30521
31912
32400
33893
34399
34787
34997
34998
35027
35029
35030
35541
35558
36084
36143
36144
36145
36450
37393
37702
37953
38257
39465
39655
39967
40287
41389
42365
42525
43656
44452
45222
45414
46063
46123
46124
46245
47385
47761
48546
50042
50407
50623
50943
50964
51056
51602
51603
52241
53742
54101
54106
54702
54834
55502
55504
55513
56080
56175
56642
57941
57942
57943
57944
57945
58243
58938
59217
59522
59523
60568
60802
61744
61891
61929
62074
62234
64631
64793
64794
65073
65074
65476
66579
66580
66583
66969
67571
67629
68712
69094
69966
70114
70234
70507
71332
71506
71526
71852
71853
71855
71904
71905
72069
72084
72151
72187
72188
72321
73296
73328
73329
73330
73332
73333
73334
73466
73562
74554
74555
74556
74557
74558
74559
74605
74607
74609
74610
74611
74902
74903
74904
74905
74906
75412
75493
75731
76340
76341
76344
76727
77058
78355
78356
78358
78536
78785
79066
80095
80096
81387
81757
82314
82496
82611
83358
83359
83360
83361
83589
83652
83653
84308
84309
84310
85365
85589
85641
85642
85645
85876
86751
87033
87248
87249
87982
88053
88231
88261
88545
88799
89255
89371
89454
89538
89763
89764
89814
89946
90116
90209
90227
90454
90472
90474
90483
90522
90524
90525
90527
90528
90529
91952
92242
92252
92874
92875
92876
93792
94198
94199
94202
94432
94433
94436
94827
94829
94831
94832
94833
95041
95042
95043
95044
95323
95613
95716
96103
96282
96336
96933
96955
97198
97218
97556
97557
97558
97559
97742
97777
97778
97779
97924
97925
97926
97993
97994
97995
97996
98141
98710
98711
98712
99084
99169
99215
99240
99245
99473
99573
99575
99660
99856
100307
100511
100946
100978
101507
102156
102157
102158
102159
102160
102415
102756
102799
102925
102944
103188
103258
103259
103260
103850
103965
104022
104023
104025
104026
104034
104059
104060
104062
104063
104064
104065
104273
104299
104712
104968
104971
104972
105144
105145
105776
106006
106008
106361
106363
106514
106776
107062
107186
107207
107301
107323
107324
107343
107376
107511
107512
107630
107696
108130
108131
108230
108397
108398
108485
108576
108800
108897
108918
108921
108923
109000
109001
109002
109004
109005
109006
109007
109008
109149
109717
109718
109719
109720
109721
110099
110101
110102
110103
110105
110143
110144
110145
110147
110439
110514
110516
110517
110518
110519
110707
110923
111173
111174
111175
111176
111177
111394
111485
111487
111488
111489
111626
113297
113298
113488
113490
113491
113496
113497
113569
113656
113658
113659
114060
114245
114283
114325
114541
114542
114543
114544
114749
114850
114851
115316
115531
115978
115980
116000
116026
116027
116028
116522
117014
117172
117175
117176
117177
117192
117333
117531
117855
117877
117878
117879
117896
118148
118192
118274
118654
118656
118657
118736
118776
118785
119065
119067
119068
119114
119118
119121
119136
119137
119139
119140
119141
119188
119284
119285
119286
119429
119431
119432
119433
119641
119922
119923
119924
119925
119987
120140
120210
120449
120521
120681
120724
120725
120735
120805
120874
120947
120986
121017
121143
121159
121161
121163
121332
121443
121540
121596
121597
121598
121610
121611
121612
121688
121702
121839
121930
121935
122128
122441
122488
122489
122548
122590
122609
122627
122628
122892
122961
123037
123256
123257
123259
123260
123505
123582
123699
123773
123826
123838
123840
123873
123898
123899
123914
124057
124061
124072
124123
124145
124149
124186
124311
124376
124483
124566
124904
125023
125024
125025
125026
125027
125199
125224
125360
125386
125387
125425
125426
125427
125428
125429
125698
125699
125700
125702
125740
125742
125743
125745
125746
125840
125841
125842
125844
125845
125846
126007
126160
126161
126163
126164
126165
126211
126213
126214
126215
126708
126751
126931
127082
127239
127264
127328
127329
127332
127407
127408
127410
127411
127488
127611
127613
127698
127735
127736
127738
127804
128265
128284
128286
128378
128566
128779
128878
129161
129184
129186
129355
129388
129389
129412
129413
129633
129634
129635
129636
129637
129697
129786
129961
129982
130062
130063
130064
130065
130341
130409
130445
130448
130617
130802
130803
130834
130846
130847
130850
130864
130866
130874
130930
130991
131026
131028
131042
131044
131045
131046
131061
131106
131107
131108
131113
131114
131133
131134
131241
131242
131265
131375
131423
131424
131426
131427
131513
131545
131708
131739
131740
132063
132134
132135
132137
132162
132187
132611
132613
132663
132664
132673
132730
132743
132781
132894
132990
132993
133045
133078
133222
133223
133225
133226
133253
133289
133291
133386
133389
133391
133399
133419
133420
133421
133423
133437
133465
133520
133528
133574
133575
133601
133643
133645
133646
133668
133698
133708
133784
133785
133837
133864
133993
133994
134075
134077
134078
134108
134126
134127
134147
134167
134173
134198
134204
134218
134222
134230
134262
134278
134344
134445
134501
134510
134675
134676
134677
134678
134679
134680
134707
134709
134710
134711
134712
134815
134830
134866
135417
135418
135419
135429
135456
135481
135482
135484
135534
135535
135536
135569
135624
135675
135680
135753
135904
135905
135906
135908
136015
136017
136019
136020
136031
136138
136300
136301
136302
136303
136304
136358
136361
136537
136754
136757
136758
136820
136890
136956
136973
137013
137014
137015
137016
137030
137031
137032
137033
137072
137092
137109
137111
137342
137343
137344
137345
137378
137380
137397
137445
137474
137538
137539
137540
137710
137711
137712
137728
137786
137787
137789
137848
137856
137879
137908
137920
137926
137927
137929
137946
138023
138047
138048
138083
138084
138187
138214
138239
138245
138283
138299
138300
138301
138302
138317
138524
138641
138705
138742
138743
138786
138797
138897
138919
138920
138921
138944
138946
138947
139115
139116
139117
139185
139214
139256
139305
139306
139388
139438
139439
139440
139442
139493
139561
139699
139701
139702
139707
139708
139709
139710
139711
139768
139769
139774
139859
139896
139897
139900
139975
140029
140031
140093
140119
140223
140250
140262
140288
140289
140333
140348
140401
140414
140453
140504
140508
140672
140707
140745
140749
140758
140787
140808
140926
140968
140987
141023
141024
141026
141053
141056
141057
141079
141202
141292
141309
141311
141319
141321
141329
141369
141370
141756
141866
141868
141870
141875
141876
141877
141895
141926
141927
141928
141976
141977
141994
142035
142036
142129
142130
142153
142154
142156
142218
142226
142228
142273
142274
142276
142396
142417
142420
142421
142531
142568
142610
142684
142692
142778
142818
142880
142882
142895
142930
143026
143027
143047
143060
143061
143062
143073
143151
143188
143332
143400
143422
143424
143425
143638
143713
143715
143721
143722
143724
143910
143911
143929
143966
144000
144001
144002
144078
144094
144098
144200
144269
144292
144317
144350
144389
144429
144507
144509
144574
144695
144723
144812
144858
144894
144895
144948
145073
145076
145112
145113
145277
145424
145425
145426
145464
145503
145580
145619
145620
145621
145626
145628
145629
145678
145747
145791
145792
145793
145794
145816
145900
145902
145974
146043
146057
146104
146195
146401
146455
146502
146630
146723
146750
146821
146898
146900
146901
146915
146951
147056
147106
147147
147203
147389
147392
147483
147546
