6985
13446
14402
14597
16614
16668
16939
17255
19164
19174
19711
23146
23522
23667
23668
23669
24624
26563
26564
28239
28268
28269
29976
31630
33209
33456
34563
35697
35698
35699
35700
35898
36129
37565
39339
39423
41739
41823
43850
44438
44665
45812
46490
47675
47690
49115
50984
51527
52627
52965
53031
53139
53593
53600
54761
58304
58369
58370
58782
59894
60339
62322
62857
63577
64144
64508
66274
66792
68338
69975
72047
75489
76590
76591
78642
79219
80406
80797
81524
81537
82002
82664
83849
84722
85753
88009
89380
90058
90315
90964
91700
92375
92565
94920
96566
97908
99092
99311
99654
100990
101350
101936
103076
103803
105512
105846
105881
106687
107472
107665
107880
107947
108451
109359
109360
109361
109362
110268
110700
110807
112479
113096
113098
113099
113100
115217
116324
116380
116446
117221
117970
117998
118714
118884
118885
118886
121072
121189
121267
122255
123306
123343
123403
123445
123454
123778
123897
124042
124408
124409
124686
124688
124689
125563
125564
125565
126640
126641
126642
126814
126815
126816
127609
127959
128127
128166
128167
128931
129327
129456
130050
130432
130466
131175
131243
131661
132021
132455
132536
132581
132680
132803
132804
132889
133187
133350
133470
133666
133925
134186
134203
134313
134369
134374
135053
135140
135209
135247
135248
135503
135504
135505
135507
135584
136133
136134
136136
136575
136604
136858
136907
137264
137299
137300
137301
137302
137492
137577
138087
138173
138174
138192
138219
138362
138529
139283
139320
139532
139628
139650
139719
139855
140037
140340
140341
140359
140369
140514
140550
140621
140675
140705
140732
140759
140760
140789
140809
140948
140991
141041
141141
141454
141680
141797
142061
142093
142151
142203
142212
142278
142618
142620
142773
142838
142968
142969
142970
142971
143172
143247
143603
143615
143616
143617
143698
143777
143796
143846
143849
143851
143864
143885
143971
143993
144144
144294
144307
144407
144412
144427
144428
144486
144487
144526
144592
144705
144883
144884
144900
145267
145288
145289
145290
145382
145441
145451
145495
145501
145534
145564
145579
145677
145711
145815
145843
145867
145882
145883
145884
145885
145917
145982
146187
146236
146241
146242
146254
146540
146541
146553
146564
146572
146819
146838
146863
146934
146964
146982
147022
147023
147024
147066
147078
147174
147179
147181
147265
147301
147356
147474
147557
147572
147623
147624
147654
147664
147692
147723
147743
147746
147774
147806
147825
147864
147876
