([12], [5, 6, 7, 15, 16, 17], [(5, 5), (5, 6), (6, 16), (6, 7), (7, 17), (7, 15), (15, 16), (15, 17), (16, 17)])
([32], [5, 6, 7, 15, 16, 17], [(5, 5), (5, 6), (6, 16), (6, 7), (7, 17), (7, 15), (15, 16), (15, 17), (16, 17)])
([38], [3, 4, 5, 15, 16, 17], [(3, 3), (3, 4), (4, 16), (4, 5), (5, 17), (5, 15), (15, 16), (15, 17), (16, 17)])
([43], [5, 6, 7, 15, 16, 17], [(5, 5), (5, 6), (6, 16), (6, 7), (7, 17), (7, 15), (15, 16), (15, 17), (16, 17)])
([44], [5, 6, 7, 15, 16, 17], [(5, 5), (5, 6), (6, 16), (6, 7), (7, 17), (7, 15), (15, 16), (15, 17), (16, 17)])
([45], [3, 4, 5, 15, 16, 17], [(3, 3), (3, 4), (4, 16), (4, 5), (5, 17), (5, 15), (15, 16), (15, 17), (16, 17)])
([46], [5, 6, 7, 15, 16, 17], [(5, 5), (5, 6), (6, 16), (6, 7), (7, 17), (7, 15), (15, 16), (15, 17), (16, 17)])
([47], [5, 6, 7, 15, 16, 17], [(5, 5), (5, 6), (6, 17), (6, 7), (7, 16), (7, 15), (15, 16), (15, 17), (16, 17)])
([58], [3, 4, 5, 15, 16, 17], [(3, 3), (3, 4), (4, 16), (4, 5), (5, 17), (5, 15), (15, 16), (15, 17), (16, 17)])
([59], [5, 6, 7, 15, 16, 17], [(5, 5), (5, 6), (6, 16), (6, 7), (7, 17), (7, 15), (15, 16), (15, 17), (16, 17)])
([60], [3, 4, 5, 15, 16, 17], [(3, 3), (3, 4), (4, 16), (4, 5), (5, 17), (5, 15), (15, 16), (15, 17), (16, 17)])
([61], [5, 6, 7, 15, 16, 17], [(5, 5), (5, 6), (6, 17), (6, 7), (7, 16), (7, 15), (15, 16), (15, 17), (16, 17)])
([63], [5, 6, 7, 15, 16, 17], [(5, 5), (5, 6), (6, 16), (6, 7), (7, 17), (7, 15), (15, 16), (15, 17), (16, 17)])
([64], [5, 6, 7, 15, 16, 17], [(5, 5), (5, 6), (6, 16), (6, 7), (7, 17), (7, 15), (15, 16), (15, 17), (16, 17)])
([65], [5, 6, 7, 15, 16, 17], [(5, 5), (5, 6), (6, 16), (6, 7), (7, 17), (7, 15), (15, 16), (15, 17), (16, 17)])
([86], [5, 6, 7, 15, 16, 17], [(5, 5), (5, 6), (6, 16), (6, 7), (7, 17), (7, 15), (15, 16), (15, 17), (16, 17)])
([90], [3, 4, 5, 15, 16, 17], [(3, 3), (3, 4), (4, 16), (4, 5), (5, 17), (5, 15), (15, 16), (15, 17), (16, 17)])
([91], [3, 4, 5, 15, 16, 17], [(3, 3), (3, 4), (4, 16), (4, 5), (5, 17), (5, 15), (15, 16), (15, 17), (16, 17)])
([92], [5, 6, 7, 15, 16, 17], [(5, 5), (5, 6), (6, 16), (6, 7), (7, 17), (7, 15), (15, 16), (15, 17), (16, 17)])
([93], [3, 4, 5, 15, 16, 17], [(3, 3), (3, 4), (4, 16), (4, 5), (5, 17), (5, 15), (15, 16), (15, 17), (16, 17)])
([95], [5, 6, 7, 15, 16, 17], [(5, 5), (5, 6), (6, 15), (6, 7), (7, 16), (7, 17), (15, 16), (15, 17), (16, 17)])
([117], [2, 3, 4, 15, 16, 17], [(2, 2), (2, 3), (3, 16), (3, 4), (4, 17), (4, 15), (15, 16), (15, 17), (16, 17)])
([121], [3, 4, 5, 15, 16, 17], [(3, 3), (3, 4), (4, 16), (4, 5), (5, 17), (5, 15), (15, 16), (15, 17), (16, 17)])
([125], [3, 4, 5, 15, 16, 17], [(3, 3), (3, 4), (4, 16), (4, 5), (5, 17), (5, 15), (15, 16), (15, 17), (16, 17)])
([126], [3, 4, 5, 15, 16, 17], [(3, 3), (3, 4), (4, 17), (4, 5), (5, 16), (5, 15), (15, 16), (15, 17), (16, 17)])
([131], [2, 3, 4, 15, 16, 17], [(2, 2), (2, 3), (3, 16), (3, 4), (4, 17), (4, 15), (15, 16), (15, 17), (16, 17)])
([134], [3, 4, 5, 15, 16, 17], [(3, 3), (3, 4), (4, 16), (4, 5), (5, 17), (5, 15), (15, 16), (15, 17), (16, 17)])
([135], [3, 4, 5, 15, 16, 17], [(3, 3), (3, 4), (4, 17), (4, 5), (5, 16), (5, 15), (15, 16), (15, 17), (16, 17)])
([137], [5, 6, 7, 15, 16, 17], [(5, 5), (5, 6), (6, 17), (6, 7), (7, 16), (7, 15), (15, 16), (15, 17), (16, 17)])
([138], [5, 6, 7, 15, 16, 17], [(5, 5), (5, 6), (6, 17), (6, 7), (7, 16), (7, 15), (15, 16), (15, 17), (16, 17)])
([150], [2, 3, 4, 15, 16, 17], [(2, 2), (2, 3), (3, 16), (3, 4), (4, 17), (4, 15), (15, 16), (15, 17), (16, 17)])
([151], [2, 3, 4, 15, 16, 17], [(2, 2), (2, 3), (3, 16), (3, 4), (4, 17), (4, 15), (15, 16), (15, 17), (16, 17)])
([152], [2, 3, 4, 15, 16, 17], [(2, 2), (2, 3), (3, 16), (3, 4), (4, 17), (4, 15), (15, 16), (15, 17), (16, 17)])
([153], [2, 3, 4, 15, 16, 17], [(2, 2), (2, 3), (3, 17), (3, 4), (4, 16), (4, 15), (15, 16), (15, 17), (16, 17)])
([155], [2, 3, 4, 15, 16, 17], [(2, 2), (2, 3), (3, 16), (3, 4), (4, 17), (4, 15), (15, 16), (15, 17), (16, 17)])
([157], [5, 6, 7, 15, 16, 17], [(5, 5), (5, 6), (6, 16), (6, 7), (7, 17), (7, 15), (15, 16), (15, 17), (16, 17)])
([158], [3, 4, 5, 15, 16, 17], [(3, 3), (3, 4), (4, 16), (4, 5), (5, 17), (5, 15), (15, 16), (15, 17), (16, 17)])
([159], [5, 6, 7, 15, 16, 17], [(5, 5), (5, 6), (6, 16), (6, 7), (7, 17), (7, 15), (15, 16), (15, 17), (16, 17)])
([160], [3, 4, 5, 15, 16, 17], [(3, 3), (3, 4), (4, 16), (4, 5), (5, 17), (5, 15), (15, 16), (15, 17), (16, 17)])
([161], [5, 6, 7, 15, 16, 17], [(5, 5), (5, 6), (6, 16), (6, 7), (7, 17), (7, 15), (15, 16), (15, 17), (16, 17)])
([163], [5, 6, 7, 15, 16, 17], [(5, 5), (5, 6), (6, 15), (6, 7), (7, 16), (7, 17), (15, 16), (15, 17), (16, 17)])
([164], [5, 6, 7, 15, 16, 17], [(5, 5), (5, 6), (6, 15), (6, 7), (7, 16), (7, 17), (15, 16), (15, 17), (16, 17)])
([165], [5, 6, 7, 15, 16, 17], [(5, 5), (5, 6), (6, 17), (6, 7), (7, 16), (7, 15), (15, 16), (15, 17), (16, 17)])
([179], [5, 6, 7, 15, 16, 17], [(5, 5), (5, 6), (6, 16), (6, 7), (7, 17), (7, 15), (15, 16), (15, 17), (16, 17)])
([180], [3, 4, 5, 15, 16, 17], [(3, 3), (3, 4), (4, 16), (4, 5), (5, 17), (5, 15), (15, 16), (15, 17), (16, 17)])
([181], [3, 4, 5, 15, 16, 17], [(3, 3), (3, 4), (4, 16), (4, 5), (5, 17), (5, 15), (15, 16), (15, 17), (16, 17)])
([187], [2, 3, 4, 15, 16, 17], [(2, 2), (2, 3), (3, 16), (3, 4), (4, 17), (4, 15), (15, 16), (15, 17), (16, 17)])
([192], [3, 4, 5, 15, 16, 17], [(3, 3), (3, 4), (4, 16), (4, 5), (5, 17), (5, 15), (15, 16), (15, 17), (16, 17)])
([195], [3, 4, 5, 15, 16, 17], [(3, 3), (3, 4), (4, 16), (4, 5), (5, 17), (5, 15), (15, 16), (15, 17), (16, 17)])
([196], [3, 4, 5, 15, 16, 17], [(3, 3), (3, 4), (4, 17), (4, 5), (5, 16), (5, 15), (15, 16), (15, 17), (16, 17)])
([197], [3, 4, 5, 15, 16, 17], [(3, 3), (3, 4), (4, 16), (4, 5), (5, 17), (5, 15), (15, 16), (15, 17), (16, 17)])
([198], [3, 4, 5, 15, 16, 17], [(3, 3), (3, 4), (4, 16), (4, 5), (5, 17), (5, 15), (15, 16), (15, 17), (16, 17)])
([200], [3, 4, 5, 15, 16, 17], [(3, 3), (3, 4), (4, 16), (4, 5), (5, 17), (5, 15), (15, 16), (15, 17), (16, 17)])
([207], [3, 4, 5, 15, 16, 17], [(3, 3), (3, 4), (4, 17), (4, 5), (5, 16), (5, 15), (15, 16), (15, 17), (16, 17)])
([209], [3, 4, 5, 15, 16, 17], [(3, 3), (3, 4), (4, 17), (4, 5), (5, 16), (5, 15), (15, 16), (15, 17), (16, 17)])
([211], [5, 6, 7, 15, 16, 17], [(5, 5), (5, 6), (6, 17), (6, 7), (7, 16), (7, 15), (15, 16), (15, 17), (16, 17)])
([220], [3, 4, 5, 15, 16, 17], [(3, 3), (3, 4), (4, 16), (4, 5), (5, 17), (5, 15), (15, 16), (15, 17), (16, 17)])
([222], [3, 4, 5, 15, 16, 17], [(3, 3), (3, 4), (4, 5), (4, 15), (5, 16), (5, 17), (15, 16), (15, 17), (16, 17)])
([225], [3, 4, 5, 15, 16, 17], [(3, 3), (3, 4), (4, 16), (4, 5), (5, 15), (5, 17), (15, 16), (15, 17), (16, 17)])
([233], [2, 3, 4, 15, 16, 17], [(2, 2), (2, 3), (3, 16), (3, 4), (4, 17), (4, 15), (15, 16), (15, 17), (16, 17)])
([234], [2, 3, 4, 15, 16, 17], [(2, 2), (2, 3), (3, 16), (3, 4), (4, 17), (4, 15), (15, 16), (15, 17), (16, 17)])
([235], [2, 3, 4, 15, 16, 17], [(2, 2), (2, 3), (3, 16), (3, 4), (4, 17), (4, 15), (15, 16), (15, 17), (16, 17)])
([236], [2, 3, 4, 15, 16, 17], [(2, 2), (2, 3), (3, 17), (3, 4), (4, 16), (4, 15), (15, 16), (15, 17), (16, 17)])
([243], [3, 4, 5, 15, 16, 17], [(3, 3), (3, 4), (4, 17), (4, 5), (5, 16), (5, 15), (15, 16), (15, 17), (16, 17)])
([249], [3, 4, 5, 15, 16, 17], [(3, 3), (3, 4), (4, 16), (4, 5), (5, 17), (5, 15), (15, 16), (15, 17), (16, 17)])
([251], [5, 6, 7, 15, 16, 17], [(5, 5), (5, 6), (6, 16), (6, 7), (7, 17), (7, 15), (15, 16), (15, 17), (16, 17)])
([262], [3, 4, 5, 15, 16, 17], [(3, 3), (3, 4), (4, 5), (4, 15), (5, 16), (5, 17), (15, 16), (15, 17), (16, 17)])
([263], [3, 4, 5, 15, 16, 17], [(3, 3), (3, 4), (4, 17), (4, 5), (5, 16), (5, 15), (15, 16), (15, 17), (16, 17)])
([267], [3, 4, 5, 15, 16, 17], [(3, 3), (3, 4), (4, 17), (4, 5), (5, 16), (5, 15), (15, 16), (15, 17), (16, 17)])
([279], [5, 6, 7, 15, 16, 17], [(5, 5), (5, 6), (6, 17), (6, 7), (7, 16), (7, 15), (15, 16), (15, 17), (16, 17)])
([282], [5, 6, 7, 15, 16, 17], [(5, 5), (5, 6), (6, 15), (6, 7), (7, 16), (7, 17), (15, 16), (15, 17), (16, 17)])
([294], [2, 3, 4, 15, 16, 17], [(2, 2), (2, 3), (3, 16), (3, 4), (4, 17), (4, 15), (15, 16), (15, 17), (16, 17)])
([295], [2, 3, 4, 15, 16, 17], [(2, 2), (2, 3), (3, 4), (3, 15), (4, 16), (4, 17), (15, 16), (15, 17), (16, 17)])
([297], [2, 3, 4, 15, 16, 17], [(2, 2), (2, 3), (3, 17), (3, 4), (4, 16), (4, 15), (15, 16), (15, 17), (16, 17)])
([299], [2, 3, 4, 15, 16, 17], [(2, 2), (2, 3), (3, 16), (3, 4), (4, 17), (4, 15), (15, 16), (15, 17), (16, 17)])
([300], [5, 6, 7, 15, 16, 17], [(5, 5), (5, 6), (6, 15), (6, 7), (7, 16), (7, 17), (15, 16), (15, 17), (16, 17)])
([301], [3, 4, 5, 15, 16, 17], [(3, 3), (3, 4), (4, 5), (4, 15), (5, 16), (5, 17), (15, 16), (15, 17), (16, 17)])
([302], [5, 6, 7, 15, 16, 17], [(5, 5), (5, 6), (6, 15), (6, 7), (7, 16), (7, 17), (15, 16), (15, 17), (16, 17)])
([303], [3, 4, 5, 15, 16, 17], [(3, 3), (3, 4), (4, 5), (4, 15), (5, 16), (5, 17), (15, 16), (15, 17), (16, 17)])
([304], [5, 6, 7, 15, 16, 17], [(5, 5), (5, 6), (6, 15), (6, 7), (7, 16), (7, 17), (15, 16), (15, 17), (16, 17)])
([306], [5, 6, 7, 15, 16, 17], [(5, 5), (5, 6), (6, 15), (6, 7), (7, 16), (7, 17), (15, 16), (15, 17), (16, 17)])
([308], [4, 5, 6, 15, 16, 17], [(4, 17), (4, 5), (4, 15), (5, 16), (5, 6), (6, 6), (15, 16), (15, 17), (16, 17)])
([329], [3, 4, 5, 15, 16, 17], [(3, 3), (3, 4), (4, 16), (4, 5), (5, 17), (5, 15), (15, 16), (15, 17), (16, 17)])
([336], [3, 4, 5, 15, 16, 17], [(3, 3), (3, 4), (4, 16), (4, 5), (5, 17), (5, 15), (15, 16), (15, 17), (16, 17)])
([338], [3, 4, 5, 15, 16, 17], [(3, 3), (3, 4), (4, 17), (4, 5), (5, 16), (5, 15), (15, 16), (15, 17), (16, 17)])
([339], [3, 4, 5, 15, 16, 17], [(3, 3), (3, 4), (4, 17), (4, 5), (5, 16), (5, 15), (15, 16), (15, 17), (16, 17)])
([346], [3, 4, 5, 15, 16, 17], [(3, 3), (3, 4), (4, 16), (4, 5), (5, 17), (5, 15), (15, 16), (15, 17), (16, 17)])
([347], [5, 6, 7, 15, 16, 17], [(5, 5), (5, 6), (6, 16), (6, 7), (7, 17), (7, 15), (15, 16), (15, 17), (16, 17)])
([348], [3, 4, 5, 15, 16, 17], [(3, 3), (3, 4), (4, 16), (4, 5), (5, 17), (5, 15), (15, 16), (15, 17), (16, 17)])
([350], [5, 6, 7, 15, 16, 17], [(5, 5), (5, 6), (6, 15), (6, 7), (7, 16), (7, 17), (15, 16), (15, 17), (16, 17)])
([352], [5, 6, 7, 15, 16, 17], [(5, 5), (5, 6), (6, 17), (6, 7), (7, 16), (7, 15), (15, 16), (15, 17), (16, 17)])
([353], [2, 3, 4, 15, 16, 17], [(2, 2), (2, 3), (3, 17), (3, 4), (4, 16), (4, 15), (15, 16), (15, 17), (16, 17)])
([354], [2, 3, 4, 15, 16, 17], [(2, 2), (2, 3), (3, 17), (3, 4), (4, 16), (4, 15), (15, 16), (15, 17), (16, 17)])
([356], [2, 3, 4, 15, 16, 17], [(2, 2), (2, 3), (3, 17), (3, 4), (4, 16), (4, 15), (15, 16), (15, 17), (16, 17)])
([360], [3, 4, 5, 15, 16, 17], [(3, 3), (3, 4), (4, 16), (4, 5), (5, 17), (5, 15), (15, 16), (15, 17), (16, 17)])
([361], [2, 3, 4, 15, 16, 17], [(2, 2), (2, 3), (3, 16), (3, 4), (4, 17), (4, 15), (15, 16), (15, 17), (16, 17)])
([362], [3, 4, 5, 15, 16, 17], [(3, 3), (3, 4), (4, 17), (4, 5), (5, 16), (5, 15), (15, 16), (15, 17), (16, 17)])
([364], [2, 3, 4, 15, 16, 17], [(2, 2), (2, 3), (3, 16), (3, 4), (4, 17), (4, 15), (15, 16), (15, 17), (16, 17)])
([393], [3, 4, 5, 15, 16, 17], [(3, 3), (3, 4), (4, 17), (4, 5), (5, 16), (5, 15), (15, 16), (15, 17), (16, 17)])
([394], [2, 3, 4, 15, 16, 17], [(2, 2), (2, 3), (3, 17), (3, 4), (4, 16), (4, 15), (15, 16), (15, 17), (16, 17)])
([409], [5, 6, 7, 15, 16, 17], [(5, 5), (5, 6), (6, 15), (6, 7), (7, 16), (7, 17), (15, 16), (15, 17), (16, 17)])
([410], [5, 6, 7, 15, 16, 17], [(5, 5), (5, 6), (6, 16), (6, 7), (7, 17), (7, 15), (15, 16), (15, 17), (16, 17)])
([417], [5, 6, 7, 15, 16, 17], [(5, 5), (5, 6), (6, 15), (6, 7), (7, 16), (7, 17), (15, 17), (15, 16), (16, 17)])
([420], [3, 4, 5, 15, 16, 17], [(3, 3), (3, 4), (4, 5), (4, 15), (5, 16), (5, 17), (15, 16), (15, 17), (16, 17)])
([422], [3, 4, 5, 15, 16, 17], [(3, 3), (3, 4), (4, 5), (4, 15), (5, 16), (5, 17), (15, 16), (15, 17), (16, 17)])
([423], [3, 4, 5, 15, 16, 17], [(3, 3), (3, 4), (4, 16), (4, 5), (5, 15), (5, 17), (15, 16), (15, 17), (16, 17)])
([424], [3, 4, 5, 15, 16, 17], [(3, 3), (3, 4), (4, 5), (4, 15), (5, 16), (5, 17), (15, 16), (15, 17), (16, 17)])
([425], [2, 3, 4, 15, 16, 17], [(2, 2), (2, 3), (3, 16), (3, 4), (4, 17), (4, 15), (15, 16), (15, 17), (16, 17)])
([430], [3, 4, 5, 15, 16, 17], [(3, 3), (3, 4), (4, 16), (4, 5), (5, 17), (5, 15), (15, 16), (15, 17), (16, 17)])
([431], [3, 4, 5, 15, 16, 17], [(3, 3), (3, 4), (4, 16), (4, 5), (5, 17), (5, 15), (15, 16), (15, 17), (16, 17)])
([433], [5, 6, 7, 13, 16, 17], [(5, 5), (5, 6), (6, 16), (6, 7), (7, 17), (7, 13), (13, 16), (13, 17), (16, 17)])
([449], [2, 3, 4, 15, 16, 17], [(2, 2), (2, 3), (3, 16), (3, 4), (4, 17), (4, 15), (15, 16), (15, 17), (16, 17)])
([451], [2, 3, 4, 15, 16, 17], [(2, 2), (2, 3), (3, 16), (3, 4), (4, 17), (4, 15), (15, 16), (15, 17), (16, 17)])
([466], [2, 3, 4, 15, 16, 17], [(2, 2), (2, 3), (3, 17), (3, 4), (4, 16), (4, 15), (15, 16), (15, 17), (16, 17)])
([477], [3, 4, 5, 15, 16, 17], [(3, 3), (3, 4), (4, 16), (4, 5), (5, 17), (5, 15), (15, 16), (15, 17), (16, 17)])
([484], [3, 4, 5, 15, 16, 17], [(3, 3), (3, 4), (4, 17), (4, 5), (5, 16), (5, 15), (15, 16), (15, 17), (16, 17)])
([490], [2, 3, 4, 15, 16, 17], [(2, 2), (2, 3), (3, 16), (3, 4), (4, 17), (4, 15), (15, 16), (15, 17), (16, 17)])
([491], [3, 4, 5, 15, 16, 17], [(3, 3), (3, 4), (4, 16), (4, 5), (5, 17), (5, 15), (15, 16), (15, 17), (16, 17)])
([492], [3, 4, 5, 15, 16, 17], [(3, 3), (3, 4), (4, 5), (4, 15), (5, 16), (5, 17), (15, 16), (15, 17), (16, 17)])
([503], [2, 3, 4, 15, 16, 17], [(2, 2), (2, 3), (3, 16), (3, 4), (4, 17), (4, 15), (15, 16), (15, 17), (16, 17)])
([506], [2, 3, 4, 15, 16, 17], [(2, 2), (2, 3), (3, 16), (3, 4), (4, 17), (4, 15), (15, 16), (15, 17), (16, 17)])
([513], [2, 3, 4, 15, 16, 17], [(2, 2), (2, 3), (3, 4), (3, 15), (4, 16), (4, 17), (15, 16), (15, 17), (16, 17)])
([514], [5, 6, 7, 15, 16, 17], [(5, 5), (5, 6), (6, 16), (6, 7), (7, 17), (7, 15), (15, 16), (15, 17), (16, 17)])
([529], [2, 3, 4, 15, 16, 17], [(2, 2), (2, 3), (3, 16), (3, 4), (4, 17), (4, 15), (15, 16), (15, 17), (16, 17)])
([530], [3, 4, 5, 15, 16, 17], [(3, 3), (3, 4), (4, 17), (4, 5), (5, 16), (5, 15), (15, 16), (15, 17), (16, 17)])
([543], [5, 6, 7, 15, 16, 17], [(5, 5), (5, 6), (6, 17), (6, 7), (7, 16), (7, 15), (15, 16), (15, 17), (16, 17)])
([546], [5, 6, 7, 15, 16, 17], [(5, 5), (5, 6), (6, 16), (6, 7), (7, 17), (7, 15), (15, 16), (15, 17), (16, 17)])
([590], [3, 4, 5, 15, 16, 17], [(3, 3), (3, 4), (4, 5), (4, 15), (5, 16), (5, 17), (15, 16), (15, 17), (16, 17)])
([591], [2, 3, 4, 15, 16, 17], [(2, 2), (2, 3), (3, 4), (3, 15), (4, 16), (4, 17), (15, 16), (15, 17), (16, 17)])
([592], [3, 4, 5, 15, 16, 17], [(3, 3), (3, 4), (4, 5), (4, 15), (5, 16), (5, 17), (15, 16), (15, 17), (16, 17)])
([593], [3, 4, 5, 15, 16, 17], [(3, 3), (3, 4), (4, 5), (4, 15), (5, 16), (5, 17), (15, 16), (15, 17), (16, 17)])
([594], [2, 3, 4, 15, 16, 17], [(2, 2), (2, 3), (3, 4), (3, 15), (4, 16), (4, 17), (15, 16), (15, 17), (16, 17)])
([596], [3, 4, 5, 15, 16, 17], [(3, 3), (3, 4), (4, 5), (4, 15), (5, 16), (5, 17), (15, 16), (15, 17), (16, 17)])
([597], [3, 4, 5, 15, 16, 17], [(3, 3), (3, 4), (4, 16), (4, 5), (5, 17), (5, 15), (15, 16), (15, 17), (16, 17)])
([627], [3, 4, 5, 15, 16, 17], [(3, 16), (3, 17), (3, 4), (4, 5), (4, 15), (5, 5), (15, 16), (15, 17), (16, 17)])
([631], [3, 4, 5, 15, 16, 17], [(3, 3), (3, 4), (4, 5), (4, 15), (5, 16), (5, 17), (15, 16), (15, 17), (16, 17)])
([633], [3, 4, 5, 15, 16, 17], [(3, 3), (3, 4), (4, 17), (4, 5), (5, 16), (5, 15), (15, 16), (15, 17), (16, 17)])
([635], [3, 4, 5, 15, 16, 17], [(3, 3), (3, 4), (4, 5), (4, 15), (5, 16), (5, 17), (15, 16), (15, 17), (16, 17)])
([636], [3, 4, 5, 15, 16, 17], [(3, 3), (3, 4), (4, 16), (4, 5), (5, 15), (5, 17), (15, 16), (15, 17), (16, 17)])
([649], [2, 3, 4, 15, 16, 17], [(2, 2), (2, 3), (3, 16), (3, 4), (4, 17), (4, 15), (15, 16), (15, 17), (16, 17)])
([672], [5, 6, 7, 15, 16, 17], [(5, 5), (5, 6), (6, 15), (6, 7), (7, 16), (7, 17), (15, 16), (15, 17), (16, 17)])
([724], [5, 6, 7, 15, 16, 17], [(5, 5), (5, 6), (6, 16), (6, 7), (7, 17), (7, 15), (15, 16), (15, 17), (16, 17)])
([729], [2, 3, 4, 15, 16, 17], [(2, 2), (2, 3), (3, 16), (3, 4), (4, 17), (4, 15), (15, 16), (15, 17), (16, 17)])
([730], [3, 4, 5, 15, 16, 17], [(3, 3), (3, 4), (4, 17), (4, 5), (5, 16), (5, 15), (15, 16), (15, 17), (16, 17)])
([749], [2, 3, 4, 15, 16, 17], [(2, 2), (2, 3), (3, 16), (3, 4), (4, 17), (4, 15), (15, 16), (15, 17), (16, 17)])
([750], [2, 3, 4, 15, 16, 17], [(2, 2), (2, 3), (3, 4), (3, 15), (4, 16), (4, 17), (15, 16), (15, 17), (16, 17)])
([751], [2, 3, 4, 15, 16, 17], [(2, 2), (2, 3), (3, 16), (3, 4), (4, 17), (4, 15), (15, 16), (15, 17), (16, 17)])
([784], [3, 4, 5, 15, 16, 17], [(3, 3), (3, 4), (4, 16), (4, 5), (5, 17), (5, 15), (15, 16), (15, 17), (16, 17)])
([786], [3, 4, 5, 15, 16, 17], [(3, 3), (3, 4), (4, 5), (4, 15), (5, 16), (5, 17), (15, 16), (15, 17), (16, 17)])
([794], [3, 4, 5, 15, 16, 17], [(3, 3), (3, 4), (4, 5), (4, 15), (5, 16), (5, 17), (15, 16), (15, 17), (16, 17)])
([809], [2, 3, 4, 15, 16, 17], [(2, 2), (2, 3), (3, 16), (3, 4), (4, 17), (4, 15), (15, 16), (15, 17), (16, 17)])
([810], [3, 4, 5, 15, 16, 17], [(3, 3), (3, 4), (4, 5), (4, 15), (5, 16), (5, 17), (15, 16), (15, 17), (16, 17)])
([813], [3, 4, 5, 15, 16, 17], [(3, 3), (3, 4), (4, 5), (4, 15), (5, 16), (5, 17), (15, 16), (15, 17), (16, 17)])
([814], [5, 6, 7, 15, 16, 17], [(5, 5), (5, 6), (6, 15), (6, 7), (7, 16), (7, 17), (15, 16), (15, 17), (16, 17)])
([817], [3, 4, 5, 15, 16, 17], [(3, 3), (3, 4), (4, 5), (4, 15), (5, 16), (5, 17), (15, 16), (15, 17), (16, 17)])
([818], [2, 3, 4, 15, 16, 17], [(2, 2), (2, 3), (3, 4), (3, 15), (4, 16), (4, 17), (15, 16), (15, 17), (16, 17)])
([821], [2, 3, 4, 15, 16, 17], [(2, 2), (2, 3), (3, 4), (3, 15), (4, 16), (4, 17), (15, 16), (15, 17), (16, 17)])
([835], [3, 4, 5, 15, 16, 17], [(3, 3), (3, 4), (4, 17), (4, 5), (5, 16), (5, 15), (15, 16), (15, 17), (16, 17)])
([836], [5, 6, 7, 15, 16, 17], [(5, 5), (5, 6), (6, 17), (6, 7), (7, 16), (7, 15), (15, 16), (15, 17), (16, 17)])
([837], [5, 6, 7, 15, 16, 17], [(5, 5), (5, 6), (6, 16), (6, 7), (7, 17), (7, 15), (15, 16), (15, 17), (16, 17)])
([841], [2, 3, 4, 15, 16, 17], [(2, 2), (2, 3), (3, 16), (3, 4), (4, 17), (4, 15), (15, 16), (15, 17), (16, 17)])
([864], [3, 4, 5, 15, 16, 17], [(3, 3), (3, 4), (4, 16), (4, 5), (5, 17), (5, 15), (15, 16), (15, 17), (16, 17)])
([866], [2, 3, 4, 15, 16, 17], [(2, 2), (2, 3), (3, 16), (3, 4), (4, 17), (4, 15), (15, 16), (15, 17), (16, 17)])
([869], [3, 4, 5, 15, 16, 17], [(3, 3), (3, 4), (4, 16), (4, 5), (5, 17), (5, 15), (15, 16), (15, 17), (16, 17)])
([871], [3, 4, 5, 15, 16, 17], [(3, 3), (3, 4), (4, 16), (4, 5), (5, 17), (5, 15), (15, 16), (15, 17), (16, 17)])
([872], [5, 6, 7, 15, 16, 17], [(5, 5), (5, 6), (6, 15), (6, 7), (7, 16), (7, 17), (15, 16), (15, 17), (16, 17)])
([881], [2, 3, 4, 15, 16, 17], [(2, 2), (2, 3), (3, 4), (3, 15), (4, 16), (4, 17), (15, 16), (15, 17), (16, 17)])
([882], [2, 3, 4, 15, 16, 17], [(2, 2), (2, 3), (3, 16), (3, 4), (4, 17), (4, 15), (15, 16), (15, 17), (16, 17)])
([883], [3, 4, 5, 15, 16, 17], [(3, 3), (3, 4), (4, 16), (4, 5), (5, 15), (5, 17), (15, 16), (15, 17), (16, 17)])
([885], [3, 4, 5, 15, 16, 17], [(3, 3), (3, 4), (4, 5), (4, 15), (5, 16), (5, 17), (15, 16), (15, 17), (16, 17)])
([888], [5, 6, 7, 15, 16, 17], [(5, 5), (5, 6), (6, 15), (6, 7), (7, 16), (7, 17), (15, 17), (15, 16), (16, 17)])
([889], [5, 6, 7, 15, 16, 17], [(5, 5), (5, 6), (6, 15), (6, 7), (7, 16), (7, 17), (15, 17), (15, 16), (16, 17)])
([890], [5, 6, 7, 15, 16, 17], [(5, 5), (5, 6), (6, 15), (6, 7), (7, 16), (7, 17), (15, 16), (15, 17), (16, 17)])
([919], [2, 3, 4, 15, 16, 17], [(2, 2), (2, 3), (3, 17), (3, 4), (4, 16), (4, 15), (15, 16), (15, 17), (16, 17)])
([920], [3, 4, 5, 15, 16, 17], [(3, 3), (3, 4), (4, 5), (4, 15), (5, 16), (5, 17), (15, 16), (15, 17), (16, 17)])
([922], [5, 6, 7, 15, 16, 17], [(5, 5), (5, 6), (6, 15), (6, 7), (7, 16), (7, 17), (15, 16), (15, 17), (16, 17)])
([923], [5, 6, 7, 15, 16, 17], [(5, 5), (5, 6), (6, 15), (6, 7), (7, 16), (7, 17), (15, 16), (15, 17), (16, 17)])
([924], [3, 4, 5, 15, 16, 17], [(3, 3), (3, 4), (4, 5), (4, 15), (5, 16), (5, 17), (15, 16), (15, 17), (16, 17)])
([926], [5, 6, 7, 15, 16, 17], [(5, 5), (5, 6), (6, 15), (6, 7), (7, 16), (7, 17), (15, 16), (15, 17), (16, 17)])
([928], [3, 4, 5, 15, 16, 17], [(3, 3), (3, 4), (4, 17), (4, 5), (5, 16), (5, 15), (15, 16), (15, 17), (16, 17)])
([930], [5, 6, 7, 15, 16, 17], [(5, 5), (5, 6), (6, 16), (6, 7), (7, 17), (7, 15), (15, 16), (15, 17), (16, 17)])
([932], [2, 3, 4, 15, 16, 17], [(2, 2), (2, 3), (3, 16), (3, 4), (4, 17), (4, 15), (15, 16), (15, 17), (16, 17)])
([933], [3, 4, 5, 13, 16, 17], [(3, 3), (3, 4), (4, 16), (4, 5), (5, 17), (5, 13), (13, 16), (13, 17), (16, 17)])
([935], [3, 4, 5, 13, 16, 17], [(3, 3), (3, 4), (4, 16), (4, 5), (5, 17), (5, 13), (13, 16), (13, 17), (16, 17)])
([945], [3, 4, 5, 15, 16, 17], [(3, 3), (3, 4), (4, 16), (4, 5), (5, 17), (5, 15), (15, 16), (15, 17), (16, 17)])
([946], [2, 3, 4, 15, 16, 17], [(2, 2), (2, 3), (3, 17), (3, 4), (4, 16), (4, 15), (15, 16), (15, 17), (16, 17)])
([948], [2, 3, 4, 15, 16, 17], [(2, 2), (2, 3), (3, 17), (3, 4), (4, 16), (4, 15), (15, 17), (15, 16), (16, 17)])
([953], [2, 3, 4, 15, 16, 17], [(2, 2), (2, 3), (3, 17), (3, 4), (4, 16), (4, 15), (15, 16), (15, 17), (16, 17)])
([963], [2, 3, 4, 15, 16, 17], [(2, 2), (2, 3), (3, 17), (3, 4), (4, 16), (4, 15), (15, 16), (15, 17), (16, 17)])
([964], [5, 6, 7, 15, 16, 17], [(5, 5), (5, 6), (6, 15), (6, 7), (7, 16), (7, 17), (15, 16), (15, 17), (16, 17)])
([981], [2, 3, 4, 15, 16, 17], [(2, 2), (2, 3), (3, 17), (3, 4), (4, 16), (4, 15), (15, 16), (15, 17), (16, 17)])
([999], [2, 3, 4, 15, 16, 17], [(2, 2), (2, 3), (3, 4), (3, 15), (4, 16), (4, 17), (15, 16), (15, 17), (16, 17)])
([1016], [2, 3, 4, 15, 16, 17], [(2, 2), (2, 3), (3, 16), (3, 4), (4, 17), (4, 15), (15, 16), (15, 17), (16, 17)])
([1045], [3, 4, 5, 15, 16, 17], [(3, 3), (3, 4), (4, 16), (4, 5), (5, 17), (5, 15), (15, 16), (15, 17), (16, 17)])
([1046], [3, 4, 5, 15, 16, 17], [(3, 3), (3, 4), (4, 16), (4, 5), (5, 17), (5, 15), (15, 16), (15, 17), (16, 17)])
([1048], [5, 6, 7, 15, 16, 17], [(5, 5), (5, 6), (6, 16), (6, 7), (7, 17), (7, 15), (15, 16), (15, 17), (16, 17)])
([1049], [5, 6, 7, 15, 16, 17], [(5, 5), (5, 6), (6, 16), (6, 7), (7, 17), (7, 15), (15, 16), (15, 17), (16, 17)])
([1107], [2, 3, 4, 15, 16, 17], [(2, 2), (2, 3), (3, 16), (3, 4), (4, 17), (4, 15), (15, 16), (15, 17), (16, 17)])
([1109], [2, 3, 4, 15, 16, 17], [(2, 2), (2, 3), (3, 16), (3, 4), (4, 17), (4, 15), (15, 16), (15, 17), (16, 17)])
([1110], [3, 4, 5, 15, 16, 17], [(3, 3), (3, 4), (4, 5), (4, 15), (5, 16), (5, 17), (15, 16), (15, 17), (16, 17)])
([1111], [3, 4, 5, 15, 16, 17], [(3, 3), (3, 4), (4, 5), (4, 15), (5, 16), (5, 17), (15, 16), (15, 17), (16, 17)])
([1112], [3, 4, 5, 15, 16, 17], [(3, 3), (3, 4), (4, 17), (4, 5), (5, 16), (5, 15), (15, 16), (15, 17), (16, 17)])
([1113], [3, 4, 5, 15, 16, 17], [(3, 3), (3, 4), (4, 5), (4, 15), (5, 16), (5, 17), (15, 16), (15, 17), (16, 17)])
([1115], [3, 4, 5, 15, 16, 17], [(3, 3), (3, 4), (4, 5), (4, 15), (5, 16), (5, 17), (15, 16), (15, 17), (16, 17)])
([1116], [3, 4, 5, 15, 16, 17], [(3, 3), (3, 4), (4, 5), (4, 15), (5, 16), (5, 17), (15, 16), (15, 17), (16, 17)])
([1117], [3, 4, 5, 15, 16, 17], [(3, 3), (3, 4), (4, 5), (4, 15), (5, 16), (5, 17), (15, 16), (15, 17), (16, 17)])
([1174], [2, 3, 4, 15, 16, 17], [(2, 2), (2, 3), (3, 16), (3, 4), (4, 17), (4, 15), (15, 16), (15, 17), (16, 17)])
([1176], [2, 3, 4, 15, 16, 17], [(2, 2), (2, 3), (3, 4), (3, 15), (4, 16), (4, 17), (15, 16), (15, 17), (16, 17)])
([1178], [2, 3, 4, 15, 16, 17], [(2, 2), (2, 3), (3, 17), (3, 4), (4, 16), (4, 15), (15, 16), (15, 17), (16, 17)])
([1211], [2, 3, 4, 15, 16, 17], [(2, 2), (2, 3), (3, 4), (3, 15), (4, 16), (4, 17), (15, 16), (15, 17), (16, 17)])
([1213], [2, 3, 4, 15, 16, 17], [(2, 2), (2, 3), (3, 4), (3, 15), (4, 16), (4, 17), (15, 16), (15, 17), (16, 17)])
([1214], [2, 3, 4, 15, 16, 17], [(2, 2), (2, 3), (3, 17), (3, 4), (4, 16), (4, 15), (15, 16), (15, 17), (16, 17)])
([1235], [3, 4, 5, 15, 16, 17], [(3, 3), (3, 4), (4, 17), (4, 5), (5, 16), (5, 15), (15, 16), (15, 17), (16, 17)])
([1236], [5, 6, 7, 15, 16, 17], [(5, 5), (5, 6), (6, 15), (6, 7), (7, 16), (7, 17), (15, 16), (15, 17), (16, 17)])
([1248], [2, 3, 4, 15, 16, 17], [(2, 2), (2, 3), (3, 4), (3, 15), (4, 16), (4, 17), (15, 16), (15, 17), (16, 17)])
([1250], [2, 3, 4, 15, 16, 17], [(2, 2), (2, 3), (3, 4), (3, 15), (4, 16), (4, 17), (15, 16), (15, 17), (16, 17)])
([1261], [2, 3, 4, 15, 16, 17], [(2, 2), (2, 3), (3, 4), (3, 15), (4, 16), (4, 17), (15, 16), (15, 17), (16, 17)])
([1279], [2, 3, 4, 15, 16, 17], [(2, 2), (2, 3), (3, 4), (3, 15), (4, 16), (4, 17), (15, 16), (15, 17), (16, 17)])
([1295], [2, 3, 4, 15, 16, 17], [(2, 2), (2, 3), (3, 4), (3, 15), (4, 16), (4, 17), (15, 16), (15, 17), (16, 17)])
([1296], [2, 3, 4, 15, 16, 17], [(2, 2), (2, 3), (3, 16), (3, 4), (4, 17), (4, 15), (15, 16), (15, 17), (16, 17)])
([1298], [2, 3, 4, 15, 16, 17], [(2, 2), (2, 3), (3, 17), (3, 4), (4, 16), (4, 15), (15, 17), (15, 16), (16, 17)])
([1318], [3, 4, 5, 15, 16, 17], [(3, 3), (3, 4), (4, 16), (4, 5), (5, 17), (5, 15), (15, 16), (15, 17), (16, 17)])
([1322], [3, 4, 5, 15, 16, 17], [(3, 3), (3, 4), (4, 16), (4, 5), (5, 17), (5, 15), (15, 16), (15, 17), (16, 17)])
([1323], [5, 6, 7, 15, 16, 17], [(5, 5), (5, 6), (6, 17), (6, 7), (7, 16), (7, 15), (15, 16), (15, 17), (16, 17)])
([1324], [5, 6, 7, 15, 16, 17], [(5, 5), (5, 6), (6, 15), (6, 7), (7, 16), (7, 17), (15, 16), (15, 17), (16, 17)])
([1325], [3, 4, 5, 15, 16, 17], [(3, 3), (3, 4), (4, 16), (4, 5), (5, 17), (5, 15), (15, 16), (15, 17), (16, 17)])
([1334], [3, 4, 5, 15, 16, 17], [(3, 3), (3, 4), (4, 5), (4, 15), (5, 16), (5, 17), (15, 16), (15, 17), (16, 17)])
([1335], [2, 3, 4, 15, 16, 17], [(2, 2), (2, 3), (3, 16), (3, 4), (4, 17), (4, 15), (15, 16), (15, 17), (16, 17)])
([1381], [3, 4, 5, 15, 16, 17], [(3, 3), (3, 4), (4, 5), (4, 15), (5, 16), (5, 17), (15, 16), (15, 17), (16, 17)])
([1388], [3, 4, 5, 15, 16, 17], [(3, 3), (3, 4), (4, 5), (4, 15), (5, 16), (5, 17), (15, 16), (15, 17), (16, 17)])
([1390], [5, 6, 7, 15, 16, 17], [(5, 5), (5, 6), (6, 15), (6, 7), (7, 16), (7, 17), (15, 16), (15, 17), (16, 17)])
([1391], [5, 6, 7, 15, 16, 17], [(5, 5), (5, 6), (6, 15), (6, 7), (7, 16), (7, 17), (15, 16), (15, 17), (16, 17)])
([1392], [5, 6, 7, 15, 16, 17], [(5, 5), (5, 6), (6, 15), (6, 7), (7, 16), (7, 17), (15, 16), (15, 17), (16, 17)])
([1408], [2, 3, 4, 15, 16, 17], [(2, 2), (2, 3), (3, 17), (3, 4), (4, 16), (4, 15), (15, 16), (15, 17), (16, 17)])
([1413], [3, 4, 5, 15, 16, 17], [(3, 3), (3, 4), (4, 5), (4, 15), (5, 16), (5, 17), (15, 16), (15, 17), (16, 17)])
([1418], [3, 4, 5, 15, 16, 17], [(3, 3), (3, 4), (4, 5), (4, 15), (5, 16), (5, 17), (15, 16), (15, 17), (16, 17)])
([1419], [2, 3, 4, 15, 16, 17], [(2, 2), (2, 3), (3, 4), (3, 15), (4, 16), (4, 17), (15, 16), (15, 17), (16, 17)])
([1420], [3, 4, 5, 15, 16, 17], [(3, 3), (3, 4), (4, 5), (4, 15), (5, 16), (5, 17), (15, 16), (15, 17), (16, 17)])
([1421], [3, 4, 5, 15, 16, 17], [(3, 3), (3, 4), (4, 5), (4, 15), (5, 16), (5, 17), (15, 16), (15, 17), (16, 17)])
([1435], [2, 3, 4, 15, 16, 17], [(2, 2), (2, 3), (3, 4), (3, 15), (4, 16), (4, 17), (15, 16), (15, 17), (16, 17)])
([1446], [3, 4, 5, 15, 16, 17], [(3, 3), (3, 4), (4, 5), (4, 15), (5, 16), (5, 17), (15, 16), (15, 17), (16, 17)])
([1447], [3, 4, 5, 15, 16, 17], [(3, 3), (3, 4), (4, 5), (4, 15), (5, 16), (5, 17), (15, 16), (15, 17), (16, 17)])
([1459], [5, 6, 7, 15, 16, 17], [(5, 5), (5, 6), (6, 15), (6, 7), (7, 16), (7, 17), (15, 16), (15, 17), (16, 17)])
([1460], [5, 6, 7, 15, 16, 17], [(5, 5), (5, 6), (6, 15), (6, 7), (7, 16), (7, 17), (15, 16), (15, 17), (16, 17)])
([1467], [3, 4, 5, 15, 16, 17], [(3, 3), (3, 4), (4, 5), (4, 15), (5, 16), (5, 17), (15, 16), (15, 17), (16, 17)])
([1468], [5, 6, 7, 15, 16, 17], [(5, 5), (5, 6), (6, 15), (6, 7), (7, 16), (7, 17), (15, 16), (15, 17), (16, 17)])
([1514], [3, 4, 5, 15, 16, 17], [(3, 3), (3, 4), (4, 5), (4, 15), (5, 16), (5, 17), (15, 16), (15, 17), (16, 17)])
([1515], [3, 4, 5, 15, 16, 17], [(3, 3), (3, 4), (4, 5), (4, 15), (5, 16), (5, 17), (15, 16), (15, 17), (16, 17)])
([1517], [5, 6, 7, 15, 16, 17], [(5, 5), (5, 6), (6, 15), (6, 7), (7, 16), (7, 17), (15, 17), (15, 16), (16, 17)])
([1526], [3, 4, 5, 15, 16, 17], [(3, 3), (3, 4), (4, 5), (4, 15), (5, 16), (5, 17), (15, 16), (15, 17), (16, 17)])
([1527], [5, 6, 7, 15, 16, 17], [(5, 5), (5, 6), (6, 15), (6, 7), (7, 16), (7, 17), (15, 16), (15, 17), (16, 17)])
([1528], [3, 4, 5, 15, 16, 17], [(3, 3), (3, 4), (4, 5), (4, 15), (5, 16), (5, 17), (15, 16), (15, 17), (16, 17)])
([1547], [2, 3, 4, 15, 16, 17], [(2, 2), (2, 3), (3, 16), (3, 4), (4, 17), (4, 15), (15, 16), (15, 17), (16, 17)])
([1556], [3, 4, 5, 15, 16, 17], [(3, 3), (3, 4), (4, 16), (4, 5), (5, 17), (5, 15), (15, 16), (15, 17), (16, 17)])
([1562], [5, 6, 7, 15, 16, 17], [(5, 5), (5, 6), (6, 16), (6, 7), (7, 17), (7, 15), (15, 16), (15, 17), (16, 17)])
([1590], [2, 3, 4, 15, 16, 17], [(2, 2), (2, 3), (3, 16), (3, 4), (4, 17), (4, 15), (15, 16), (15, 17), (16, 17)])
([1600], [2, 3, 4, 15, 16, 17], [(2, 2), (2, 3), (3, 4), (3, 15), (4, 16), (4, 17), (15, 16), (15, 17), (16, 17)])
([1601], [2, 3, 4, 15, 16, 17], [(2, 2), (2, 3), (3, 4), (3, 15), (4, 16), (4, 17), (15, 16), (15, 17), (16, 17)])
([1603], [2, 3, 4, 13, 16, 17], [(2, 2), (2, 3), (3, 16), (3, 4), (4, 17), (4, 13), (13, 16), (13, 17), (16, 17)])
([1604], [2, 3, 4, 13, 16, 17], [(2, 2), (2, 3), (3, 16), (3, 4), (4, 17), (4, 13), (13, 16), (13, 17), (16, 17)])
([1620], [2, 3, 4, 15, 16, 17], [(2, 2), (2, 3), (3, 4), (3, 15), (4, 16), (4, 17), (15, 16), (15, 17), (16, 17)])
([1654], [2, 3, 4, 15, 16, 17], [(2, 2), (2, 3), (3, 4), (3, 15), (4, 16), (4, 17), (15, 16), (15, 17), (16, 17)])
([1655], [2, 3, 4, 15, 16, 17], [(2, 2), (2, 3), (3, 4), (3, 15), (4, 16), (4, 17), (15, 16), (15, 17), (16, 17)])
([1656], [2, 3, 4, 15, 16, 17], [(2, 2), (2, 3), (3, 4), (3, 15), (4, 16), (4, 17), (15, 16), (15, 17), (16, 17)])
([1661], [3, 4, 5, 15, 16, 17], [(3, 3), (3, 4), (4, 5), (4, 15), (5, 16), (5, 17), (15, 16), (15, 17), (16, 17)])
([1662], [3, 4, 5, 15, 16, 17], [(3, 3), (3, 4), (4, 17), (4, 5), (5, 16), (5, 15), (15, 16), (15, 17), (16, 17)])
([1664], [3, 4, 5, 15, 16, 17], [(3, 3), (3, 4), (4, 16), (4, 5), (5, 15), (5, 17), (15, 16), (15, 17), (16, 17)])
([1708], [2, 3, 4, 15, 16, 17], [(2, 2), (2, 3), (3, 4), (3, 15), (4, 16), (4, 17), (15, 16), (15, 17), (16, 17)])
([1709], [2, 3, 4, 15, 16, 17], [(2, 2), (2, 3), (3, 4), (3, 15), (4, 16), (4, 17), (15, 16), (15, 17), (16, 17)])
([1755], [2, 3, 4, 15, 16, 17], [(2, 2), (2, 3), (3, 4), (3, 15), (4, 16), (4, 17), (15, 16), (15, 17), (16, 17)])
([1821], [3, 4, 5, 15, 16, 17], [(3, 3), (3, 4), (4, 5), (4, 15), (5, 16), (5, 17), (15, 16), (15, 17), (16, 17)])
([1822], [3, 4, 5, 15, 16, 17], [(3, 3), (3, 4), (4, 16), (4, 5), (5, 17), (5, 15), (15, 16), (15, 17), (16, 17)])
([1824], [3, 4, 5, 15, 16, 17], [(3, 3), (3, 4), (4, 5), (4, 15), (5, 16), (5, 17), (15, 16), (15, 17), (16, 17)])
([1825], [3, 4, 5, 15, 16, 17], [(3, 3), (3, 4), (4, 5), (4, 15), (5, 16), (5, 17), (15, 16), (15, 17), (16, 17)])
([1869], [2, 3, 4, 15, 16, 17], [(2, 2), (2, 3), (3, 16), (3, 4), (4, 17), (4, 15), (15, 16), (15, 17), (16, 17)])
([1870], [2, 3, 4, 15, 16, 17], [(2, 2), (2, 3), (3, 17), (3, 4), (4, 16), (4, 15), (15, 16), (15, 17), (16, 17)])
([1885], [2, 3, 4, 15, 16, 17], [(2, 2), (2, 3), (3, 4), (3, 15), (4, 16), (4, 17), (15, 16), (15, 17), (16, 17)])
([1896], [2, 3, 4, 15, 16, 17], [(2, 2), (2, 3), (3, 4), (3, 15), (4, 16), (4, 17), (15, 16), (15, 17), (16, 17)])
([1898], [3, 4, 5, 15, 16, 17], [(3, 3), (3, 4), (4, 5), (4, 15), (5, 16), (5, 17), (15, 16), (15, 17), (16, 17)])
([1899], [3, 4, 5, 15, 16, 17], [(3, 3), (3, 4), (4, 5), (4, 15), (5, 16), (5, 17), (15, 16), (15, 17), (16, 17)])
([1900], [2, 3, 4, 15, 16, 17], [(2, 2), (2, 3), (3, 4), (3, 15), (4, 16), (4, 17), (15, 16), (15, 17), (16, 17)])
([1906], [2, 3, 4, 15, 16, 17], [(2, 2), (2, 3), (3, 4), (3, 15), (4, 16), (4, 17), (15, 16), (15, 17), (16, 17)])
([1922], [3, 4, 5, 15, 16, 17], [(3, 3), (3, 4), (4, 16), (4, 5), (5, 17), (5, 15), (15, 16), (15, 17), (16, 17)])
([1923], [5, 6, 7, 15, 16, 17], [(5, 5), (5, 6), (6, 15), (6, 7), (7, 16), (7, 17), (15, 16), (15, 17), (16, 17)])
([1924], [5, 6, 7, 15, 16, 17], [(5, 5), (5, 6), (6, 17), (6, 7), (7, 16), (7, 15), (15, 16), (15, 17), (16, 17)])
([1925], [3, 4, 5, 15, 16, 17], [(3, 3), (3, 4), (4, 16), (4, 5), (5, 17), (5, 15), (15, 16), (15, 17), (16, 17)])
([1926], [5, 6, 7, 15, 16, 17], [(5, 5), (5, 6), (6, 16), (6, 7), (7, 17), (7, 15), (15, 16), (15, 17), (16, 17)])
([1953], [3, 4, 5, 15, 16, 17], [(3, 3), (3, 4), (4, 5), (4, 15), (5, 16), (5, 17), (15, 16), (15, 17), (16, 17)])
([1992], [3, 4, 5, 15, 16, 17], [(3, 3), (3, 4), (4, 5), (4, 15), (5, 16), (5, 17), (15, 16), (15, 17), (16, 17)])
([2054], [3, 4, 5, 15, 16, 17], [(3, 3), (3, 4), (4, 5), (4, 15), (5, 16), (5, 17), (15, 16), (15, 17), (16, 17)])
([2056], [5, 6, 7, 15, 16, 17], [(5, 5), (5, 6), (6, 15), (6, 7), (7, 16), (7, 17), (15, 16), (15, 17), (16, 17)])
([2057], [2, 3, 4, 15, 16, 17], [(2, 2), (2, 3), (3, 16), (3, 4), (4, 17), (4, 15), (15, 16), (15, 17), (16, 17)])
([2058], [2, 3, 4, 15, 16, 17], [(2, 2), (2, 3), (3, 4), (3, 15), (4, 16), (4, 17), (15, 16), (15, 17), (16, 17)])
([2059], [2, 3, 4, 15, 16, 17], [(2, 2), (2, 3), (3, 4), (3, 15), (4, 16), (4, 17), (15, 16), (15, 17), (16, 17)])
([2072], [3, 4, 5, 15, 16, 17], [(3, 3), (3, 4), (4, 5), (4, 15), (5, 16), (5, 17), (15, 16), (15, 17), (16, 17)])
([2073], [3, 4, 5, 15, 16, 17], [(3, 3), (3, 4), (4, 5), (4, 15), (5, 16), (5, 17), (15, 16), (15, 17), (16, 17)])
([2074], [2, 3, 4, 15, 16, 17], [(2, 2), (2, 3), (3, 4), (3, 15), (4, 16), (4, 17), (15, 16), (15, 17), (16, 17)])
([2100], [2, 3, 4, 15, 16, 17], [(2, 2), (2, 3), (3, 4), (3, 15), (4, 16), (4, 17), (15, 16), (15, 17), (16, 17)])
([2103], [2, 3, 4, 15, 16, 17], [(2, 2), (2, 3), (3, 16), (3, 4), (4, 17), (4, 15), (15, 16), (15, 17), (16, 17)])
([2111], [5, 6, 7, 15, 16, 17], [(5, 5), (5, 6), (6, 15), (6, 7), (7, 16), (7, 17), (15, 16), (15, 17), (16, 17)])
([2112], [3, 4, 5, 15, 16, 17], [(3, 3), (3, 4), (4, 17), (4, 5), (5, 16), (5, 15), (15, 16), (15, 17), (16, 17)])
([2121], [3, 4, 5, 15, 16, 17], [(3, 3), (3, 4), (4, 5), (4, 15), (5, 16), (5, 17), (15, 16), (15, 17), (16, 17)])
([2130], [3, 4, 5, 15, 16, 17], [(3, 3), (3, 4), (4, 16), (4, 5), (5, 17), (5, 15), (15, 16), (15, 17), (16, 17)])
([2177], [3, 4, 5, 15, 16, 17], [(3, 3), (3, 4), (4, 5), (4, 15), (5, 16), (5, 17), (15, 16), (15, 17), (16, 17)])
([2178], [5, 6, 7, 15, 16, 17], [(5, 5), (5, 6), (6, 15), (6, 7), (7, 16), (7, 17), (15, 16), (15, 17), (16, 17)])
([2186], [2, 3, 4, 15, 16, 17], [(2, 2), (2, 3), (3, 4), (3, 15), (4, 16), (4, 17), (15, 16), (15, 17), (16, 17)])
([2187], [2, 3, 4, 15, 16, 17], [(2, 2), (2, 3), (3, 17), (3, 4), (4, 16), (4, 15), (15, 16), (15, 17), (16, 17)])
([2206], [3, 4, 5, 15, 16, 17], [(3, 3), (3, 4), (4, 5), (4, 15), (5, 16), (5, 17), (15, 16), (15, 17), (16, 17)])
([2242], [3, 4, 5, 15, 16, 17], [(3, 3), (3, 4), (4, 5), (4, 15), (5, 16), (5, 17), (15, 16), (15, 17), (16, 17)])
([2257], [3, 4, 5, 15, 16, 17], [(3, 3), (3, 4), (4, 5), (4, 15), (5, 16), (5, 17), (15, 16), (15, 17), (16, 17)])
([2259], [5, 6, 7, 15, 16, 17], [(5, 5), (5, 6), (6, 15), (6, 7), (7, 16), (7, 17), (15, 16), (15, 17), (16, 17)])
([2260], [5, 6, 7, 15, 16, 17], [(5, 5), (5, 6), (6, 15), (6, 7), (7, 16), (7, 17), (15, 16), (15, 17), (16, 17)])
([2279], [2, 3, 4, 15, 16, 17], [(2, 2), (2, 3), (3, 16), (3, 4), (4, 17), (4, 15), (15, 16), (15, 17), (16, 17)])
([2290], [3, 4, 5, 15, 16, 17], [(3, 3), (3, 4), (4, 5), (4, 15), (5, 16), (5, 17), (15, 16), (15, 17), (16, 17)])
([2293], [3, 4, 5, 15, 16, 17], [(3, 3), (3, 4), (4, 5), (4, 15), (5, 16), (5, 17), (15, 16), (15, 17), (16, 17)])
([2317], [2, 3, 4, 15, 16, 17], [(2, 2), (2, 3), (3, 4), (3, 15), (4, 16), (4, 17), (15, 16), (15, 17), (16, 17)])
([2333], [3, 4, 5, 15, 16, 17], [(3, 3), (3, 4), (4, 16), (4, 5), (5, 17), (5, 15), (15, 16), (15, 17), (16, 17)])
([2334], [2, 3, 4, 15, 16, 17], [(2, 2), (2, 3), (3, 16), (3, 4), (4, 17), (4, 15), (15, 16), (15, 17), (16, 17)])
([2350], [5, 6, 7, 15, 16, 17], [(5, 5), (5, 6), (6, 16), (6, 7), (7, 17), (7, 15), (15, 16), (15, 17), (16, 17)])
([2351], [3, 4, 5, 15, 16, 17], [(3, 3), (3, 4), (4, 5), (4, 15), (5, 16), (5, 17), (15, 16), (15, 17), (16, 17)])
([2387], [2, 3, 4, 15, 16, 17], [(2, 2), (2, 3), (3, 16), (3, 4), (4, 17), (4, 15), (15, 16), (15, 17), (16, 17)])
([2401], [2, 3, 4, 15, 16, 17], [(2, 2), (2, 3), (3, 4), (3, 15), (4, 16), (4, 17), (15, 16), (15, 17), (16, 17)])
([2412], [2, 3, 4, 15, 16, 17], [(2, 2), (2, 3), (3, 4), (3, 15), (4, 16), (4, 17), (15, 16), (15, 17), (16, 17)])
([2418], [2, 3, 4, 15, 16, 17], [(2, 2), (2, 3), (3, 4), (3, 15), (4, 16), (4, 17), (15, 16), (15, 17), (16, 17)])
([2419], [3, 4, 5, 15, 16, 17], [(3, 3), (3, 4), (4, 5), (4, 15), (5, 16), (5, 17), (15, 16), (15, 17), (16, 17)])
([2424], [2, 3, 4, 15, 16, 17], [(2, 2), (2, 3), (3, 4), (3, 15), (4, 16), (4, 17), (15, 16), (15, 17), (16, 17)])
([2464], [3, 4, 5, 15, 16, 17], [(3, 3), (3, 4), (4, 5), (4, 15), (5, 16), (5, 17), (15, 16), (15, 17), (16, 17)])
([2490], [2, 3, 4, 15, 16, 17], [(2, 2), (2, 3), (3, 4), (3, 15), (4, 16), (4, 17), (15, 16), (15, 17), (16, 17)])
([2492], [3, 4, 5, 15, 16, 17], [(3, 3), (3, 4), (4, 5), (4, 15), (5, 16), (5, 17), (15, 16), (15, 17), (16, 17)])
([2493], [3, 4, 5, 15, 16, 17], [(3, 3), (3, 4), (4, 5), (4, 15), (5, 16), (5, 17), (15, 16), (15, 17), (16, 17)])
([2494], [2, 3, 4, 15, 16, 17], [(2, 2), (2, 3), (3, 4), (3, 15), (4, 16), (4, 17), (15, 16), (15, 17), (16, 17)])
([2504], [2, 3, 4, 15, 16, 17], [(2, 2), (2, 3), (3, 16), (3, 4), (4, 17), (4, 15), (15, 16), (15, 17), (16, 17)])
([2505], [2, 3, 4, 15, 16, 17], [(2, 2), (2, 3), (3, 16), (3, 4), (4, 17), (4, 15), (15, 16), (15, 17), (16, 17)])
([2520], [2, 3, 4, 15, 16, 17], [(2, 2), (2, 3), (3, 4), (3, 15), (4, 16), (4, 17), (15, 16), (15, 17), (16, 17)])
([2522], [2, 3, 4, 15, 16, 17], [(2, 2), (2, 3), (3, 4), (3, 15), (4, 16), (4, 17), (15, 16), (15, 17), (16, 17)])
([2549], [3, 4, 5, 15, 16, 17], [(3, 3), (3, 4), (4, 5), (4, 15), (5, 16), (5, 17), (15, 16), (15, 17), (16, 17)])
([2553], [2, 3, 4, 15, 16, 17], [(2, 2), (2, 3), (3, 16), (3, 4), (4, 17), (4, 15), (15, 16), (15, 17), (16, 17)])
([2588], [3, 4, 5, 15, 16, 17], [(3, 3), (3, 4), (4, 5), (4, 15), (5, 16), (5, 17), (15, 16), (15, 17), (16, 17)])
([2589], [3, 4, 5, 15, 16, 17], [(3, 3), (3, 4), (4, 16), (4, 5), (5, 17), (5, 15), (15, 16), (15, 17), (16, 17)])
([2590], [3, 4, 5, 15, 16, 17], [(3, 3), (3, 4), (4, 16), (4, 5), (5, 17), (5, 15), (15, 16), (15, 17), (16, 17)])
([2643], [2, 3, 4, 15, 16, 17], [(2, 2), (2, 3), (3, 4), (3, 15), (4, 16), (4, 17), (15, 16), (15, 17), (16, 17)])
([2644], [2, 3, 4, 15, 16, 17], [(2, 2), (2, 3), (3, 4), (3, 15), (4, 16), (4, 17), (15, 16), (15, 17), (16, 17)])
([2688], [2, 3, 4, 15, 16, 17], [(2, 2), (2, 3), (3, 4), (3, 15), (4, 16), (4, 17), (15, 16), (15, 17), (16, 17)])
([2754], [3, 4, 5, 15, 16, 17], [(3, 3), (3, 4), (4, 5), (4, 15), (5, 16), (5, 17), (15, 16), (15, 17), (16, 17)])
([2755], [3, 4, 5, 15, 16, 17], [(3, 3), (3, 4), (4, 17), (4, 5), (5, 16), (5, 15), (15, 16), (15, 17), (16, 17)])
([2779], [2, 3, 4, 15, 16, 17], [(2, 2), (2, 3), (3, 17), (3, 4), (4, 16), (4, 15), (15, 16), (15, 17), (16, 17)])
([2874], [5, 6, 7, 15, 16, 17], [(5, 5), (5, 6), (6, 15), (6, 7), (7, 16), (7, 17), (15, 16), (15, 17), (16, 17)])
([2875], [3, 4, 5, 15, 16, 17], [(3, 3), (3, 4), (4, 5), (4, 15), (5, 16), (5, 17), (15, 16), (15, 17), (16, 17)])
([2876], [5, 6, 7, 15, 16, 17], [(5, 5), (5, 6), (6, 15), (6, 7), (7, 16), (7, 17), (15, 16), (15, 17), (16, 17)])
([2912], [3, 4, 5, 15, 16, 17], [(3, 3), (3, 4), (4, 5), (4, 15), (5, 16), (5, 17), (15, 16), (15, 17), (16, 17)])
([2914], [5, 6, 7, 15, 16, 17], [(5, 5), (5, 6), (6, 15), (6, 7), (7, 16), (7, 17), (15, 16), (15, 17), (16, 17)])
([2934], [5, 6, 7, 15, 16, 17], [(5, 5), (5, 6), (6, 16), (6, 7), (7, 17), (7, 15), (15, 16), (15, 17), (16, 17)])
([2935], [5, 6, 7, 15, 16, 17], [(5, 5), (5, 6), (6, 15), (6, 7), (7, 16), (7, 17), (15, 16), (15, 17), (16, 17)])
([2936], [5, 6, 7, 15, 16, 17], [(5, 5), (5, 6), (6, 17), (6, 7), (7, 16), (7, 15), (15, 16), (15, 17), (16, 17)])
([2937], [3, 4, 5, 15, 16, 17], [(3, 3), (3, 4), (4, 16), (4, 5), (5, 15), (5, 17), (15, 16), (15, 17), (16, 17)])
([2954], [2, 3, 4, 15, 16, 17], [(2, 2), (2, 3), (3, 4), (3, 15), (4, 16), (4, 17), (15, 16), (15, 17), (16, 17)])
([2960], [3, 4, 5, 15, 16, 17], [(3, 3), (3, 4), (4, 5), (4, 15), (5, 16), (5, 17), (15, 16), (15, 17), (16, 17)])
([3033], [2, 3, 4, 15, 16, 17], [(2, 2), (2, 3), (3, 4), (3, 15), (4, 16), (4, 17), (15, 16), (15, 17), (16, 17)])
([3057], [3, 4, 5, 15, 16, 17], [(3, 3), (3, 4), (4, 5), (4, 15), (5, 16), (5, 17), (15, 16), (15, 17), (16, 17)])
([3058], [3, 4, 5, 15, 16, 17], [(3, 3), (3, 4), (4, 5), (4, 15), (5, 16), (5, 17), (15, 16), (15, 17), (16, 17)])
([3069], [2, 3, 4, 15, 16, 17], [(2, 2), (2, 3), (3, 4), (3, 15), (4, 16), (4, 17), (15, 16), (15, 17), (16, 17)])
([3112], [2, 3, 4, 15, 16, 17], [(2, 2), (2, 3), (3, 16), (3, 4), (4, 17), (4, 15), (15, 16), (15, 17), (16, 17)])
([3137], [3, 4, 5, 15, 16, 17], [(3, 3), (3, 4), (4, 16), (4, 5), (5, 17), (5, 15), (15, 16), (15, 17), (16, 17)])
([3142], [2, 3, 4, 15, 16, 17], [(2, 2), (2, 3), (3, 4), (3, 15), (4, 16), (4, 17), (15, 16), (15, 17), (16, 17)])
([3145], [2, 3, 4, 15, 16, 17], [(2, 2), (2, 3), (3, 4), (3, 15), (4, 16), (4, 17), (15, 16), (15, 17), (16, 17)])
([3146], [2, 3, 4, 15, 16, 17], [(2, 2), (2, 3), (3, 17), (3, 4), (4, 16), (4, 15), (15, 16), (15, 17), (16, 17)])
([3169], [2, 3, 4, 15, 16, 17], [(2, 2), (2, 3), (3, 4), (3, 15), (4, 16), (4, 17), (15, 16), (15, 17), (16, 17)])
([3170], [2, 3, 4, 15, 16, 17], [(2, 2), (2, 3), (3, 4), (3, 15), (4, 16), (4, 17), (15, 16), (15, 17), (16, 17)])
([3235], [2, 3, 4, 15, 16, 17], [(2, 2), (2, 3), (3, 4), (3, 15), (4, 16), (4, 17), (15, 16), (15, 17), (16, 17)])
([3240], [3, 4, 5, 15, 16, 17], [(3, 3), (3, 4), (4, 5), (4, 15), (5, 16), (5, 17), (15, 16), (15, 17), (16, 17)])
([3266], [2, 3, 4, 15, 16, 17], [(2, 2), (2, 3), (3, 16), (3, 4), (4, 17), (4, 15), (15, 16), (15, 17), (16, 17)])
([3272], [3, 4, 5, 15, 16, 17], [(3, 3), (3, 4), (4, 17), (4, 5), (5, 16), (5, 15), (15, 16), (15, 17), (16, 17)])
([3278], [2, 3, 4, 15, 16, 17], [(2, 2), (2, 3), (3, 16), (3, 4), (4, 17), (4, 15), (15, 16), (15, 17), (16, 17)])
([3301], [2, 3, 4, 15, 16, 17], [(2, 2), (2, 3), (3, 4), (3, 15), (4, 16), (4, 17), (15, 16), (15, 17), (16, 17)])
([3302], [2, 3, 4, 15, 16, 17], [(2, 2), (2, 3), (3, 4), (3, 15), (4, 16), (4, 17), (15, 16), (15, 17), (16, 17)])
([3305], [2, 3, 4, 15, 16, 17], [(2, 2), (2, 3), (3, 4), (3, 15), (4, 16), (4, 17), (15, 16), (15, 17), (16, 17)])
([3308], [2, 3, 4, 15, 16, 17], [(2, 2), (2, 3), (3, 4), (3, 15), (4, 16), (4, 17), (15, 16), (15, 17), (16, 17)])
([3312], [2, 3, 4, 15, 16, 17], [(2, 2), (2, 3), (3, 4), (3, 15), (4, 16), (4, 17), (15, 16), (15, 17), (16, 17)])
([3377], [11, 12, 13, 15, 16, 17], [(11, 16), (11, 12), (11, 17), (12, 13), (12, 15), (13, 13), (15, 16), (15, 17), (16, 17)])
([3379], [2, 3, 4, 15, 16, 17], [(2, 2), (2, 3), (3, 4), (3, 15), (4, 16), (4, 17), (15, 16), (15, 17), (16, 17)])
([3380], [2, 3, 4, 15, 16, 17], [(2, 2), (2, 3), (3, 4), (3, 15), (4, 16), (4, 17), (15, 16), (15, 17), (16, 17)])
([3398], [3, 4, 5, 15, 16, 17], [(3, 3), (3, 4), (4, 16), (4, 5), (5, 17), (5, 15), (15, 16), (15, 17), (16, 17)])
([3400], [3, 4, 5, 15, 16, 17], [(3, 3), (3, 4), (4, 5), (4, 15), (5, 16), (5, 17), (15, 16), (15, 17), (16, 17)])
([3401], [3, 4, 5, 15, 16, 17], [(3, 3), (3, 4), (4, 17), (4, 5), (5, 16), (5, 15), (15, 16), (15, 17), (16, 17)])
([3440], [3, 4, 5, 15, 16, 17], [(3, 3), (3, 4), (4, 5), (4, 15), (5, 16), (5, 17), (15, 16), (15, 17), (16, 17)])
([3441], [3, 4, 5, 15, 16, 17], [(3, 3), (3, 4), (4, 5), (4, 15), (5, 16), (5, 17), (15, 16), (15, 17), (16, 17)])
([3443], [5, 6, 7, 15, 16, 17], [(5, 5), (5, 6), (6, 15), (6, 7), (7, 16), (7, 17), (15, 16), (15, 17), (16, 17)])
([3458], [2, 3, 4, 15, 16, 17], [(2, 2), (2, 3), (3, 4), (3, 15), (4, 16), (4, 17), (15, 16), (15, 17), (16, 17)])
([3505], [2, 3, 4, 15, 16, 17], [(2, 2), (2, 3), (3, 17), (3, 4), (4, 16), (4, 15), (15, 16), (15, 17), (16, 17)])
([3507], [2, 3, 4, 15, 16, 17], [(2, 2), (2, 3), (3, 16), (3, 4), (4, 17), (4, 15), (15, 16), (15, 17), (16, 17)])
([3529], [3, 4, 5, 15, 16, 17], [(3, 3), (3, 4), (4, 5), (4, 15), (5, 16), (5, 17), (15, 16), (15, 17), (16, 17)])
([3530], [3, 4, 5, 15, 16, 17], [(3, 3), (3, 4), (4, 5), (4, 15), (5, 16), (5, 17), (15, 16), (15, 17), (16, 17)])
([3604], [3, 4, 5, 15, 16, 17], [(3, 3), (3, 4), (4, 5), (4, 15), (5, 16), (5, 17), (15, 16), (15, 17), (16, 17)])
([3605], [3, 4, 5, 15, 16, 17], [(3, 3), (3, 4), (4, 5), (4, 15), (5, 16), (5, 17), (15, 16), (15, 17), (16, 17)])
([3674], [5, 6, 7, 15, 16, 17], [(5, 5), (5, 6), (6, 15), (6, 7), (7, 16), (7, 17), (15, 16), (15, 17), (16, 17)])
([3675], [3, 4, 5, 15, 16, 17], [(3, 3), (3, 4), (4, 5), (4, 15), (5, 16), (5, 17), (15, 16), (15, 17), (16, 17)])
([3773], [2, 3, 4, 15, 16, 17], [(2, 2), (2, 3), (3, 4), (3, 15), (4, 16), (4, 17), (15, 16), (15, 17), (16, 17)])
([3796], [2, 3, 4, 15, 16, 17], [(2, 2), (2, 3), (3, 4), (3, 15), (4, 16), (4, 17), (15, 16), (15, 17), (16, 17)])
([3934], [2, 3, 4, 15, 16, 17], [(2, 2), (2, 3), (3, 16), (3, 4), (4, 17), (4, 15), (15, 16), (15, 17), (16, 17)])
([3990], [2, 3, 4, 15, 16, 17], [(2, 2), (2, 3), (3, 4), (3, 15), (4, 16), (4, 17), (15, 16), (15, 17), (16, 17)])
([4125], [2, 3, 4, 15, 16, 17], [(2, 2), (2, 3), (3, 4), (3, 15), (4, 16), (4, 17), (15, 16), (15, 17), (16, 17)])
([4140], [2, 3, 4, 15, 16, 17], [(2, 2), (2, 3), (3, 4), (3, 15), (4, 16), (4, 17), (15, 16), (15, 17), (16, 17)])
([4199], [3, 4, 5, 15, 16, 17], [(3, 3), (3, 4), (4, 17), (4, 5), (5, 16), (5, 15), (15, 16), (15, 17), (16, 17)])
([4200], [2, 3, 4, 15, 16, 17], [(2, 2), (2, 3), (3, 17), (3, 4), (4, 16), (4, 15), (15, 16), (15, 17), (16, 17)])
([4218], [2, 3, 4, 15, 16, 17], [(2, 2), (2, 3), (3, 4), (3, 15), (4, 16), (4, 17), (15, 16), (15, 17), (16, 17)])
([4225], [2, 3, 4, 15, 16, 17], [(2, 2), (2, 3), (3, 16), (3, 4), (4, 17), (4, 15), (15, 16), (15, 17), (16, 17)])
([4233], [2, 3, 4, 15, 16, 17], [(2, 2), (2, 3), (3, 4), (3, 15), (4, 16), (4, 17), (15, 16), (15, 17), (16, 17)])
([4235], [2, 3, 4, 15, 16, 17], [(2, 2), (2, 3), (3, 4), (3, 15), (4, 16), (4, 17), (15, 16), (15, 17), (16, 17)])
([4249], [3, 4, 5, 15, 16, 17], [(3, 3), (3, 4), (4, 16), (4, 5), (5, 17), (5, 15), (15, 16), (15, 17), (16, 17)])
([4263], [2, 3, 4, 15, 16, 17], [(2, 2), (2, 3), (3, 16), (3, 4), (4, 17), (4, 15), (15, 16), (15, 17), (16, 17)])
([4264], [5, 6, 7, 15, 16, 17], [(5, 5), (5, 6), (6, 17), (6, 7), (7, 16), (7, 15), (15, 16), (15, 17), (16, 17)])
([4278], [3, 4, 5, 15, 16, 17], [(3, 3), (3, 4), (4, 5), (4, 15), (5, 16), (5, 17), (15, 16), (15, 17), (16, 17)])
([4279], [2, 3, 4, 15, 16, 17], [(2, 2), (2, 3), (3, 16), (3, 4), (4, 17), (4, 15), (15, 16), (15, 17), (16, 17)])
([4280], [3, 4, 5, 15, 16, 17], [(3, 3), (3, 4), (4, 17), (4, 5), (5, 16), (5, 15), (15, 16), (15, 17), (16, 17)])
([4282], [2, 3, 4, 15, 16, 17], [(2, 2), (2, 3), (3, 16), (3, 4), (4, 17), (4, 15), (15, 16), (15, 17), (16, 17)])
([4349], [2, 3, 4, 15, 16, 17], [(2, 2), (2, 3), (3, 4), (3, 15), (4, 16), (4, 17), (15, 16), (15, 17), (16, 17)])
([4552], [2, 3, 4, 15, 16, 17], [(2, 2), (2, 3), (3, 4), (3, 15), (4, 16), (4, 17), (15, 16), (15, 17), (16, 17)])
([4568], [9, 10, 11, 15, 16, 17], [(9, 16), (9, 17), (9, 10), (10, 11), (10, 15), (11, 11), (15, 16), (15, 17), (16, 17)])
([5075], [3, 4, 5, 15, 16, 17], [(3, 3), (3, 4), (4, 17), (4, 5), (5, 16), (5, 15), (15, 16), (15, 17), (16, 17)])
([5076], [5, 6, 7, 15, 16, 17], [(5, 5), (5, 6), (6, 15), (6, 7), (7, 16), (7, 17), (15, 16), (15, 17), (16, 17)])
([5085], [2, 3, 4, 15, 16, 17], [(2, 2), (2, 3), (3, 17), (3, 4), (4, 16), (4, 15), (15, 16), (15, 17), (16, 17)])
([5086], [3, 4, 5, 15, 16, 17], [(3, 3), (3, 4), (4, 5), (4, 15), (5, 16), (5, 17), (15, 16), (15, 17), (16, 17)])
([5087], [2, 3, 4, 15, 16, 17], [(2, 2), (2, 3), (3, 17), (3, 4), (4, 16), (4, 15), (15, 16), (15, 17), (16, 17)])
([5105], [2, 3, 4, 15, 16, 17], [(2, 2), (2, 3), (3, 4), (3, 15), (4, 16), (4, 17), (15, 16), (15, 17), (16, 17)])
([5138], [3, 4, 5, 15, 16, 17], [(3, 3), (3, 4), (4, 5), (4, 15), (5, 16), (5, 17), (15, 16), (15, 17), (16, 17)])
([5169], [2, 3, 4, 15, 16, 17], [(2, 2), (2, 3), (3, 4), (3, 15), (4, 16), (4, 17), (15, 16), (15, 17), (16, 17)])
([5201], [2, 3, 4, 15, 16, 17], [(2, 2), (2, 3), (3, 4), (3, 15), (4, 16), (4, 17), (15, 16), (15, 17), (16, 17)])
([5221], [2, 3, 4, 15, 16, 17], [(2, 2), (2, 3), (3, 4), (3, 15), (4, 16), (4, 17), (15, 16), (15, 17), (16, 17)])
([5226], [3, 4, 5, 15, 16, 17], [(3, 3), (3, 4), (4, 5), (4, 15), (5, 16), (5, 17), (15, 16), (15, 17), (16, 17)])
([5242], [2, 3, 4, 15, 16, 17], [(2, 2), (2, 3), (3, 4), (3, 15), (4, 16), (4, 17), (15, 16), (15, 17), (16, 17)])
([5470], [2, 3, 4, 15, 16, 17], [(2, 2), (2, 3), (3, 4), (3, 15), (4, 16), (4, 17), (15, 16), (15, 17), (16, 17)])
([5472], [2, 3, 4, 15, 16, 17], [(2, 2), (2, 3), (3, 4), (3, 15), (4, 16), (4, 17), (15, 16), (15, 17), (16, 17)])
([5550], [3, 4, 5, 15, 16, 17], [(3, 3), (3, 4), (4, 5), (4, 15), (5, 16), (5, 17), (15, 16), (15, 17), (16, 17)])
([5658], [2, 3, 4, 15, 16, 17], [(2, 2), (2, 3), (3, 17), (3, 4), (4, 16), (4, 15), (15, 16), (15, 17), (16, 17)])
([5679], [2, 3, 4, 15, 16, 17], [(2, 2), (2, 3), (3, 17), (3, 4), (4, 16), (4, 15), (15, 16), (15, 17), (16, 17)])
([5680], [2, 3, 4, 15, 16, 17], [(2, 2), (2, 3), (3, 4), (3, 15), (4, 16), (4, 17), (15, 16), (15, 17), (16, 17)])
([5705], [3, 4, 5, 15, 16, 17], [(3, 3), (3, 4), (4, 5), (4, 15), (5, 16), (5, 17), (15, 16), (15, 17), (16, 17)])
([5711], [2, 3, 4, 15, 16, 17], [(2, 2), (2, 3), (3, 4), (3, 15), (4, 16), (4, 17), (15, 16), (15, 17), (16, 17)])
([5806], [2, 3, 4, 15, 16, 17], [(2, 2), (2, 3), (3, 4), (3, 15), (4, 16), (4, 17), (15, 16), (15, 17), (16, 17)])
([5808], [2, 3, 4, 15, 16, 17], [(2, 2), (2, 3), (3, 4), (3, 15), (4, 16), (4, 17), (15, 16), (15, 17), (16, 17)])
