11
31
37
39
40
41
74
80
85
89
96
97
99
111
112
113
114
124
171
172
173
174
175
176
177
178
186
191
193
201
203
206
219
252
254
259
311
312
313
315
323
328
365
366
368
369
370
371
407
419
434
435
504
510
512
539
540
598
599
601
629
648
709
710
711
712
714
715
716
718
723
728
734
735
782
783
822
855
897
997
1015
1099
1100
1102
1228
1278
1403
1404
1405
1417
1493
1520
1522
1541
1542
1555
1563
1564
1577
1578
1707
1884
1950
1951
1952
2102
2118
2129
2181
2268
2278
2338
2396
2397
2415
2462
2463
2487
2552
2681
2682
2834
2945
3005
3399
3511
3512
3514
5118
5198
