100
239
247
269
278
289
290
318
332
343
372
374
375
376
377
378
379
380
397
428
463
468
478
485
486
487
488
489
516
517
518
519
523
524
527
528
550
554
562
566
567
568
569
570
571
573
608
618
619
620
621
622
623
624
625
641
650
651
652
653
654
660
661
662
663
664
665
666
667
673
675
676
677
683
689
697
744
757
758
759
760
767
774
787
802
803
804
829
830
831
832
833
856
857
858
867
868
875
876
877
899
900
901
903
908
909
910
915
916
936
937
939
940
941
942
947
950
958
973
975
979
980
1002
1005
1029
1030
1032
1033
1034
1035
1036
1037
1055
1075
1076
1089
1092
1093
1094
1095
1096
1103
1104
1105
1106
1118
1119
1120
1121
1122
1123
1124
1125
1126
1134
1135
1136
1137
1138
1146
1147
1151
1153
1154
1155
1156
1157
1158
1159
1160
1161
1162
1163
1179
1180
1182
1183
1184
1191
1199
1207
1240
1243
1244
1245
1246
1251
1252
1253
1254
1255
1256
1257
1258
1259
1262
1269
1280
1281
1282
1284
1285
1286
1287
1288
1289
1290
1291
1292
1293
1299
1300
1301
1303
1304
1305
1306
1307
1308
1309
1310
1311
1336
1337
1338
1340
1341
1356
1359
1365
1370
1375
1376
1396
1398
1406
1423
1424
1425
1426
1427
1428
1429
1430
1431
1432
1461
1462
1469
1474
1475
1478
1486
1487
1488
1489
1490
1502
1503
1504
1505
1506
1507
1510
1523
1532
1534
1543
1544
1548
1550
1551
1558
1559
1560
1561
1566
1569
1571
1572
1573
1576
1581
1582
1583
1584
1587
1588
1591
1592
1594
1606
1611
1619
1623
1637
1641
1643
1644
1645
1646
1647
1648
1649
1650
1652
1670
1676
1678
1688
1691
1696
1699
1700
1701
1702
1704
1712
1714
1715
1716
1717
1718
1719
1720
1721
1722
1723
1725
1726
1730
1731
1732
1733
1734
1735
1736
1743
1744
1745
1746
1747
1748
1749
1751
1752
1753
1758
1770
1771
1772
1773
1774
1775
1776
1777
1778
1780
1832
1833
1834
1835
1836
1837
1838
1847
1848
1850
1851
1852
1853
1854
1855
1856
1857
1858
1860
1861
1862
1863
1871
1872
1873
1874
1875
1879
1887
1888
1908
1909
1910
1911
1912
1917
1918
1919
1920
1921
1929
1930
1931
1932
1933
1934
1935
1942
1948
1955
1956
1964
1971
1972
1973
1974
1975
1977
1978
1979
1981
1985
1990
1993
1994
2002
2003
2004
2005
2006
2008
2009
2010
2011
2012
2013
2014
2025
2026
2027
2051
2067
2068
2069
2076
2080
2081
2082
2083
2086
2087
2088
2090
2091
2092
2093
2094
2095
2096
2097
2101
2104
2114
2115
2116
2123
2132
2133
2134
2135
2138
2147
2148
2149
2150
2151
2152
2153
2154
2155
2157
2160
2166
2167
2171
2175
2182
2183
2184
2185
2188
2189
2190
2201
2202
2220
2231
2232
2233
2236
2251
2252
2253
2254
2255
2256
2261
2262
2272
2273
2275
2276
2287
2288
2295
2300
2307
2308
2309
2310
2311
2314
2315
2316
2323
2327
2328
2335
2347
2353
2354
2360
2367
2368
2371
2373
2374
2375
2376
2382
2383
2384
2388
2389
2394
2402
2403
2406
2407
2409
2410
2414
2420
2421
2422
2427
2428
2429
2430
2450
2458
2466
2467
2468
2469
2470
2471
2472
2480
2481
2482
2483
2485
2486
2495
2496
2497
2498
2507
2508
2509
2510
2511
2512
2513
2514
2515
2523
2524
2525
2527
2528
2529
2530
2531
2532
2533
2534
2536
2537
2538
2539
2540
2541
2543
2545
2546
2554
2571
2578
2581
2582
2583
2584
2597
2603
2605
2606
2629
2649
2660
2661
2662
2663
2664
2665
2667
2671
2677
2693
2694
2695
2697
2698
2700
2701
2706
2717
2718
2719
2720
2724
2726
2727
2728
2729
2730
2731
2734
2737
2760
2761
2762
2763
2767
2768
2769
2770
2771
2775
2776
2777
2778
2781
2786
2787
2788
2791
2792
2793
2794
2795
2796
2798
2799
2801
2804
2805
2806
2814
2815
2816
2818
2819
2821
2822
2823
2826
2827
2835
2840
2847
2850
2851
2852
2859
2860
2861
2865
2866
2870
2872
2873
2877
2878
2879
2880
2881
2883
2884
2885
2886
2887
2888
2896
2897
2898
2901
2908
2909
2921
2922
2923
2924
2925
2926
2927
2928
2929
2930
2931
2932
2933
2939
2940
2941
2949
2950
2952
2955
2956
2957
2958
2963
2968
2970
2972
2974
2975
2998
2999
3000
3006
3007
3008
3010
3014
3015
3016
3017
3018
3020
3021
3022
3023
3024
3026
3028
3030
3035
3037
3038
3039
3044
3047
3049
3050
3055
3059
3060
3067
3073
3079
3091
3092
3098
3099
3100
3101
3102
3109
3110
3113
3114
3115
3116
3117
3118
3119
3120
3121
3123
3124
3127
3130
3139
3140
3153
3161
3162
3163
3164
3166
3168
3177
3181
3187
3188
3189
3190
3191
3192
3193
3197
3199
3200
3201
3202
3204
3209
3213
3214
3215
3216
3217
3220
3221
3222
3228
3229
3230
3231
3232
3239
3245
3247
3248
3250
3253
3254
3255
3256
3258
3259
3263
3265
3267
3269
3270
3271
3275
3280
3281
3282
3283
3284
3287
3289
3292
3294
3296
3297
3298
3303
3304
3307
3314
3323
3338
3342
3343
3344
3345
3346
3351
3352
3353
3354
3357
3361
3362
3363
3364
3365
3367
3381
3382
3383
3384
3385
3386
3388
3389
3390
3391
3392
3393
3403
3404
3405
3406
3407
3408
3409
3410
3411
3414
3421
3423
3424
3425
3426
3429
3432
3433
3434
3435
3438
3439
3448
3449
3450
3451
3452
3453
3454
3455
3468
3470
3472
3473
3474
3476
3477
3479
3483
3484
3485
3486
3487
3489
3490
3491
3492
3493
3494
3495
3496
3497
3498
3499
3501
3502
3516
3519
3520
3531
3532
3533
3534
3535
3536
3540
3544
3545
3546
3547
3548
3550
3551
3552
3553
3562
3563
3565
3566
3567
3568
3569
3584
3590
3606
3607
3608
3609
3611
3612
3613
3617
3619
3633
3635
3637
3641
3648
3652
3653
3654
3655
3656
3657
3669
3671
3672
3673
3681
3685
3689
3690
3691
3692
3693
3694
3703
3704
3705
3706
3715
3721
3722
3726
3728
3729
3730
3731
3732
3733
3735
3736
3737
3739
3744
3752
3754
3755
3761
3762
3763
3767
3771
3772
3778
3779
3780
3781
3782
3783
3785
3786
3787
3788
3789
3790
3791
3795
3800
3802
3803
3804
3805
3806
3807
3808
3810
3814
3815
3819
3821
3822
3823
3828
3829
3830
3837
3838
3839
3840
3841
3842
3843
3844
3845
3846
3847
3849
3850
3851
3852
3853
3854
3855
3860
3861
3866
3867
3868
3869
3885
3889
3897
3898
3900
3901
3902
3905
3906
3907
3908
3919
3925
3929
3936
3937
3938
3940
3946
3953
3954
3961
3962
3963
3968
3986
3993
3994
3996
3997
3998
3999
4000
4009
4010
4011
4013
4017
4018
4019
4021
4027
4028
4029
4032
4035
4039
4040
4041
4051
4052
4054
4057
4060
4061
4062
4063
4064
4070
4073
4074
4075
4076
4077
4078
4081
4083
4084
4085
4089
4090
4094
4095
4096
4097
4098
4099
4100
4103
4114
4115
4116
4117
4118
4120
4121
4122
4123
4134
4141
4142
4143
4144
4146
4147
4152
4158
4159
4160
4161
4162
4169
4170
4171
4172
4173
4174
4177
4178
4181
4183
4186
4187
4193
4195
4201
4206
4209
4210
4211
4213
4215
4220
4221
4224
4227
4231
4232
4236
4237
4241
4243
4244
4245
4246
4251
4255
4256
4258
4266
4272
4273
4274
4275
4276
4277
4283
4284
4285
4287
4289
4290
4291
4292
4293
4295
4296
4297
4298
4299
4300
4301
4302
4303
4304
4305
4306
4307
4308
4310
4320
4332
4341
4342
4343
4344
4345
4346
4347
4356
4357
4358
4359
4360
4361
4362
4363
4364
4365
4381
4387
4388
4389
4390
4402
4403
4417
4418
4419
4420
4422
4424
4425
4426
4428
4430
4431
4432
4434
4435
4437
4438
4440
4441
4442
4443
4444
4446
4447
4448
4449
4450
4451
4452
4453
4454
4455
4456
4457
4459
4460
4461
4462
4463
4464
4465
4466
4467
4468
4469
4470
4489
4491
4492
4493
4497
4498
4499
4500
4506
4507
4508
4509
4510
4511
4512
4513
4514
4520
4521
4522
4553
4554
4560
4561
4562
4563
4565
4569
4570
4576
4582
4600
4602
4622
4627
4635
4637
4639
4645
4652
4653
4654
4655
4657
4658
4667
4668
4669
4670
4671
4672
4677
4678
4683
4686
4694
4695
4696
4700
4702
4703
4704
4705
4706
4707
4709
4710
4711
4714
4715
4716
4725
4726
4727
4728
4729
4732
4733
4735
4736
4737
4740
4741
4742
4745
4746
4747
4748
4749
4750
4751
4752
4753
4754
4755
4757
4758
4762
4763
4764
4769
4770
4771
4772
4774
4779
4780
4782
4783
4786
4790
4797
4799
4805
4806
4807
4808
4814
4816
4817
4818
4819
4820
4821
4822
4824
4825
4826
4827
4831
4832
4833
4834
4835
4836
4839
4843
4845
4846
4856
4862
4863
4864
4865
4866
4867
4868
4869
4870
4871
4872
4873
4874
4875
4878
4881
4884
4885
4886
4887
4898
4899
4901
4909
4912
4913
4915
4916
4917
4919
4935
4937
4939
4944
4945
4950
4951
4954
4956
4959
4963
4965
4968
4969
4974
4976
4986
4987
4988
4989
4991
4992
4993
4994
4995
4996
4997
4998
4999
5000
5001
5002
5003
5005
5008
5009
5010
5024
5025
5028
5029
5030
5031
5033
5034
5035
5037
5043
5047
5051
5052
5057
5058
5059
5065
5069
5071
5077
5083
5088
5089
5092
5098
5106
5121
5122
5123
5124
5125
5132
5133
5136
5143
5145
5146
5147
5148
5154
5155
5156
5159
5160
5161
5164
5166
5167
5168
5170
5179
5181
5182
5191
5192
5193
5196
5200
5202
5203
5207
5209
5212
5213
5214
5215
5216
5222
5224
5228
5232
5235
5237
5238
5240
5244
5245
5248
5250
5251
5262
5266
5267
5268
5269
5271
5302
5303
5304
5306
5329
5330
5332
5334
5335
5349
5350
5351
5352
5355
5356
5358
5369
5370
5371
5372
5373
5386
5387
5388
5389
5390
5391
5392
5393
5394
5395
5396
5399
5410
5424
5425
5427
5428
5429
5446
5449
5450
5451
5452
5456
5457
5458
5460
5461
5462
5463
5464
5466
5467
5468
5469
5476
5478
5480
5481
5482
5486
5488
5490
5493
5494
5495
5511
5512
5517
5518
5520
5526
5528
5529
5533
5534
5535
5540
5541
5546
5547
5558
5559
5570
5574
5577
5578
5580
5581
5589
5591
5594
5595
5596
5604
5605
5608
5616
5623
5627
5628
5638
5639
5651
5656
5659
5661
5662
5664
5665
5671
5674
5675
5683
5689
5690
5693
5702
5704
5708
5709
5710
5712
5719
5722
5723
5730
5735
5736
5737
5741
5745
5748
5750
5754
5761
5764
5772
5774
5784
5785
5786
5787
5788
5791
5792
5793
5794
5795
5799
5801
5809
5810
5811
5816
5817
5818
5831
5835
5836
5840
5841
5842
5848
5849
5852
5871
5872
5874
5875
5879
5881
5883
5886
5901
5908
5913
5925
5927
5928
5929
5937
