42
110
118
119
145
156
169
194
202
212
253
257
264
280
291
292
293
314
322
357
358
359
367
403
418
442
460
467
480
496
600
613
614
615
616
703
704
705
706
707
708
713
717
733
739
747
754
763
781
799
808
823
879
892
914
952
957
986
1042
1086
1097
1098
1101
1164
1165
1166
1167
1168
1219
1224
1225
1233
1344
1349
1384
1385
1386
1387
1448
1449
1450
1479
1480
1500
1508
1509
1537
1538
1545
1565
1570
1614
1750
1765
1766
1767
1768
1769
1798
1846
1866
1867
1941
1949
1997
2000
2015
2016
2017
2018
2019
2020
2030
2031
2032
2037
2065
2145
2146
2180
2222
2223
2226
2227
2229
2230
2235
2280
2281
2282
2283
2286
2298
2331
2336
2364
2377
2446
2461
2488
2516
2517
2518
2519
2621
2645
2668
2669
2683
2686
2702
2703
2713
2714
2715
2716
2733
2772
2773
2774
2855
2988
2989
2990
2991
2992
2993
2994
3042
3043
3063
3064
3068
3097
3128
3133
3149
3150
3155
3156
3157
3243
3244
3309
3319
3371
3508
3509
3510
3513
3557
3577
3598
3638
3639
3666
3695
3696
3697
3698
3699
3700
3711
3719
3720
3723
3724
3725
3776
3793
3820
3856
3857
3858
3859
3863
3891
3927
3928
3955
3956
4015
4050
4065
4066
4105
4132
4133
4165
4182
4189
4190
4219
4226
4269
4352
4353
4354
4355
4369
4494
4495
4496
4528
4544
4545
4546
4547
4584
4585
4586
4587
4614
4615
4633
4650
4666
4674
4681
4722
4765
4889
4910
4911
4973
5073
5110
5127
5128
5129
5130
5142
5186
5187
5188
5189
5199
5223
5229
5230
5231
5234
5246
5258
5260
5326
5327
5328
5345
5346
5401
5419
5422
5423
5436
5440
5441
5445
5536
5537
5566
5567
5568
5569
5633
5645
5646
5653
5669
5714
5720
5721
5725
5728
5731
5732
5733
5734
5740
5742
5743
5744
5746
5752
5753
5763
5767
5771
5775
5777
5789
5820
5821
5822
5826
5827
5828
5870
5888
5894
5895
5904
5905
5906
5917
5918
5919
5922
5924
5936
5938
