9
29
35
56
78
84
88
109
115
123
127
128
129
132
140
142
144
146
147
148
149
167
168
184
189
205
217
227
255
258
309
325
333
402
404
405
413
437
438
440
441
448
452
459
461
470
472
474
475
476
495
497
498
537
541
544
547
628
645
670
721
725
737
740
741
753
755
756
761
762
769
798
800
801
805
806
807
816
838
842
873
891
893
938
951
954
955
959
960
962
965
966
983
985
994
1013
1039
1040
1041
1043
1083
1084
1085
1087
1140
1141
1217
1220
1221
1226
1230
1231
1232
1234
1277
1345
1347
1348
1415
1477
1481
1492
1496
1497
1499
1501
1518
1530
1552
1553
1554
1568
1579
1585
1586
1610
1625
1705
1797
1800
1845
1882
1936
1938
1939
1940
1958
1959
1995
1996
1999
2035
2038
2039
2063
2064
2207
2208
2209
2210
2211
2215
2216
2241
2243
2245
2246
2247
2248
2250
2284
2285
2330
2332
2348
2357
2358
2391
2392
2393
2395
2400
2404
2405
2440
2443
2444
2445
2447
2448
2500
2550
2596
2618
2620
2622
2623
2684
2685
2709
2711
2732
2843
2844
2848
2853
2856
2857
2858
2893
2894
2944
2966
2977
2979
2981
2983
2984
2995
3031
3032
3076
3077
3087
3088
3090
3132
3134
3151
3205
3206
3285
3288
3291
3317
3318
3320
3321
3322
3369
3370
3372
3397
3555
3556
3558
3597
3599
3600
3664
3665
3701
3702
3708
3710
3742
3743
3750
3751
3774
3775
3777
3812
3813
3826
3862
3877
3933
3952
3984
4045
4106
4107
4108
4150
4155
4203
4204
4207
4229
4230
4240
4270
4271
4366
4368
4370
4380
4538
4539
4559
4597
4598
4599
4630
4632
4641
4646
4648
4649
4659
4675
4676
4680
4682
4766
4809
4810
4854
4970
4972
5018
5055
5074
5091
5114
5115
5163
5174
5175
5176
5177
5178
5204
5218
5219
5220
5227
5247
5257
5311
5418
5435
5444
5538
5573
5603
5632
5634
5717
5727
5739
5755
5758
5759
5769
5770
5776
5778
5887
5889
