([1], [5, 6, 14, 15], [(5, 5), (5, 6), (6, 14), (6, 15), (14, 15), (14, 15)])
([5], [5, 6, 12, 13], [(5, 12), (5, 13), (5, 6), (6, 6), (12, 13), (12, 13)])
([7], [3, 4, 12, 13], [(3, 3), (3, 4), (4, 12), (4, 13), (12, 13), (12, 13)])
([9], [5, 6, 13, 14], [(5, 5), (5, 6), (6, 14), (6, 13), (13, 14), (13, 14)])
([11], [5, 6, 13, 15], [(5, 5), (5, 6), (6, 15), (6, 13), (13, 15), (13, 15)])
([12], [5, 6, 14, 15], [(5, 5), (5, 6), (6, 14), (6, 15), (14, 15), (14, 15)])
([13], [5, 6, 14, 15], [(5, 5), (5, 6), (6, 15), (6, 14), (14, 15), (14, 15)])
([14], [4, 5, 12, 13], [(4, 12), (4, 5), (4, 13), (5, 5), (12, 13), (12, 13)])
([15], [4, 5, 12, 13], [(4, 12), (4, 5), (4, 13), (5, 5), (12, 13), (12, 13)])
([16], [4, 5, 12, 13], [(4, 12), (4, 5), (4, 13), (5, 5), (12, 13), (12, 13)])
([17], [4, 5, 12, 13], [(4, 12), (4, 5), (4, 13), (5, 5), (12, 13), (12, 13)])
([19], [4, 5, 11, 12], [(4, 11), (4, 12), (4, 5), (5, 5), (11, 12), (11, 12)])
([20], [4, 5, 11, 15], [(4, 11), (4, 5), (4, 15), (5, 5), (11, 15), (11, 15)])
([21], [4, 5, 11, 14], [(4, 11), (4, 5), (4, 14), (5, 5), (11, 14), (11, 14)])
([22], [5, 6, 10, 11], [(5, 10), (5, 11), (5, 6), (6, 6), (10, 11), (10, 11)])
([27], [2, 3, 11, 12], [(2, 2), (2, 3), (3, 11), (3, 12), (11, 12), (11, 12)])
([32], [2, 3, 12, 13], [(2, 2), (2, 3), (3, 12), (3, 13), (12, 13), (12, 13)])
([33], [5, 6, 13, 14], [(5, 5), (5, 6), (6, 13), (6, 14), (13, 14), (13, 14)])
([34], [3, 4, 12, 13], [(3, 3), (3, 4), (4, 12), (4, 13), (12, 13), (12, 13)])
([35], [5, 6, 14, 15], [(5, 5), (5, 6), (6, 15), (6, 14), (14, 15), (14, 15)])
([36], [3, 4, 12, 13], [(3, 3), (3, 4), (4, 12), (4, 13), (12, 13), (12, 13)])
([37], [2, 3, 12, 13], [(2, 2), (2, 3), (3, 12), (3, 13), (12, 13), (12, 13)])
([38], [3, 4, 11, 15], [(3, 3), (3, 4), (4, 11), (4, 15), (11, 15), (11, 15)])
([39], [3, 4, 11, 14], [(3, 3), (3, 4), (4, 11), (4, 14), (11, 14), (11, 14)])
([41], [5, 6, 12, 15], [(5, 5), (5, 6), (6, 15), (6, 12), (12, 15), (12, 15)])
([42], [5, 6, 13, 15], [(5, 5), (5, 6), (6, 15), (6, 13), (13, 15), (13, 15)])
([43], [3, 4, 12, 13], [(3, 12), (3, 4), (3, 13), (4, 4), (12, 13), (12, 13)])
([44], [3, 4, 12, 13], [(3, 12), (3, 4), (3, 13), (4, 4), (12, 13), (12, 13)])
([45], [3, 4, 11, 15], [(3, 11), (3, 4), (3, 15), (4, 4), (11, 15), (11, 15)])
([46], [4, 5, 10, 11], [(4, 11), (4, 10), (4, 5), (5, 5), (10, 11), (10, 11)])
([47], [3, 4, 12, 13], [(3, 12), (3, 4), (3, 13), (4, 4), (12, 13), (12, 13)])
([49], [3, 4, 11, 12], [(3, 12), (3, 11), (3, 4), (4, 4), (11, 12), (11, 12)])
([50], [3, 4, 11, 14], [(3, 4), (3, 11), (3, 14), (4, 4), (11, 14), (11, 14)])
([51], [3, 4, 12, 15], [(3, 12), (3, 4), (3, 15), (4, 4), (12, 15), (12, 15)])
([52], [4, 5, 9, 14], [(4, 5), (4, 9), (4, 14), (5, 5), (9, 14), (9, 14)])
([53], [3, 4, 11, 14], [(3, 4), (3, 11), (3, 14), (4, 4), (11, 14), (11, 14)])
([55], [3, 4, 10, 14], [(3, 10), (3, 4), (3, 14), (4, 4), (10, 14), (10, 14)])
([56], [2, 3, 12, 13], [(2, 2), (2, 3), (3, 12), (3, 13), (12, 13), (12, 13)])
([57], [2, 3, 12, 13], [(2, 2), (2, 3), (3, 12), (3, 13), (12, 13), (12, 13)])
([59], [3, 4, 11, 15], [(3, 3), (3, 4), (4, 11), (4, 15), (11, 15), (11, 15)])
([60], [3, 4, 12, 13], [(3, 3), (3, 4), (4, 12), (4, 13), (12, 13), (12, 13)])
([61], [2, 3, 11, 12], [(2, 2), (2, 3), (3, 12), (3, 11), (11, 12), (11, 12)])
([62], [2, 3, 12, 13], [(2, 2), (2, 3), (3, 12), (3, 13), (12, 13), (12, 13)])
([63], [3, 4, 11, 14], [(3, 3), (3, 4), (4, 11), (4, 14), (11, 14), (11, 14)])
([64], [2, 3, 12, 13], [(2, 2), (2, 3), (3, 12), (3, 13), (12, 13), (12, 13)])
([66], [3, 4, 10, 11], [(3, 3), (3, 4), (4, 10), (4, 11), (10, 11), (10, 11)])
([67], [2, 3, 11, 12], [(2, 2), (2, 3), (3, 11), (3, 12), (11, 12), (11, 12)])
([68], [3, 4, 11, 12], [(3, 12), (3, 11), (3, 4), (4, 4), (11, 12), (11, 12)])
([69], [3, 4, 10, 15], [(3, 10), (3, 4), (3, 15), (4, 4), (10, 15), (10, 15)])
([70], [4, 5, 9, 10], [(4, 9), (4, 10), (4, 5), (5, 5), (9, 10), (9, 10)])
([82], [2, 3, 9, 10], [(2, 2), (2, 3), (3, 9), (3, 10), (9, 10), (9, 10)])
([84], [2, 3, 11, 14], [(2, 2), (2, 3), (3, 11), (3, 14), (11, 14), (11, 14)])
([85], [2, 3, 11, 14], [(2, 2), (2, 3), (3, 11), (3, 14), (11, 14), (11, 14)])
([86], [3, 4, 12, 15], [(3, 3), (3, 4), (4, 12), (4, 15), (12, 15), (12, 15)])
([87], [2, 3, 10, 14], [(2, 2), (2, 3), (3, 10), (3, 14), (10, 14), (10, 14)])
([88], [3, 4, 12, 13], [(3, 12), (3, 4), (3, 13), (4, 4), (12, 13), (12, 13)])
([89], [3, 4, 11, 15], [(3, 11), (3, 4), (3, 15), (4, 4), (11, 15), (11, 15)])
([90], [4, 5, 10, 11], [(4, 10), (4, 11), (4, 5), (5, 5), (10, 11), (10, 11)])
([91], [3, 4, 12, 13], [(3, 12), (3, 4), (3, 13), (4, 4), (12, 13), (12, 13)])
([94], [2, 3, 10, 11], [(2, 2), (2, 3), (3, 11), (3, 10), (10, 11), (10, 11)])
([98], [2, 3, 11, 15], [(2, 2), (2, 3), (3, 11), (3, 15), (11, 15), (11, 15)])
([99], [2, 3, 11, 15], [(2, 2), (2, 3), (3, 11), (3, 15), (11, 15), (11, 15)])
([100], [3, 4, 9, 15], [(3, 3), (3, 4), (4, 9), (4, 15), (9, 15), (9, 15)])
([101], [2, 3, 10, 15], [(2, 2), (2, 3), (3, 10), (3, 15), (10, 15), (10, 15)])
([103], [4, 5, 10, 11], [(4, 10), (4, 11), (4, 5), (5, 5), (10, 11), (10, 11)])
([104], [2, 3, 10, 11], [(2, 2), (2, 3), (3, 11), (3, 10), (10, 11), (10, 11)])
([108], [3, 4, 12, 13], [(3, 12), (3, 4), (3, 13), (4, 4), (12, 13), (12, 13)])
([114], [1, 2, 11, 12], [(1, 1), (1, 2), (2, 11), (2, 12), (11, 12), (11, 12)])
([115], [3, 4, 11, 15], [(3, 11), (3, 4), (3, 15), (4, 4), (11, 15), (11, 15)])
([116], [1, 2, 12, 13], [(1, 1), (1, 2), (2, 12), (2, 13), (12, 13), (12, 13)])
([123], [4, 5, 9, 14], [(4, 5), (4, 9), (4, 14), (5, 5), (9, 14), (9, 14)])
([124], [3, 4, 9, 14], [(3, 4), (3, 9), (3, 14), (4, 4), (9, 14), (9, 14)])
([125], [4, 5, 9, 14], [(4, 5), (4, 9), (4, 14), (5, 5), (9, 14), (9, 14)])
([126], [3, 4, 9, 14], [(3, 9), (3, 4), (3, 14), (4, 4), (9, 14), (9, 14)])
([128], [3, 4, 8, 14], [(3, 4), (3, 8), (3, 14), (4, 4), (8, 14), (8, 14)])
([129], [3, 4, 12, 15], [(3, 12), (3, 4), (3, 15), (4, 4), (12, 15), (12, 15)])
([130], [4, 5, 8, 14], [(4, 5), (4, 8), (4, 14), (5, 5), (8, 14), (8, 14)])
([150], [4, 5, 10, 11], [(4, 10), (4, 11), (4, 5), (5, 5), (10, 11), (10, 11)])
([151], [2, 3, 10, 11], [(2, 2), (2, 3), (3, 11), (3, 10), (10, 11), (10, 11)])
([153], [2, 3, 11, 14], [(2, 2), (2, 3), (3, 11), (3, 14), (11, 14), (11, 14)])
([154], [2, 3, 11, 14], [(2, 2), (2, 3), (3, 11), (3, 14), (11, 14), (11, 14)])
([155], [2, 3, 10, 14], [(2, 2), (2, 3), (3, 10), (3, 14), (10, 14), (10, 14)])
([156], [1, 2, 12, 13], [(1, 1), (1, 2), (2, 12), (2, 13), (12, 13), (12, 13)])
([158], [2, 3, 10, 11], [(2, 2), (2, 3), (3, 11), (3, 10), (10, 11), (10, 11)])
([159], [2, 3, 11, 15], [(2, 2), (2, 3), (3, 11), (3, 15), (11, 15), (11, 15)])
([160], [2, 3, 12, 13], [(2, 2), (2, 3), (3, 12), (3, 13), (12, 13), (12, 13)])
([161], [2, 3, 11, 15], [(2, 11), (2, 3), (2, 15), (3, 3), (11, 15), (11, 15)])
([162], [2, 3, 11, 15], [(2, 11), (2, 3), (2, 15), (3, 3), (11, 15), (11, 15)])
([163], [3, 4, 9, 15], [(3, 9), (3, 4), (3, 15), (4, 4), (9, 15), (9, 15)])
([165], [2, 3, 12, 15], [(2, 3), (2, 12), (2, 15), (3, 3), (12, 15), (12, 15)])
([166], [2, 3, 10, 11], [(2, 2), (2, 3), (3, 11), (3, 10), (10, 11), (10, 11)])
([167], [2, 3, 10, 11], [(2, 2), (2, 3), (3, 11), (3, 10), (10, 11), (10, 11)])
([168], [1, 2, 10, 11], [(1, 1), (1, 2), (2, 10), (2, 11), (10, 11), (10, 11)])
([169], [2, 3, 9, 15], [(2, 2), (2, 3), (3, 9), (3, 15), (9, 15), (9, 15)])
([170], [2, 3, 9, 10], [(2, 2), (2, 3), (3, 9), (3, 10), (9, 10), (9, 10)])
([172], [2, 3, 12, 13], [(2, 3), (2, 12), (2, 13), (3, 3), (12, 13), (12, 13)])
([173], [2, 3, 12, 13], [(2, 3), (2, 12), (2, 13), (3, 3), (12, 13), (12, 13)])
([174], [3, 4, 10, 11], [(3, 11), (3, 4), (3, 10), (4, 4), (10, 11), (10, 11)])
([176], [1, 2, 12, 13], [(1, 1), (1, 2), (2, 12), (2, 13), (12, 13), (12, 13)])
([177], [2, 3, 11, 12], [(2, 11), (2, 3), (2, 12), (3, 3), (11, 12), (11, 12)])
([178], [2, 3, 10, 15], [(2, 10), (2, 3), (2, 15), (3, 3), (10, 15), (10, 15)])
([179], [3, 4, 9, 10], [(3, 9), (3, 10), (3, 4), (4, 4), (9, 10), (9, 10)])
([191], [1, 2, 9, 10], [(1, 1), (1, 2), (2, 10), (2, 9), (9, 10), (9, 10)])
([199], [2, 3, 12, 13], [(2, 3), (2, 12), (2, 13), (3, 3), (12, 13), (12, 13)])
([200], [3, 4, 10, 11], [(3, 10), (3, 11), (3, 4), (4, 4), (10, 11), (10, 11)])
([201], [2, 3, 12, 13], [(2, 3), (2, 12), (2, 13), (3, 3), (12, 13), (12, 13)])
([207], [3, 4, 10, 11], [(3, 10), (3, 11), (3, 4), (4, 4), (10, 11), (10, 11)])
([210], [3, 4, 10, 11], [(3, 11), (3, 4), (3, 10), (4, 4), (10, 11), (10, 11)])
([212], [3, 4, 10, 11], [(3, 11), (3, 4), (3, 10), (4, 4), (10, 11), (10, 11)])
([214], [3, 4, 11, 14], [(3, 4), (3, 11), (3, 14), (4, 4), (11, 14), (11, 14)])
([215], [2, 3, 11, 14], [(2, 3), (2, 11), (2, 14), (3, 3), (11, 14), (11, 14)])
([216], [2, 3, 10, 11], [(2, 2), (2, 3), (3, 11), (3, 10), (10, 11), (10, 11)])
([217], [2, 3, 11, 15], [(2, 2), (2, 3), (3, 11), (3, 15), (11, 15), (11, 15)])
([218], [2, 3, 12, 13], [(2, 2), (2, 3), (3, 12), (3, 13), (12, 13), (12, 13)])
([219], [1, 2, 11, 12], [(1, 1), (1, 2), (2, 11), (2, 12), (11, 12), (11, 12)])
([221], [10, 11, 14, 15], [(10, 11), (10, 11), (10, 15), (11, 15), (14, 15), (14, 14)])
([225], [1, 2, 10, 14], [(1, 1), (1, 2), (2, 10), (2, 14), (10, 14), (10, 14)])
([226], [1, 2, 10, 15], [(1, 1), (1, 2), (2, 10), (2, 15), (10, 15), (10, 15)])
([227], [1, 2, 11, 12], [(1, 1), (1, 2), (2, 11), (2, 12), (11, 12), (11, 12)])
([228], [1, 2, 11, 14], [(1, 1), (1, 2), (2, 11), (2, 14), (11, 14), (11, 14)])
([229], [1, 2, 11, 15], [(1, 1), (1, 2), (2, 11), (2, 15), (11, 15), (11, 15)])
([230], [1, 2, 14, 15], [(1, 1), (1, 2), (2, 14), (2, 15), (14, 15), (14, 15)])
([234], [2, 3, 12, 15], [(2, 2), (2, 3), (3, 12), (3, 15), (12, 15), (12, 15)])
([235], [2, 3, 12, 15], [(2, 2), (2, 3), (3, 12), (3, 15), (12, 15), (12, 15)])
([237], [2, 3, 12, 15], [(2, 2), (2, 3), (3, 12), (3, 15), (12, 15), (12, 15)])
([243], [4, 5, 10, 11], [(4, 10), (4, 11), (4, 5), (5, 5), (10, 11), (10, 11)])
([244], [2, 3, 11, 15], [(2, 11), (2, 3), (2, 15), (3, 3), (11, 15), (11, 15)])
([245], [3, 4, 11, 12], [(3, 12), (3, 11), (3, 4), (4, 4), (11, 12), (11, 12)])
([246], [3, 4, 10, 11], [(3, 10), (3, 11), (3, 4), (4, 4), (10, 11), (10, 11)])
([247], [3, 4, 14, 15], [(3, 4), (3, 14), (3, 15), (4, 4), (14, 15), (14, 15)])
([248], [4, 5, 8, 9], [(4, 8), (4, 9), (4, 5), (5, 5), (8, 9), (8, 9)])
([250], [2, 3, 11, 12], [(2, 2), (2, 3), (3, 12), (3, 11), (11, 12), (11, 12)])
([251], [2, 3, 9, 10], [(2, 2), (2, 3), (3, 9), (3, 10), (9, 10), (9, 10)])
([254], [3, 4, 9, 15], [(3, 3), (3, 4), (4, 9), (4, 15), (9, 15), (9, 15)])
([255], [2, 3, 10, 15], [(2, 2), (2, 3), (3, 10), (3, 15), (10, 15), (10, 15)])
([256], [3, 4, 9, 15], [(3, 9), (3, 4), (3, 15), (4, 4), (9, 15), (9, 15)])
([257], [2, 3, 8, 15], [(2, 2), (2, 3), (3, 8), (3, 15), (8, 15), (8, 15)])
([260], [2, 3, 9, 10], [(2, 2), (2, 3), (3, 9), (3, 10), (9, 10), (9, 10)])
([261], [2, 3, 9, 10], [(2, 2), (2, 3), (3, 9), (3, 10), (9, 10), (9, 10)])
([262], [2, 3, 9, 10], [(2, 2), (2, 3), (3, 9), (3, 10), (9, 10), (9, 10)])
([263], [3, 4, 9, 10], [(3, 9), (3, 4), (3, 10), (4, 4), (9, 10), (9, 10)])
([264], [2, 3, 10, 11], [(2, 2), (2, 3), (3, 11), (3, 10), (10, 11), (10, 11)])
([268], [11, 12, 14, 15], [(11, 12), (11, 14), (11, 15), (12, 12), (14, 15), (14, 15)])
([269], [4, 5, 9, 10], [(4, 9), (4, 10), (4, 5), (5, 5), (9, 10), (9, 10)])
([270], [3, 4, 8, 15], [(3, 8), (3, 4), (3, 15), (4, 4), (8, 15), (8, 15)])
([272], [2, 3, 12, 15], [(2, 3), (2, 12), (2, 15), (3, 3), (12, 15), (12, 15)])
([273], [2, 3, 9, 15], [(2, 2), (2, 3), (3, 9), (3, 15), (9, 15), (9, 15)])
([275], [2, 3, 10, 15], [(2, 10), (2, 3), (2, 15), (3, 3), (10, 15), (10, 15)])
([279], [3, 4, 10, 13], [(3, 10), (3, 4), (3, 13), (4, 4), (10, 13), (10, 13)])
([282], [3, 4, 12, 13], [(3, 12), (3, 4), (3, 13), (4, 4), (12, 13), (12, 13)])
([283], [1, 2, 12, 13], [(1, 1), (1, 2), (2, 12), (2, 13), (12, 13), (12, 13)])
([285], [2, 3, 9, 14], [(2, 9), (2, 3), (2, 14), (3, 3), (9, 14), (9, 14)])
([286], [3, 4, 8, 14], [(3, 4), (3, 8), (3, 14), (4, 4), (8, 14), (8, 14)])
([287], [3, 4, 9, 14], [(3, 4), (3, 9), (3, 14), (4, 4), (9, 14), (9, 14)])
([289], [3, 4, 9, 14], [(3, 4), (3, 9), (3, 14), (4, 4), (9, 14), (9, 14)])
([293], [9, 10, 12, 13], [(9, 9), (9, 10), (10, 12), (10, 13), (12, 13), (12, 13)])
([301], [1, 2, 12, 13], [(1, 2), (1, 12), (1, 13), (2, 2), (12, 13), (12, 13)])
([302], [2, 3, 10, 11], [(2, 11), (2, 10), (2, 3), (3, 3), (10, 11), (10, 11)])
([304], [2, 3, 11, 14], [(2, 3), (2, 11), (2, 14), (3, 3), (11, 14), (11, 14)])
([320], [1, 2, 10, 11], [(1, 1), (1, 2), (2, 10), (2, 11), (10, 11), (10, 11)])
([321], [2, 3, 10, 11], [(2, 2), (2, 3), (3, 11), (3, 10), (10, 11), (10, 11)])
([323], [2, 3, 10, 11], [(2, 2), (2, 3), (3, 11), (3, 10), (10, 11), (10, 11)])
([324], [2, 3, 10, 11], [(2, 2), (2, 3), (3, 11), (3, 10), (10, 11), (10, 11)])
([325], [1, 2, 12, 15], [(1, 1), (1, 2), (2, 12), (2, 15), (12, 15), (12, 15)])
([328], [2, 3, 12, 15], [(2, 2), (2, 3), (3, 12), (3, 15), (12, 15), (12, 15)])
([329], [1, 2, 12, 15], [(1, 1), (1, 2), (2, 12), (2, 15), (12, 15), (12, 15)])
([330], [2, 3, 10, 11], [(2, 2), (2, 3), (3, 11), (3, 10), (10, 11), (10, 11)])
([331], [2, 3, 10, 11], [(2, 2), (2, 3), (3, 11), (3, 10), (10, 11), (10, 11)])
([332], [2, 3, 10, 11], [(2, 2), (2, 3), (3, 11), (3, 10), (10, 11), (10, 11)])
([333], [1, 2, 10, 11], [(1, 1), (1, 2), (2, 11), (2, 10), (10, 11), (10, 11)])
([334], [1, 2, 9, 10], [(1, 1), (1, 2), (2, 10), (2, 9), (9, 10), (9, 10)])
([335], [2, 3, 9, 15], [(2, 2), (2, 3), (3, 9), (3, 15), (9, 15), (9, 15)])
([336], [2, 3, 9, 10], [(2, 2), (2, 3), (3, 9), (3, 10), (9, 10), (9, 10)])
([338], [2, 3, 9, 15], [(2, 9), (2, 3), (2, 15), (3, 3), (9, 15), (9, 15)])
([339], [3, 4, 8, 15], [(3, 8), (3, 4), (3, 15), (4, 4), (8, 15), (8, 15)])
([340], [2, 3, 9, 15], [(2, 9), (2, 3), (2, 15), (3, 3), (9, 15), (9, 15)])
([341], [3, 4, 9, 15], [(3, 9), (3, 4), (3, 15), (4, 4), (9, 15), (9, 15)])
([343], [3, 4, 9, 15], [(3, 9), (3, 4), (3, 15), (4, 4), (9, 15), (9, 15)])
([344], [2, 3, 8, 15], [(2, 8), (2, 3), (2, 15), (3, 3), (8, 15), (8, 15)])
([356], [11, 12, 14, 15], [(11, 12), (11, 14), (11, 15), (12, 12), (14, 15), (14, 15)])
([357], [9, 10, 12, 13], [(9, 10), (9, 12), (9, 13), (10, 10), (12, 13), (12, 13)])
([358], [11, 12, 14, 15], [(11, 12), (11, 14), (11, 15), (12, 12), (14, 15), (14, 15)])
([359], [10, 11, 13, 14], [(10, 11), (10, 13), (10, 14), (11, 11), (13, 14), (13, 14)])
([367], [1, 2, 9, 15], [(1, 1), (1, 2), (2, 9), (2, 15), (9, 15), (9, 15)])
([368], [1, 2, 13, 15], [(1, 1), (1, 2), (2, 13), (2, 15), (13, 15), (13, 15)])
([369], [1, 2, 11, 15], [(1, 1), (1, 2), (2, 11), (2, 15), (11, 15), (11, 15)])
([370], [2, 3, 12, 15], [(2, 3), (2, 12), (2, 15), (3, 3), (12, 15), (12, 15)])
([371], [2, 3, 11, 13], [(2, 11), (2, 3), (2, 13), (3, 3), (11, 13), (11, 13)])
([374], [3, 4, 10, 11], [(3, 4), (3, 10), (3, 11), (4, 4), (10, 11), (10, 11)])
([375], [2, 3, 10, 11], [(2, 11), (2, 10), (2, 3), (3, 3), (10, 11), (10, 11)])
([377], [3, 4, 9, 14], [(3, 4), (3, 9), (3, 14), (4, 4), (9, 14), (9, 14)])
([378], [3, 4, 9, 10], [(3, 9), (3, 10), (3, 4), (4, 4), (9, 10), (9, 10)])
([384], [3, 4, 9, 10], [(3, 9), (3, 4), (3, 10), (4, 4), (9, 10), (9, 10)])
([385], [2, 3, 10, 11], [(2, 11), (2, 10), (2, 3), (3, 3), (10, 11), (10, 11)])
([386], [2, 3, 9, 15], [(2, 9), (2, 3), (2, 15), (3, 3), (9, 15), (9, 15)])
([388], [3, 4, 10, 11], [(3, 10), (3, 11), (3, 4), (4, 4), (10, 11), (10, 11)])
([397], [2, 3, 11, 12], [(2, 11), (2, 3), (2, 12), (3, 3), (11, 12), (11, 12)])
([398], [2, 3, 10, 15], [(2, 10), (2, 3), (2, 15), (3, 3), (10, 15), (10, 15)])
([399], [3, 4, 9, 10], [(3, 9), (3, 4), (3, 10), (4, 4), (9, 10), (9, 10)])
([400], [2, 3, 11, 12], [(2, 11), (2, 3), (2, 12), (3, 3), (11, 12), (11, 12)])
([401], [2, 3, 10, 11], [(2, 11), (2, 10), (2, 3), (3, 3), (10, 11), (10, 11)])
([408], [3, 4, 9, 10], [(3, 9), (3, 10), (3, 4), (4, 4), (9, 10), (9, 10)])
([409], [1, 2, 9, 10], [(1, 1), (1, 2), (2, 10), (2, 9), (9, 10), (9, 10)])
([411], [3, 4, 8, 9], [(3, 8), (3, 9), (3, 4), (4, 4), (8, 9), (8, 9)])
([412], [1, 2, 8, 9], [(1, 1), (1, 2), (2, 8), (2, 9), (8, 9), (8, 9)])
([413], [2, 3, 9, 15], [(2, 2), (2, 3), (3, 9), (3, 15), (9, 15), (9, 15)])
([414], [1, 2, 8, 15], [(1, 1), (1, 2), (2, 8), (2, 15), (8, 15), (8, 15)])
([415], [2, 3, 8, 15], [(2, 2), (2, 3), (3, 8), (3, 15), (8, 15), (8, 15)])
([416], [2, 3, 8, 9], [(2, 2), (2, 3), (3, 8), (3, 9), (8, 9), (8, 9)])
([417], [2, 3, 9, 10], [(2, 2), (2, 3), (3, 9), (3, 10), (9, 10), (9, 10)])
([419], [2, 3, 8, 15], [(2, 2), (2, 3), (3, 8), (3, 15), (8, 15), (8, 15)])
([420], [2, 3, 9, 10], [(2, 2), (2, 3), (3, 9), (3, 10), (9, 10), (9, 10)])
([421], [3, 4, 8, 15], [(3, 8), (3, 4), (3, 15), (4, 4), (8, 15), (8, 15)])
([422], [3, 4, 8, 13], [(3, 8), (3, 4), (3, 13), (4, 4), (8, 13), (8, 13)])
([423], [2, 3, 8, 15], [(2, 8), (2, 3), (2, 15), (3, 3), (8, 15), (8, 15)])
([425], [3, 4, 7, 15], [(3, 7), (3, 4), (3, 15), (4, 4), (7, 15), (7, 15)])
([438], [3, 4, 10, 11], [(3, 10), (3, 11), (3, 4), (4, 4), (10, 11), (10, 11)])
([439], [2, 3, 10, 11], [(2, 11), (2, 10), (2, 3), (3, 3), (10, 11), (10, 11)])
([440], [2, 3, 9, 10], [(2, 9), (2, 10), (2, 3), (3, 3), (9, 10), (9, 10)])
([441], [2, 3, 10, 13], [(2, 10), (2, 3), (2, 13), (3, 3), (10, 13), (10, 13)])
([442], [2, 3, 10, 13], [(2, 10), (2, 3), (2, 13), (3, 3), (10, 13), (10, 13)])
([445], [2, 3, 9, 14], [(2, 2), (2, 3), (3, 9), (3, 14), (9, 14), (9, 14)])
([446], [1, 2, 10, 11], [(1, 1), (1, 2), (2, 10), (2, 11), (10, 11), (10, 11)])
([447], [2, 3, 10, 11], [(2, 2), (2, 3), (3, 11), (3, 10), (10, 11), (10, 11)])
([449], [2, 3, 9, 15], [(2, 2), (2, 3), (3, 9), (3, 15), (9, 15), (9, 15)])
([450], [9, 13, 14, 15], [(9, 13), (9, 13), (9, 15), (13, 15), (14, 14), (14, 15)])
([455], [1, 2, 10, 15], [(1, 2), (1, 10), (1, 15), (2, 2), (10, 15), (10, 15)])
([457], [8, 9, 14, 15], [(8, 9), (8, 9), (8, 15), (9, 15), (14, 14), (14, 15)])
([472], [8, 9, 14, 15], [(8, 15), (8, 9), (8, 9), (9, 15), (14, 15), (14, 14)])
([479], [2, 3, 12, 15], [(2, 2), (2, 3), (3, 12), (3, 15), (12, 15), (12, 15)])
([480], [1, 2, 11, 12], [(1, 1), (1, 2), (2, 11), (2, 12), (11, 12), (11, 12)])
([482], [1, 2, 11, 14], [(1, 1), (1, 2), (2, 11), (2, 14), (11, 14), (11, 14)])
([483], [1, 2, 10, 14], [(1, 1), (1, 2), (2, 10), (2, 14), (10, 14), (10, 14)])
([485], [1, 2, 12, 13], [(1, 1), (1, 2), (2, 12), (2, 13), (12, 13), (12, 13)])
([486], [1, 2, 14, 15], [(1, 1), (1, 2), (2, 14), (2, 15), (14, 15), (14, 15)])
([487], [4, 5, 9, 10], [(4, 9), (4, 10), (4, 5), (5, 5), (9, 10), (9, 10)])
([488], [3, 4, 8, 14], [(3, 4), (3, 8), (3, 14), (4, 4), (8, 14), (8, 14)])
([493], [3, 4, 7, 14], [(3, 4), (3, 7), (3, 14), (4, 4), (7, 14), (7, 14)])
([498], [1, 2, 9, 10], [(1, 1), (1, 2), (2, 9), (2, 10), (9, 10), (9, 10)])
([499], [2, 3, 9, 10], [(2, 2), (2, 3), (3, 9), (3, 10), (9, 10), (9, 10)])
([501], [2, 3, 14, 15], [(2, 3), (2, 14), (2, 15), (3, 3), (14, 15), (14, 15)])
([502], [2, 3, 13, 15], [(2, 3), (2, 13), (2, 15), (3, 3), (13, 15), (13, 15)])
([503], [2, 3, 14, 15], [(2, 3), (2, 14), (2, 15), (3, 3), (14, 15), (14, 15)])
([505], [1, 2, 10, 11], [(1, 1), (1, 2), (2, 10), (2, 11), (10, 11), (10, 11)])
([506], [1, 2, 9, 14], [(1, 1), (1, 2), (2, 14), (2, 9), (9, 14), (9, 14)])
([511], [1, 2, 11, 15], [(1, 2), (1, 11), (1, 15), (2, 2), (11, 15), (11, 15)])
([513], [2, 3, 12, 14], [(2, 3), (2, 12), (2, 14), (3, 3), (12, 14), (12, 14)])
([519], [3, 4, 9, 10], [(3, 9), (3, 10), (3, 4), (4, 4), (9, 10), (9, 10)])
([524], [1, 2, 14, 15], [(1, 1), (1, 2), (2, 14), (2, 15), (14, 15), (14, 15)])
([529], [3, 4, 12, 15], [(3, 12), (3, 4), (3, 15), (4, 4), (12, 15), (12, 15)])
([530], [2, 3, 12, 15], [(2, 3), (2, 12), (2, 15), (3, 3), (12, 15), (12, 15)])
([531], [2, 3, 9, 15], [(2, 2), (2, 3), (3, 9), (3, 15), (9, 15), (9, 15)])
([535], [3, 4, 9, 14], [(3, 9), (3, 4), (3, 14), (4, 4), (9, 14), (9, 14)])
([536], [4, 5, 8, 14], [(4, 5), (4, 8), (4, 14), (5, 5), (8, 14), (8, 14)])
([537], [3, 4, 8, 14], [(3, 4), (3, 8), (3, 14), (4, 4), (8, 14), (8, 14)])
([542], [2, 3, 10, 11], [(2, 2), (2, 3), (3, 11), (3, 10), (10, 11), (10, 11)])
([543], [1, 2, 9, 10], [(1, 1), (1, 2), (2, 10), (2, 9), (9, 10), (9, 10)])
([544], [2, 3, 9, 10], [(2, 2), (2, 3), (3, 9), (3, 10), (9, 10), (9, 10)])
([545], [2, 3, 8, 15], [(2, 2), (2, 3), (3, 8), (3, 15), (8, 15), (8, 15)])
([546], [2, 3, 8, 14], [(2, 2), (2, 3), (3, 8), (3, 14), (8, 14), (8, 14)])
([547], [2, 3, 9, 10], [(2, 2), (2, 3), (3, 9), (3, 10), (9, 10), (9, 10)])
([549], [1, 2, 10, 15], [(1, 1), (1, 2), (2, 10), (2, 15), (10, 15), (10, 15)])
([551], [2, 3, 11, 14], [(2, 3), (2, 11), (2, 14), (3, 3), (11, 14), (11, 14)])
([556], [10, 11, 14, 15], [(10, 11), (10, 11), (10, 15), (11, 15), (14, 14), (14, 15)])
([564], [1, 2, 13, 14], [(1, 1), (1, 2), (2, 13), (2, 14), (13, 14), (13, 14)])
([569], [3, 4, 10, 11], [(3, 4), (3, 10), (3, 11), (4, 4), (10, 11), (10, 11)])
([571], [9, 11, 14, 15], [(9, 11), (9, 11), (9, 15), (11, 15), (14, 14), (14, 15)])
([584], [2, 3, 9, 15], [(2, 9), (2, 3), (2, 15), (3, 3), (9, 15), (9, 15)])
([585], [2, 3, 9, 15], [(2, 9), (2, 3), (2, 15), (3, 3), (9, 15), (9, 15)])
([586], [1, 2, 9, 15], [(1, 9), (1, 2), (1, 15), (2, 2), (9, 15), (9, 15)])
([587], [2, 3, 8, 15], [(2, 8), (2, 3), (2, 15), (3, 3), (8, 15), (8, 15)])
([588], [1, 2, 8, 15], [(1, 8), (1, 2), (1, 15), (2, 2), (8, 15), (8, 15)])
([589], [2, 3, 8, 15], [(2, 8), (2, 3), (2, 15), (3, 3), (8, 15), (8, 15)])
([593], [9, 10, 12, 13], [(9, 9), (9, 10), (10, 12), (10, 13), (12, 13), (12, 13)])
([622], [1, 2, 10, 11], [(1, 1), (1, 2), (2, 11), (2, 10), (10, 11), (10, 11)])
([623], [2, 3, 10, 11], [(2, 2), (2, 3), (3, 11), (3, 10), (10, 11), (10, 11)])
([625], [2, 3, 9, 15], [(2, 2), (2, 3), (3, 9), (3, 15), (9, 15), (9, 15)])
([626], [2, 3, 10, 11], [(2, 2), (2, 3), (3, 11), (3, 10), (10, 11), (10, 11)])
([627], [1, 2, 9, 10], [(1, 1), (1, 2), (2, 10), (2, 9), (9, 10), (9, 10)])
([629], [1, 2, 11, 14], [(1, 1), (1, 2), (2, 11), (2, 14), (11, 14), (11, 14)])
([630], [1, 2, 12, 15], [(1, 1), (1, 2), (2, 12), (2, 15), (12, 15), (12, 15)])
([631], [1, 2, 13, 14], [(1, 1), (1, 2), (2, 13), (2, 14), (13, 14), (13, 14)])
([635], [1, 2, 10, 11], [(1, 1), (1, 2), (2, 10), (2, 11), (10, 11), (10, 11)])
([636], [1, 2, 10, 11], [(1, 1), (1, 2), (2, 10), (2, 11), (10, 11), (10, 11)])
([637], [1, 2, 9, 15], [(1, 1), (1, 2), (2, 9), (2, 15), (9, 15), (9, 15)])
([638], [1, 2, 9, 14], [(1, 1), (1, 2), (2, 14), (2, 9), (9, 14), (9, 14)])
([639], [1, 2, 12, 13], [(1, 1), (1, 2), (2, 12), (2, 13), (12, 13), (12, 13)])
([641], [1, 2, 11, 14], [(1, 2), (1, 11), (1, 14), (2, 2), (11, 14), (11, 14)])
([642], [2, 3, 9, 14], [(2, 3), (2, 14), (2, 9), (3, 3), (9, 14), (9, 14)])
([644], [2, 3, 13, 14], [(2, 3), (2, 13), (2, 14), (3, 3), (13, 14), (13, 14)])
([645], [2, 3, 9, 10], [(2, 9), (2, 10), (2, 3), (3, 3), (9, 10), (9, 10)])
([646], [2, 3, 8, 15], [(2, 8), (2, 3), (2, 15), (3, 3), (8, 15), (8, 15)])
([647], [2, 3, 9, 10], [(2, 9), (2, 10), (2, 3), (3, 3), (9, 10), (9, 10)])
([652], [3, 4, 7, 14], [(3, 4), (3, 7), (3, 14), (4, 4), (7, 14), (7, 14)])
([653], [2, 3, 12, 15], [(2, 3), (2, 12), (2, 15), (3, 3), (12, 15), (12, 15)])
([668], [2, 3, 12, 15], [(2, 2), (2, 3), (3, 12), (3, 15), (12, 15), (12, 15)])
([669], [2, 3, 9, 15], [(2, 2), (2, 3), (3, 9), (3, 15), (9, 15), (9, 15)])
([670], [2, 3, 9, 15], [(2, 2), (2, 3), (3, 9), (3, 15), (9, 15), (9, 15)])
([671], [1, 2, 9, 10], [(1, 1), (1, 2), (2, 10), (2, 9), (9, 10), (9, 10)])
([672], [2, 3, 8, 9], [(2, 2), (2, 3), (3, 8), (3, 9), (8, 9), (8, 9)])
([673], [2, 3, 8, 9], [(2, 2), (2, 3), (3, 8), (3, 9), (8, 9), (8, 9)])
([675], [2, 3, 9, 10], [(2, 2), (2, 3), (3, 9), (3, 10), (9, 10), (9, 10)])
([680], [8, 9, 14, 15], [(8, 9), (8, 9), (8, 15), (9, 15), (14, 14), (14, 15)])
([683], [1, 2, 9, 10], [(1, 1), (1, 2), (2, 10), (2, 9), (9, 10), (9, 10)])
([692], [2, 3, 8, 14], [(2, 8), (2, 3), (2, 14), (3, 3), (8, 14), (8, 14)])
([693], [2, 3, 9, 14], [(2, 9), (2, 3), (2, 14), (3, 3), (9, 14), (9, 14)])
([694], [2, 3, 12, 14], [(2, 3), (2, 12), (2, 14), (3, 3), (12, 14), (12, 14)])
([695], [2, 3, 9, 14], [(2, 9), (2, 3), (2, 14), (3, 3), (9, 14), (9, 14)])
([699], [7, 12, 14, 15], [(7, 12), (7, 12), (7, 15), (12, 15), (14, 14), (14, 15)])
([700], [9, 10, 12, 13], [(9, 9), (9, 10), (10, 12), (10, 13), (12, 13), (12, 13)])
([708], [3, 4, 8, 14], [(3, 4), (3, 8), (3, 14), (4, 4), (8, 14), (8, 14)])
([709], [3, 4, 12, 15], [(3, 12), (3, 4), (3, 15), (4, 4), (12, 15), (12, 15)])
([710], [3, 4, 8, 14], [(3, 4), (3, 8), (3, 14), (4, 4), (8, 14), (8, 14)])
([724], [9, 10, 12, 13], [(9, 10), (9, 12), (9, 13), (10, 10), (12, 13), (12, 13)])
([733], [7, 13, 14, 15], [(7, 13), (7, 13), (7, 15), (13, 15), (14, 14), (14, 15)])
([743], [2, 3, 12, 15], [(2, 2), (2, 3), (3, 12), (3, 15), (12, 15), (12, 15)])
([744], [1, 2, 8, 15], [(1, 1), (1, 2), (2, 8), (2, 15), (8, 15), (8, 15)])
([745], [2, 3, 8, 15], [(2, 2), (2, 3), (3, 8), (3, 15), (8, 15), (8, 15)])
([751], [1, 2, 12, 15], [(1, 1), (1, 2), (2, 12), (2, 15), (12, 15), (12, 15)])
([753], [1, 2, 8, 15], [(1, 1), (1, 2), (2, 8), (2, 15), (8, 15), (8, 15)])
([754], [1, 2, 14, 15], [(1, 2), (1, 14), (1, 15), (2, 2), (14, 15), (14, 15)])
([755], [2, 3, 12, 13], [(2, 3), (2, 12), (2, 13), (3, 3), (12, 13), (12, 13)])
([762], [2, 3, 7, 15], [(2, 15), (2, 3), (2, 7), (3, 3), (7, 15), (7, 15)])
([763], [2, 3, 8, 15], [(2, 8), (2, 3), (2, 15), (3, 3), (8, 15), (8, 15)])
([764], [2, 3, 8, 13], [(2, 8), (2, 3), (2, 13), (3, 3), (8, 13), (8, 13)])
([765], [2, 3, 8, 15], [(2, 8), (2, 3), (2, 15), (3, 3), (8, 15), (8, 15)])
([766], [1, 2, 13, 15], [(1, 2), (1, 13), (1, 15), (2, 2), (13, 15), (13, 15)])
([767], [2, 3, 12, 13], [(2, 3), (2, 12), (2, 13), (3, 3), (12, 13), (12, 13)])
([768], [3, 4, 8, 9], [(3, 8), (3, 9), (3, 4), (4, 4), (8, 9), (8, 9)])
([769], [2, 3, 9, 10], [(2, 9), (2, 10), (2, 3), (3, 3), (9, 10), (9, 10)])
([770], [3, 4, 9, 10], [(3, 9), (3, 4), (3, 10), (4, 4), (9, 10), (9, 10)])
([771], [2, 3, 9, 10], [(2, 9), (2, 10), (2, 3), (3, 3), (9, 10), (9, 10)])
([773], [3, 4, 9, 10], [(3, 9), (3, 4), (3, 10), (4, 4), (9, 10), (9, 10)])
([774], [2, 3, 8, 9], [(2, 8), (2, 3), (2, 9), (3, 3), (8, 9), (8, 9)])
([775], [1, 2, 10, 11], [(1, 1), (1, 2), (2, 11), (2, 10), (10, 11), (10, 11)])
([776], [1, 2, 10, 11], [(1, 1), (1, 2), (2, 11), (2, 10), (10, 11), (10, 11)])
([777], [1, 2, 9, 15], [(1, 1), (1, 2), (2, 15), (2, 9), (9, 15), (9, 15)])
([778], [1, 2, 9, 10], [(1, 1), (1, 2), (2, 10), (2, 9), (9, 10), (9, 10)])
([779], [1, 2, 12, 13], [(1, 1), (1, 2), (2, 12), (2, 13), (12, 13), (12, 13)])
([788], [2, 3, 9, 15], [(2, 9), (2, 3), (2, 15), (3, 3), (9, 15), (9, 15)])
([790], [2, 3, 11, 15], [(2, 11), (2, 3), (2, 15), (3, 3), (11, 15), (11, 15)])
([795], [1, 2, 11, 12], [(1, 1), (1, 2), (2, 11), (2, 12), (11, 12), (11, 12)])
([796], [3, 4, 11, 12], [(3, 12), (3, 11), (3, 4), (4, 4), (11, 12), (11, 12)])
([809], [2, 3, 10, 11], [(2, 2), (2, 3), (3, 11), (3, 10), (10, 11), (10, 11)])
([810], [2, 3, 12, 13], [(2, 2), (2, 3), (3, 12), (3, 13), (12, 13), (12, 13)])
([811], [1, 2, 9, 10], [(1, 1), (1, 2), (2, 10), (2, 9), (9, 10), (9, 10)])
([817], [1, 2, 9, 10], [(1, 1), (1, 2), (2, 10), (2, 9), (9, 10), (9, 10)])
([818], [1, 2, 9, 10], [(1, 1), (1, 2), (2, 10), (2, 9), (9, 10), (9, 10)])
([823], [8, 9, 11, 14], [(8, 8), (8, 9), (9, 11), (9, 14), (11, 14), (11, 14)])
([831], [1, 2, 8, 15], [(1, 1), (1, 2), (2, 8), (2, 15), (8, 15), (8, 15)])
([833], [10, 11, 13, 15], [(10, 10), (10, 11), (11, 13), (11, 15), (13, 15), (13, 15)])
([836], [2, 3, 9, 10], [(2, 9), (2, 10), (2, 3), (3, 3), (9, 10), (9, 10)])
([837], [2, 3, 8, 15], [(2, 8), (2, 3), (2, 15), (3, 3), (8, 15), (8, 15)])
([838], [3, 4, 9, 10], [(3, 9), (3, 10), (3, 4), (4, 4), (9, 10), (9, 10)])
([840], [2, 3, 10, 11], [(2, 2), (2, 3), (3, 11), (3, 10), (10, 11), (10, 11)])
([841], [2, 3, 10, 11], [(2, 2), (2, 3), (3, 11), (3, 10), (10, 11), (10, 11)])
([847], [7, 8, 14, 15], [(7, 8), (7, 8), (7, 15), (8, 15), (14, 14), (14, 15)])
([850], [1, 2, 12, 13], [(1, 1), (1, 2), (2, 12), (2, 13), (12, 13), (12, 13)])
([851], [1, 2, 12, 13], [(1, 1), (1, 2), (2, 12), (2, 13), (12, 13), (12, 13)])
([852], [1, 2, 11, 15], [(1, 1), (1, 2), (2, 11), (2, 15), (11, 15), (11, 15)])
([853], [1, 2, 8, 9], [(1, 1), (1, 2), (2, 8), (2, 9), (8, 9), (8, 9)])
([856], [3, 4, 12, 13], [(3, 12), (3, 4), (3, 13), (4, 4), (12, 13), (12, 13)])
([859], [9, 12, 13, 15], [(9, 13), (9, 15), (9, 15), (12, 12), (12, 13), (13, 15)])
([860], [9, 13, 14, 15], [(9, 15), (9, 13), (9, 13), (13, 15), (14, 14), (14, 15)])
([862], [2, 3, 7, 15], [(2, 7), (2, 3), (2, 15), (3, 3), (7, 15), (7, 15)])
([863], [7, 8, 10, 11], [(7, 8), (7, 7), (8, 10), (8, 11), (10, 11), (10, 11)])
([864], [8, 9, 12, 13], [(8, 8), (8, 9), (9, 12), (9, 13), (12, 13), (12, 13)])
([865], [8, 9, 12, 13], [(8, 8), (8, 9), (9, 12), (9, 13), (12, 13), (12, 13)])
([869], [8, 9, 14, 15], [(8, 9), (8, 9), (8, 15), (9, 15), (14, 14), (14, 15)])
([870], [8, 9, 14, 15], [(8, 15), (8, 9), (8, 9), (9, 15), (14, 14), (14, 15)])
([871], [9, 11, 14, 15], [(9, 11), (9, 11), (9, 15), (11, 15), (14, 15), (14, 14)])
([874], [9, 10, 12, 13], [(9, 10), (9, 12), (9, 13), (10, 10), (12, 13), (12, 13)])
([879], [9, 10, 12, 13], [(9, 10), (9, 12), (9, 13), (10, 10), (12, 13), (12, 13)])
([881], [1, 2, 13, 15], [(1, 1), (1, 2), (2, 13), (2, 15), (13, 15), (13, 15)])
([882], [2, 3, 9, 10], [(2, 2), (2, 3), (3, 9), (3, 10), (9, 10), (9, 10)])
([883], [2, 3, 10, 11], [(2, 11), (2, 10), (2, 3), (3, 3), (10, 11), (10, 11)])
([884], [2, 3, 9, 10], [(2, 9), (2, 10), (2, 3), (3, 3), (9, 10), (9, 10)])
([885], [8, 9, 14, 15], [(8, 9), (8, 9), (8, 15), (9, 15), (14, 14), (14, 15)])
([887], [3, 4, 8, 14], [(3, 4), (3, 8), (3, 14), (4, 4), (8, 14), (8, 14)])
([892], [2, 3, 11, 13], [(2, 11), (2, 3), (2, 13), (3, 3), (11, 13), (11, 13)])
([910], [1, 2, 11, 12], [(1, 2), (1, 11), (1, 12), (2, 2), (11, 12), (11, 12)])
([911], [1, 2, 10, 11], [(1, 2), (1, 11), (1, 10), (2, 2), (10, 11), (10, 11)])
([915], [7, 8, 14, 15], [(7, 8), (7, 8), (7, 15), (8, 15), (14, 14), (14, 15)])
([917], [1, 2, 9, 14], [(1, 1), (1, 2), (2, 9), (2, 14), (9, 14), (9, 14)])
([918], [1, 2, 10, 11], [(1, 1), (1, 2), (2, 10), (2, 11), (10, 11), (10, 11)])
([919], [1, 2, 9, 15], [(1, 1), (1, 2), (2, 9), (2, 15), (9, 15), (9, 15)])
([924], [6, 7, 14, 15], [(6, 15), (6, 7), (6, 7), (7, 15), (14, 14), (14, 15)])
([925], [8, 9, 14, 15], [(8, 9), (8, 9), (8, 15), (9, 15), (14, 14), (14, 15)])
([926], [7, 11, 14, 15], [(7, 11), (7, 11), (7, 15), (11, 15), (14, 14), (14, 15)])
([933], [2, 3, 10, 11], [(2, 2), (2, 3), (3, 11), (3, 10), (10, 11), (10, 11)])
([945], [2, 3, 10, 11], [(2, 2), (2, 3), (3, 11), (3, 10), (10, 11), (10, 11)])
([954], [2, 3, 12, 15], [(2, 2), (2, 3), (3, 12), (3, 15), (12, 15), (12, 15)])
([958], [3, 4, 9, 14], [(3, 9), (3, 4), (3, 14), (4, 4), (9, 14), (9, 14)])
([960], [1, 2, 9, 15], [(1, 9), (1, 2), (1, 15), (2, 2), (9, 15), (9, 15)])
([961], [1, 2, 7, 15], [(1, 1), (1, 2), (2, 7), (2, 15), (7, 15), (7, 15)])
([964], [8, 9, 11, 12], [(8, 9), (8, 11), (8, 12), (9, 9), (11, 12), (11, 12)])
([971], [7, 11, 14, 15], [(7, 11), (7, 11), (7, 15), (11, 15), (14, 14), (14, 15)])
([972], [2, 3, 8, 15], [(2, 8), (2, 3), (2, 15), (3, 3), (8, 15), (8, 15)])
([973], [3, 4, 8, 15], [(3, 8), (3, 4), (3, 15), (4, 4), (8, 15), (8, 15)])
([974], [3, 4, 8, 13], [(3, 8), (3, 4), (3, 13), (4, 4), (8, 13), (8, 13)])
([975], [2, 3, 12, 15], [(2, 3), (2, 12), (2, 15), (3, 3), (12, 15), (12, 15)])
([979], [9, 10, 12, 13], [(9, 10), (9, 12), (9, 13), (10, 10), (12, 13), (12, 13)])
([982], [3, 4, 8, 14], [(3, 4), (3, 8), (3, 14), (4, 4), (8, 14), (8, 14)])
([983], [11, 12, 14, 15], [(11, 12), (11, 14), (11, 15), (12, 12), (14, 15), (14, 15)])
([984], [10, 11, 13, 14], [(10, 11), (10, 13), (10, 14), (11, 11), (13, 14), (13, 14)])
([985], [2, 3, 9, 14], [(2, 3), (2, 14), (2, 9), (3, 3), (9, 14), (9, 14)])
([986], [3, 4, 9, 14], [(3, 9), (3, 4), (3, 14), (4, 4), (9, 14), (9, 14)])
([989], [2, 3, 8, 13], [(2, 8), (2, 3), (2, 13), (3, 3), (8, 13), (8, 13)])
([990], [1, 2, 10, 13], [(1, 2), (1, 10), (1, 13), (2, 2), (10, 13), (10, 13)])
([991], [1, 2, 10, 15], [(1, 2), (1, 10), (1, 15), (2, 2), (10, 15), (10, 15)])
([992], [2, 3, 12, 15], [(2, 2), (2, 3), (3, 12), (3, 15), (12, 15), (12, 15)])
([994], [8, 9, 11, 14], [(8, 9), (8, 11), (8, 14), (9, 9), (11, 14), (11, 14)])
([995], [2, 3, 8, 13], [(2, 2), (2, 3), (3, 8), (3, 13), (8, 13), (8, 13)])
([997], [1, 2, 14, 15], [(1, 1), (1, 2), (2, 14), (2, 15), (14, 15), (14, 15)])
([998], [3, 4, 7, 13], [(3, 4), (3, 13), (3, 7), (4, 4), (7, 13), (7, 13)])
([1005], [2, 3, 8, 15], [(2, 8), (2, 3), (2, 15), (3, 3), (8, 15), (8, 15)])
([1006], [2, 3, 8, 15], [(2, 8), (2, 3), (2, 15), (3, 3), (8, 15), (8, 15)])
([1007], [3, 4, 10, 15], [(3, 10), (3, 4), (3, 15), (4, 4), (10, 15), (10, 15)])
([1008], [3, 4, 8, 13], [(3, 8), (3, 4), (3, 13), (4, 4), (8, 13), (8, 13)])
([1010], [2, 3, 12, 15], [(2, 3), (2, 12), (2, 15), (3, 3), (12, 15), (12, 15)])
([1017], [8, 9, 11, 15], [(8, 8), (8, 9), (9, 11), (9, 15), (11, 15), (11, 15)])
([1018], [8, 9, 11, 15], [(8, 8), (8, 9), (9, 11), (9, 15), (11, 15), (11, 15)])
([1019], [9, 10, 13, 15], [(9, 9), (9, 10), (10, 13), (10, 15), (13, 15), (13, 15)])
([1035], [6, 7, 14, 15], [(6, 15), (6, 7), (6, 7), (7, 15), (14, 14), (14, 15)])
([1045], [9, 10, 12, 13], [(9, 10), (9, 12), (9, 13), (10, 10), (12, 13), (12, 13)])
([1046], [9, 10, 12, 13], [(9, 10), (9, 12), (9, 13), (10, 10), (12, 13), (12, 13)])
([1047], [7, 8, 10, 11], [(7, 8), (7, 10), (7, 11), (8, 8), (10, 11), (10, 11)])
([1048], [9, 10, 12, 13], [(9, 10), (9, 12), (9, 13), (10, 10), (12, 13), (12, 13)])
([1049], [8, 9, 11, 12], [(8, 9), (8, 11), (8, 12), (9, 9), (11, 12), (11, 12)])
([1066], [6, 12, 14, 15], [(6, 12), (6, 12), (6, 15), (12, 15), (14, 15), (14, 14)])
([1067], [7, 12, 13, 15], [(7, 13), (7, 15), (7, 15), (12, 12), (12, 13), (13, 15)])
([1068], [7, 12, 13, 15], [(7, 13), (7, 15), (7, 15), (12, 12), (12, 13), (13, 15)])
([1069], [8, 12, 13, 15], [(8, 13), (8, 15), (8, 15), (12, 12), (12, 13), (13, 15)])
([1071], [1, 2, 12, 15], [(1, 1), (1, 2), (2, 12), (2, 15), (12, 15), (12, 15)])
([1072], [1, 2, 12, 15], [(1, 1), (1, 2), (2, 12), (2, 15), (12, 15), (12, 15)])
([1076], [7, 8, 10, 11], [(7, 8), (7, 7), (8, 10), (8, 11), (10, 11), (10, 11)])
([1078], [1, 2, 8, 15], [(1, 8), (1, 2), (1, 15), (2, 2), (8, 15), (8, 15)])
([1079], [2, 3, 7, 15], [(2, 15), (2, 3), (2, 7), (3, 3), (7, 15), (7, 15)])
([1080], [2, 3, 8, 15], [(2, 8), (2, 3), (2, 15), (3, 3), (8, 15), (8, 15)])
([1082], [2, 3, 8, 15], [(2, 8), (2, 3), (2, 15), (3, 3), (8, 15), (8, 15)])
([1083], [1, 2, 7, 15], [(1, 2), (1, 15), (1, 7), (2, 2), (7, 15), (7, 15)])
([1084], [8, 9, 11, 12], [(8, 8), (8, 9), (9, 11), (9, 12), (11, 12), (11, 12)])
([1087], [2, 3, 7, 8], [(2, 2), (2, 3), (3, 8), (3, 7), (7, 8), (7, 8)])
([1088], [1, 2, 8, 9], [(1, 1), (1, 2), (2, 8), (2, 9), (8, 9), (8, 9)])
([1090], [2, 3, 8, 9], [(2, 2), (2, 3), (3, 8), (3, 9), (8, 9), (8, 9)])
([1091], [2, 3, 8, 9], [(2, 2), (2, 3), (3, 8), (3, 9), (8, 9), (8, 9)])
([1101], [1, 2, 9, 10], [(1, 1), (1, 2), (2, 9), (2, 10), (9, 10), (9, 10)])
([1102], [2, 3, 8, 14], [(2, 2), (2, 3), (3, 8), (3, 14), (8, 14), (8, 14)])
([1103], [2, 3, 11, 12], [(2, 2), (2, 3), (3, 11), (3, 12), (11, 12), (11, 12)])
([1104], [2, 3, 9, 10], [(2, 2), (2, 3), (3, 9), (3, 10), (9, 10), (9, 10)])
([1127], [2, 3, 9, 10], [(2, 9), (2, 10), (2, 3), (3, 3), (9, 10), (9, 10)])
([1128], [1, 2, 8, 15], [(1, 8), (1, 2), (1, 15), (2, 2), (8, 15), (8, 15)])
([1129], [2, 3, 8, 9], [(2, 8), (2, 3), (2, 9), (3, 3), (8, 9), (8, 9)])
([1137], [2, 3, 7, 13], [(2, 3), (2, 13), (2, 7), (3, 3), (7, 13), (7, 13)])
([1138], [2, 3, 7, 13], [(2, 3), (2, 13), (2, 7), (3, 3), (7, 13), (7, 13)])
([1139], [3, 4, 7, 13], [(3, 4), (3, 13), (3, 7), (4, 4), (7, 13), (7, 13)])
([1141], [2, 3, 11, 13], [(2, 11), (2, 3), (2, 13), (3, 3), (11, 13), (11, 13)])
([1142], [9, 10, 12, 13], [(9, 10), (9, 12), (9, 13), (10, 10), (12, 13), (12, 13)])
([1143], [9, 10, 12, 13], [(9, 10), (9, 12), (9, 13), (10, 10), (12, 13), (12, 13)])
([1144], [7, 8, 10, 11], [(7, 8), (7, 10), (7, 11), (8, 8), (10, 11), (10, 11)])
([1145], [8, 9, 11, 14], [(8, 9), (8, 11), (8, 14), (9, 9), (11, 14), (11, 14)])
([1153], [6, 7, 9, 14], [(6, 6), (6, 7), (7, 9), (7, 14), (9, 14), (9, 14)])
([1155], [8, 9, 11, 14], [(8, 8), (8, 9), (9, 11), (9, 14), (11, 14), (11, 14)])
([1156], [9, 10, 12, 13], [(9, 9), (9, 10), (10, 12), (10, 13), (12, 13), (12, 13)])
([1157], [7, 8, 10, 11], [(7, 8), (7, 7), (8, 10), (8, 11), (10, 11), (10, 11)])
([1158], [8, 9, 12, 13], [(8, 8), (8, 9), (9, 12), (9, 13), (12, 13), (12, 13)])
([1159], [8, 9, 12, 13], [(8, 8), (8, 9), (9, 12), (9, 13), (12, 13), (12, 13)])
([1166], [2, 3, 11, 12], [(2, 11), (2, 3), (2, 12), (3, 3), (11, 12), (11, 12)])
([1167], [2, 3, 10, 15], [(2, 10), (2, 3), (2, 15), (3, 3), (10, 15), (10, 15)])
([1168], [3, 4, 11, 12], [(3, 12), (3, 11), (3, 4), (4, 4), (11, 12), (11, 12)])
([1184], [2, 3, 8, 13], [(2, 8), (2, 3), (2, 13), (3, 3), (8, 13), (8, 13)])
([1186], [2, 3, 8, 15], [(2, 8), (2, 3), (2, 15), (3, 3), (8, 15), (8, 15)])
([1187], [1, 2, 9, 15], [(1, 9), (1, 2), (1, 15), (2, 2), (9, 15), (9, 15)])
([1188], [2, 3, 9, 15], [(2, 9), (2, 3), (2, 15), (3, 3), (9, 15), (9, 15)])
([1189], [2, 3, 11, 15], [(2, 11), (2, 3), (2, 15), (3, 3), (11, 15), (11, 15)])
([1190], [1, 2, 8, 13], [(1, 8), (1, 2), (1, 13), (2, 2), (8, 13), (8, 13)])
([1191], [2, 3, 8, 13], [(2, 8), (2, 3), (2, 13), (3, 3), (8, 13), (8, 13)])
([1193], [2, 3, 8, 13], [(2, 8), (2, 3), (2, 13), (3, 3), (8, 13), (8, 13)])
([1195], [1, 2, 11, 12], [(1, 1), (1, 2), (2, 11), (2, 12), (11, 12), (11, 12)])
([1196], [8, 9, 11, 14], [(8, 9), (8, 11), (8, 14), (9, 9), (11, 14), (11, 14)])
([1201], [1, 2, 11, 15], [(1, 2), (1, 11), (1, 15), (2, 2), (11, 15), (11, 15)])
([1203], [2, 3, 12, 13], [(2, 3), (2, 12), (2, 13), (3, 3), (12, 13), (12, 13)])
([1204], [9, 10, 12, 13], [(9, 10), (9, 12), (9, 13), (10, 10), (12, 13), (12, 13)])
([1205], [7, 8, 10, 11], [(7, 8), (7, 10), (7, 11), (8, 8), (10, 11), (10, 11)])
([1206], [8, 9, 11, 14], [(8, 9), (8, 11), (8, 14), (9, 9), (11, 14), (11, 14)])
([1208], [2, 3, 9, 10], [(2, 2), (2, 3), (3, 9), (3, 10), (9, 10), (9, 10)])
([1210], [1, 2, 9, 10], [(1, 1), (1, 2), (2, 10), (2, 9), (9, 10), (9, 10)])
([1224], [8, 12, 14, 15], [(8, 12), (8, 12), (8, 15), (12, 15), (14, 15), (14, 14)])
([1225], [9, 13, 14, 15], [(9, 13), (9, 13), (9, 15), (13, 15), (14, 14), (14, 15)])
([1227], [1, 2, 8, 14], [(1, 1), (1, 2), (2, 8), (2, 14), (8, 14), (8, 14)])
([1228], [1, 2, 8, 14], [(1, 1), (1, 2), (2, 8), (2, 14), (8, 14), (8, 14)])
([1229], [1, 2, 9, 10], [(1, 1), (1, 2), (2, 10), (2, 9), (9, 10), (9, 10)])
([1254], [2, 3, 11, 15], [(2, 11), (2, 3), (2, 15), (3, 3), (11, 15), (11, 15)])
([1275], [8, 9, 14, 15], [(8, 9), (8, 9), (8, 15), (9, 15), (14, 14), (14, 15)])
([1276], [7, 13, 14, 15], [(7, 13), (7, 13), (7, 15), (13, 15), (14, 14), (14, 15)])
([1277], [6, 7, 14, 15], [(6, 15), (6, 7), (6, 7), (7, 15), (14, 14), (14, 15)])
([1278], [8, 9, 14, 15], [(8, 9), (8, 9), (8, 15), (9, 15), (14, 14), (14, 15)])
([1279], [7, 8, 14, 15], [(7, 8), (7, 8), (7, 15), (8, 15), (14, 14), (14, 15)])
([1287], [6, 7, 9, 10], [(6, 9), (6, 10), (6, 7), (7, 7), (9, 10), (9, 10)])
([1288], [6, 7, 10, 11], [(6, 6), (6, 7), (7, 10), (7, 11), (10, 11), (10, 11)])
([1289], [7, 8, 12, 13], [(7, 8), (7, 7), (8, 12), (8, 13), (12, 13), (12, 13)])
([1294], [1, 2, 11, 14], [(1, 1), (1, 2), (2, 11), (2, 14), (11, 14), (11, 14)])
([1298], [8, 9, 11, 14], [(8, 8), (8, 9), (9, 11), (9, 14), (11, 14), (11, 14)])
([1299], [8, 9, 12, 13], [(8, 8), (8, 9), (9, 12), (9, 13), (12, 13), (12, 13)])
([1308], [5, 6, 14, 15], [(5, 6), (5, 6), (5, 15), (6, 15), (14, 15), (14, 14)])
([1309], [7, 8, 14, 15], [(7, 8), (7, 8), (7, 15), (8, 15), (14, 14), (14, 15)])
([1310], [6, 7, 14, 15], [(6, 15), (6, 7), (6, 7), (7, 15), (14, 14), (14, 15)])
([1311], [8, 9, 14, 15], [(8, 9), (8, 9), (8, 15), (9, 15), (14, 14), (14, 15)])
([1312], [7, 11, 14, 15], [(7, 11), (7, 11), (7, 15), (11, 15), (14, 14), (14, 15)])
([1313], [2, 3, 9, 14], [(2, 9), (2, 3), (2, 14), (3, 3), (9, 14), (9, 14)])
([1314], [2, 3, 12, 14], [(2, 3), (2, 12), (2, 14), (3, 3), (12, 14), (12, 14)])
([1317], [7, 10, 14, 15], [(7, 10), (7, 10), (7, 15), (10, 15), (14, 14), (14, 15)])
([1336], [1, 2, 9, 10], [(1, 9), (1, 2), (1, 10), (2, 2), (9, 10), (9, 10)])
([1337], [1, 2, 9, 14], [(1, 9), (1, 2), (1, 14), (2, 2), (9, 14), (9, 14)])
([1338], [2, 3, 9, 10], [(2, 2), (2, 3), (3, 9), (3, 10), (9, 10), (9, 10)])
([1339], [7, 8, 10, 14], [(7, 8), (7, 10), (7, 14), (8, 8), (10, 14), (10, 14)])
([1345], [1, 2, 9, 10], [(1, 1), (1, 2), (2, 10), (2, 9), (9, 10), (9, 10)])
([1351], [8, 9, 14, 15], [(8, 9), (8, 9), (8, 15), (9, 15), (14, 14), (14, 15)])
([1352], [7, 11, 14, 15], [(7, 11), (7, 11), (7, 15), (11, 15), (14, 14), (14, 15)])
([1357], [2, 3, 12, 14], [(2, 3), (2, 12), (2, 14), (3, 3), (12, 14), (12, 14)])
([1358], [2, 3, 12, 14], [(2, 3), (2, 12), (2, 14), (3, 3), (12, 14), (12, 14)])
([1362], [1, 2, 9, 15], [(1, 9), (1, 2), (1, 15), (2, 2), (9, 15), (9, 15)])
([1363], [2, 3, 9, 15], [(2, 9), (2, 3), (2, 15), (3, 3), (9, 15), (9, 15)])
([1368], [2, 3, 8, 15], [(2, 2), (2, 3), (3, 8), (3, 15), (8, 15), (8, 15)])
([1385], [1, 2, 11, 15], [(1, 1), (1, 2), (2, 11), (2, 15), (11, 15), (11, 15)])
([1387], [7, 13, 14, 15], [(7, 13), (7, 13), (7, 15), (13, 15), (14, 14), (14, 15)])
([1388], [7, 11, 14, 15], [(7, 11), (7, 11), (7, 15), (11, 15), (14, 14), (14, 15)])
([1389], [1, 2, 8, 15], [(1, 8), (1, 2), (1, 15), (2, 2), (8, 15), (8, 15)])
([1390], [2, 3, 7, 15], [(2, 15), (2, 3), (2, 7), (3, 3), (7, 15), (7, 15)])
([1392], [1, 2, 11, 12], [(1, 1), (1, 2), (2, 11), (2, 12), (11, 12), (11, 12)])
([1393], [1, 2, 11, 15], [(1, 1), (1, 2), (2, 11), (2, 15), (11, 15), (11, 15)])
([1394], [2, 3, 9, 10], [(2, 9), (2, 10), (2, 3), (3, 3), (9, 10), (9, 10)])
([1396], [3, 4, 9, 10], [(3, 9), (3, 4), (3, 10), (4, 4), (9, 10), (9, 10)])
([1397], [2, 3, 8, 9], [(2, 8), (2, 3), (2, 9), (3, 3), (8, 9), (8, 9)])
([1413], [2, 3, 12, 15], [(2, 3), (2, 12), (2, 15), (3, 3), (12, 15), (12, 15)])
([1416], [5, 10, 14, 15], [(5, 10), (5, 10), (5, 15), (10, 15), (14, 15), (14, 14)])
([1422], [1, 2, 10, 14], [(1, 2), (1, 10), (1, 14), (2, 2), (10, 14), (10, 14)])
([1424], [1, 2, 8, 15], [(1, 1), (1, 2), (2, 8), (2, 15), (8, 15), (8, 15)])
([1438], [1, 2, 7, 15], [(1, 2), (1, 15), (1, 7), (2, 2), (7, 15), (7, 15)])
([1439], [2, 3, 7, 15], [(2, 7), (2, 3), (2, 15), (3, 3), (7, 15), (7, 15)])
([1444], [2, 3, 11, 13], [(2, 11), (2, 3), (2, 13), (3, 3), (11, 13), (11, 13)])
([1445], [6, 7, 14, 15], [(6, 15), (6, 7), (6, 7), (7, 15), (14, 14), (14, 15)])
([1446], [5, 6, 14, 15], [(5, 6), (5, 6), (5, 15), (6, 15), (14, 14), (14, 15)])
([1447], [5, 13, 14, 15], [(5, 13), (5, 13), (5, 15), (13, 15), (14, 14), (14, 15)])
([1455], [7, 8, 12, 13], [(7, 8), (7, 8), (7, 13), (8, 13), (12, 12), (12, 13)])
([1458], [1, 2, 11, 15], [(1, 1), (1, 2), (2, 11), (2, 15), (11, 15), (11, 15)])
([1459], [6, 11, 14, 15], [(6, 11), (6, 11), (6, 15), (11, 15), (14, 15), (14, 14)])
([1469], [1, 2, 11, 14], [(1, 1), (1, 2), (2, 11), (2, 14), (11, 14), (11, 14)])
([1471], [2, 3, 9, 14], [(2, 3), (2, 14), (2, 9), (3, 3), (9, 14), (9, 14)])
([1472], [2, 3, 9, 14], [(2, 3), (2, 14), (2, 9), (3, 3), (9, 14), (9, 14)])
([1473], [2, 3, 11, 14], [(2, 3), (2, 11), (2, 14), (3, 3), (11, 14), (11, 14)])
([1479], [1, 2, 8, 9], [(1, 1), (1, 2), (2, 8), (2, 9), (8, 9), (8, 9)])
([1482], [7, 12, 14, 15], [(7, 12), (7, 12), (7, 15), (12, 15), (14, 14), (14, 15)])
([1488], [8, 9, 11, 12], [(8, 9), (8, 11), (8, 12), (9, 9), (11, 12), (11, 12)])
([1489], [2, 3, 8, 13], [(2, 8), (2, 3), (2, 13), (3, 3), (8, 13), (8, 13)])
([1497], [2, 3, 9, 10], [(2, 9), (2, 10), (2, 3), (3, 3), (9, 10), (9, 10)])
([1505], [2, 3, 9, 14], [(2, 3), (2, 14), (2, 9), (3, 3), (9, 14), (9, 14)])
([1506], [3, 4, 9, 14], [(3, 9), (3, 4), (3, 14), (4, 4), (9, 14), (9, 14)])
([1511], [1, 2, 10, 14], [(1, 1), (1, 2), (2, 10), (2, 14), (10, 14), (10, 14)])
([1521], [2, 3, 12, 15], [(2, 3), (2, 12), (2, 15), (3, 3), (12, 15), (12, 15)])
([1525], [2, 3, 11, 13], [(2, 2), (2, 3), (3, 11), (3, 13), (11, 13), (11, 13)])
([1526], [2, 3, 8, 14], [(2, 8), (2, 3), (2, 14), (3, 3), (8, 14), (8, 14)])
([1527], [2, 3, 9, 14], [(2, 3), (2, 14), (2, 9), (3, 3), (9, 14), (9, 14)])
([1540], [1, 2, 8, 15], [(1, 1), (1, 2), (2, 8), (2, 15), (8, 15), (8, 15)])
([1545], [1, 2, 9, 15], [(1, 1), (1, 2), (2, 15), (2, 9), (9, 15), (9, 15)])
([1546], [6, 13, 14, 15], [(6, 13), (6, 13), (6, 15), (13, 15), (14, 14), (14, 15)])
([1547], [6, 11, 14, 15], [(6, 11), (6, 11), (6, 15), (11, 15), (14, 14), (14, 15)])
([1561], [1, 2, 13, 14], [(1, 2), (1, 13), (1, 14), (2, 2), (13, 14), (13, 14)])
([1565], [1, 2, 9, 13], [(1, 9), (1, 2), (1, 13), (2, 2), (9, 13), (9, 13)])
([1581], [8, 9, 11, 14], [(8, 8), (8, 9), (9, 11), (9, 14), (11, 14), (11, 14)])
([1586], [8, 9, 11, 14], [(8, 11), (8, 9), (8, 14), (9, 9), (11, 14), (11, 14)])
([1587], [8, 9, 11, 14], [(8, 9), (8, 11), (8, 14), (9, 9), (11, 14), (11, 14)])
([1590], [8, 9, 11, 12], [(8, 9), (8, 11), (8, 12), (9, 9), (11, 12), (11, 12)])
([1603], [6, 7, 9, 10], [(6, 9), (6, 10), (6, 7), (7, 7), (9, 10), (9, 10)])
([1604], [7, 13, 14, 15], [(7, 13), (7, 13), (7, 15), (13, 15), (14, 14), (14, 15)])
([1605], [7, 12, 13, 15], [(7, 13), (7, 15), (7, 15), (12, 12), (12, 13), (13, 15)])
([1606], [5, 13, 14, 15], [(5, 13), (5, 13), (5, 15), (13, 15), (14, 15), (14, 14)])
([1607], [9, 13, 14, 15], [(9, 13), (9, 13), (9, 15), (13, 15), (14, 14), (14, 15)])
([1613], [6, 7, 9, 10], [(6, 6), (6, 7), (7, 9), (7, 10), (9, 10), (9, 10)])
([1634], [2, 3, 12, 14], [(2, 3), (2, 12), (2, 14), (3, 3), (12, 14), (12, 14)])
([1636], [1, 2, 7, 13], [(1, 2), (1, 13), (1, 7), (2, 2), (7, 13), (7, 13)])
([1653], [6, 7, 14, 15], [(6, 15), (6, 7), (6, 7), (7, 15), (14, 14), (14, 15)])
([1654], [8, 9, 14, 15], [(8, 9), (8, 9), (8, 15), (9, 15), (14, 14), (14, 15)])
([1655], [10, 11, 14, 15], [(10, 11), (10, 11), (10, 15), (11, 15), (14, 14), (14, 15)])
([1656], [1, 2, 7, 15], [(1, 2), (1, 15), (1, 7), (2, 2), (7, 15), (7, 15)])
([1658], [2, 3, 7, 13], [(2, 3), (2, 13), (2, 7), (3, 3), (7, 13), (7, 13)])
([1665], [7, 12, 13, 15], [(7, 13), (7, 15), (7, 15), (12, 12), (12, 13), (13, 15)])
([1666], [5, 12, 13, 15], [(5, 13), (5, 15), (5, 15), (12, 12), (12, 13), (13, 15)])
([1667], [8, 12, 13, 15], [(8, 13), (8, 15), (8, 15), (12, 12), (12, 13), (13, 15)])
([1668], [6, 12, 13, 15], [(6, 13), (6, 15), (6, 15), (12, 12), (12, 13), (13, 15)])
([1669], [2, 3, 12, 15], [(2, 3), (2, 12), (2, 15), (3, 3), (12, 15), (12, 15)])
([1671], [2, 3, 11, 13], [(2, 11), (2, 3), (2, 13), (3, 3), (11, 13), (11, 13)])
([1685], [8, 12, 13, 15], [(8, 13), (8, 15), (8, 15), (12, 12), (12, 13), (13, 15)])
([1687], [6, 7, 9, 14], [(6, 7), (6, 9), (6, 14), (7, 7), (9, 14), (9, 14)])
([1688], [6, 7, 9, 14], [(6, 6), (6, 7), (7, 9), (7, 14), (9, 14), (9, 14)])
([1689], [6, 7, 9, 10], [(6, 6), (6, 7), (7, 9), (7, 10), (9, 10), (9, 10)])
([1690], [1, 2, 7, 15], [(1, 2), (1, 15), (1, 7), (2, 2), (7, 15), (7, 15)])
([1692], [1, 2, 8, 13], [(1, 8), (1, 2), (1, 13), (2, 2), (8, 13), (8, 13)])
([1693], [1, 2, 8, 15], [(1, 8), (1, 2), (1, 15), (2, 2), (8, 15), (8, 15)])
([1710], [1, 2, 10, 15], [(1, 1), (1, 2), (2, 10), (2, 15), (10, 15), (10, 15)])
([1712], [1, 2, 11, 15], [(1, 1), (1, 2), (2, 11), (2, 15), (11, 15), (11, 15)])
([1713], [1, 2, 11, 15], [(1, 1), (1, 2), (2, 11), (2, 15), (11, 15), (11, 15)])
([1714], [7, 8, 10, 15], [(7, 8), (7, 10), (7, 15), (8, 8), (10, 15), (10, 15)])
([1715], [6, 7, 9, 10], [(6, 9), (6, 10), (6, 7), (7, 7), (9, 10), (9, 10)])
([1720], [1, 2, 8, 9], [(1, 1), (1, 2), (2, 8), (2, 9), (8, 9), (8, 9)])
([1721], [1, 2, 11, 12], [(1, 1), (1, 2), (2, 11), (2, 12), (11, 12), (11, 12)])
([1722], [1, 2, 8, 15], [(1, 1), (1, 2), (2, 8), (2, 15), (8, 15), (8, 15)])
([1723], [7, 8, 11, 14], [(7, 8), (7, 11), (7, 14), (8, 8), (11, 14), (11, 14)])
([1724], [7, 8, 11, 14], [(7, 8), (7, 11), (7, 14), (8, 8), (11, 14), (11, 14)])
([1730], [6, 7, 9, 14], [(6, 9), (6, 14), (6, 7), (7, 7), (9, 14), (9, 14)])
([1752], [8, 12, 14, 15], [(8, 12), (8, 12), (8, 15), (12, 15), (14, 15), (14, 14)])
([1757], [2, 3, 7, 15], [(2, 2), (2, 3), (3, 15), (3, 7), (7, 15), (7, 15)])
([1759], [2, 3, 10, 15], [(2, 2), (2, 3), (3, 10), (3, 15), (10, 15), (10, 15)])
([1764], [6, 7, 14, 15], [(6, 15), (6, 7), (6, 7), (7, 15), (14, 14), (14, 15)])
([1765], [7, 11, 14, 15], [(7, 11), (7, 11), (7, 15), (11, 15), (14, 14), (14, 15)])
([1766], [7, 11, 14, 15], [(7, 11), (7, 11), (7, 15), (11, 15), (14, 14), (14, 15)])
([1767], [1, 2, 9, 15], [(1, 9), (1, 2), (1, 15), (2, 2), (9, 15), (9, 15)])
([1768], [1, 2, 8, 15], [(1, 8), (1, 2), (1, 15), (2, 2), (8, 15), (8, 15)])
([1769], [1, 2, 11, 15], [(1, 2), (1, 11), (1, 15), (2, 2), (11, 15), (11, 15)])
([1780], [6, 9, 12, 13], [(6, 9), (6, 9), (6, 13), (9, 13), (12, 12), (12, 13)])
([1781], [5, 6, 12, 13], [(5, 13), (5, 6), (5, 6), (6, 13), (12, 12), (12, 13)])
([1782], [6, 11, 12, 13], [(6, 11), (6, 11), (6, 13), (11, 13), (12, 12), (12, 13)])
([1783], [7, 8, 12, 13], [(7, 8), (7, 8), (7, 13), (8, 13), (12, 12), (12, 13)])
([1789], [5, 6, 14, 15], [(5, 6), (5, 6), (5, 15), (6, 15), (14, 14), (14, 15)])
([1790], [5, 13, 14, 15], [(5, 13), (5, 13), (5, 15), (13, 15), (14, 15), (14, 14)])
([1791], [6, 7, 14, 15], [(6, 15), (6, 7), (6, 7), (7, 15), (14, 14), (14, 15)])
([1792], [6, 7, 14, 15], [(6, 15), (6, 7), (6, 7), (7, 15), (14, 14), (14, 15)])
([1793], [5, 6, 14, 15], [(5, 6), (5, 6), (5, 15), (6, 15), (14, 15), (14, 14)])
([1794], [2, 3, 11, 13], [(2, 11), (2, 3), (2, 13), (3, 3), (11, 13), (11, 13)])
([1804], [1, 2, 8, 9], [(1, 1), (1, 2), (2, 8), (2, 9), (8, 9), (8, 9)])
([1810], [1, 2, 7, 15], [(1, 2), (1, 15), (1, 7), (2, 2), (7, 15), (7, 15)])
([1811], [2, 3, 8, 9], [(2, 8), (2, 3), (2, 9), (3, 3), (8, 9), (8, 9)])
([1815], [1, 2, 8, 15], [(1, 8), (1, 2), (1, 15), (2, 2), (8, 15), (8, 15)])
([1818], [1, 2, 8, 14], [(1, 8), (1, 2), (1, 14), (2, 2), (8, 14), (8, 14)])
([1819], [2, 3, 8, 14], [(2, 8), (2, 3), (2, 14), (3, 3), (8, 14), (8, 14)])
([1821], [6, 7, 9, 14], [(6, 6), (6, 7), (7, 9), (7, 14), (9, 14), (9, 14)])
([1822], [6, 7, 9, 10], [(6, 6), (6, 7), (7, 9), (7, 10), (9, 10), (9, 10)])
([1823], [2, 3, 8, 13], [(2, 8), (2, 3), (2, 13), (3, 3), (8, 13), (8, 13)])
([1828], [7, 8, 10, 14], [(7, 8), (7, 7), (8, 10), (8, 14), (10, 14), (10, 14)])
([1829], [8, 9, 11, 12], [(8, 8), (8, 9), (9, 11), (9, 12), (11, 12), (11, 12)])
([1830], [7, 8, 11, 12], [(7, 8), (7, 7), (8, 11), (8, 12), (11, 12), (11, 12)])
([1837], [8, 9, 11, 15], [(8, 8), (8, 9), (9, 11), (9, 15), (11, 15), (11, 15)])
([1841], [5, 6, 14, 15], [(5, 6), (5, 6), (5, 15), (6, 15), (14, 14), (14, 15)])
([1849], [5, 10, 14, 15], [(5, 10), (5, 10), (5, 15), (10, 15), (14, 14), (14, 15)])
([1865], [8, 9, 11, 12], [(8, 9), (8, 11), (8, 12), (9, 9), (11, 12), (11, 12)])
([1879], [5, 6, 14, 15], [(5, 6), (5, 6), (5, 15), (6, 15), (14, 14), (14, 15)])
([1880], [6, 7, 14, 15], [(6, 15), (6, 7), (6, 7), (7, 15), (14, 14), (14, 15)])
([1881], [5, 11, 14, 15], [(5, 11), (5, 11), (5, 15), (11, 15), (14, 14), (14, 15)])
([1900], [6, 11, 14, 15], [(6, 11), (6, 11), (6, 15), (11, 15), (14, 15), (14, 14)])
([1901], [7, 11, 14, 15], [(7, 11), (7, 11), (7, 15), (11, 15), (14, 14), (14, 15)])
([1904], [1, 2, 10, 15], [(1, 1), (1, 2), (2, 10), (2, 15), (10, 15), (10, 15)])
([1906], [1, 2, 11, 15], [(1, 1), (1, 2), (2, 11), (2, 15), (11, 15), (11, 15)])
([1907], [5, 6, 14, 15], [(5, 6), (5, 6), (5, 15), (6, 15), (14, 14), (14, 15)])
([1908], [6, 7, 14, 15], [(6, 15), (6, 7), (6, 7), (7, 15), (14, 14), (14, 15)])
([1909], [5, 11, 14, 15], [(5, 11), (5, 11), (5, 15), (11, 15), (14, 15), (14, 14)])
([1911], [1, 2, 12, 15], [(1, 1), (1, 2), (2, 12), (2, 15), (12, 15), (12, 15)])
([1925], [6, 13, 14, 15], [(6, 15), (6, 13), (6, 13), (13, 15), (14, 14), (14, 15)])
([1939], [1, 2, 8, 9], [(1, 8), (1, 9), (1, 2), (2, 2), (8, 9), (8, 9)])
([1940], [1, 2, 8, 14], [(1, 8), (1, 2), (1, 14), (2, 2), (8, 14), (8, 14)])
([1941], [1, 2, 8, 14], [(1, 1), (1, 2), (2, 8), (2, 14), (8, 14), (8, 14)])
([1942], [2, 3, 10, 14], [(2, 2), (2, 3), (3, 10), (3, 14), (10, 14), (10, 14)])
([1950], [2, 3, 8, 15], [(2, 8), (2, 3), (2, 15), (3, 3), (8, 15), (8, 15)])
([1951], [1, 2, 7, 8], [(1, 1), (1, 2), (2, 8), (2, 7), (7, 8), (7, 8)])
([1968], [1, 2, 8, 13], [(1, 8), (1, 2), (1, 13), (2, 2), (8, 13), (8, 13)])
([1969], [2, 3, 8, 13], [(2, 8), (2, 3), (2, 13), (3, 3), (8, 13), (8, 13)])
([1970], [2, 3, 11, 15], [(2, 11), (2, 3), (2, 15), (3, 3), (11, 15), (11, 15)])
([1971], [1, 2, 12, 14], [(1, 1), (1, 2), (2, 12), (2, 14), (12, 14), (12, 14)])
([1972], [8, 12, 14, 15], [(8, 12), (8, 12), (8, 15), (12, 15), (14, 15), (14, 14)])
([1973], [6, 12, 13, 15], [(6, 13), (6, 15), (6, 15), (12, 12), (12, 13), (13, 15)])
([1974], [4, 12, 14, 15], [(4, 12), (4, 12), (4, 15), (12, 15), (14, 15), (14, 14)])
([1986], [1, 2, 6, 15], [(1, 2), (1, 6), (1, 15), (2, 2), (6, 15), (6, 15)])
([1990], [4, 13, 14, 15], [(4, 13), (4, 13), (4, 15), (13, 15), (14, 14), (14, 15)])
([2000], [8, 12, 14, 15], [(8, 12), (8, 12), (8, 15), (12, 15), (14, 14), (14, 15)])
([2008], [9, 13, 14, 15], [(9, 13), (9, 13), (9, 15), (13, 15), (14, 14), (14, 15)])
([2013], [5, 13, 14, 15], [(5, 13), (5, 13), (5, 15), (13, 15), (14, 14), (14, 15)])
([2022], [3, 4, 10, 13], [(3, 10), (3, 4), (3, 13), (4, 4), (10, 13), (10, 13)])
([2025], [4, 10, 14, 15], [(4, 10), (4, 10), (4, 15), (10, 15), (14, 15), (14, 14)])
([2026], [4, 5, 14, 15], [(4, 5), (4, 5), (4, 15), (5, 15), (14, 14), (14, 15)])
([2030], [2, 3, 7, 15], [(2, 15), (2, 3), (2, 7), (3, 3), (7, 15), (7, 15)])
([2040], [5, 6, 8, 14], [(5, 5), (5, 6), (6, 8), (6, 14), (8, 14), (8, 14)])
([2041], [6, 11, 12, 13], [(6, 11), (6, 11), (6, 13), (11, 13), (12, 12), (12, 13)])
([2049], [1, 2, 7, 13], [(1, 2), (1, 13), (1, 7), (2, 2), (7, 13), (7, 13)])
([2052], [2, 3, 7, 13], [(2, 3), (2, 13), (2, 7), (3, 3), (7, 13), (7, 13)])
([2054], [4, 11, 14, 15], [(4, 11), (4, 11), (4, 15), (11, 15), (14, 14), (14, 15)])
([2060], [2, 3, 10, 15], [(2, 10), (2, 3), (2, 15), (3, 3), (10, 15), (10, 15)])
([2066], [7, 12, 13, 15], [(7, 13), (7, 15), (7, 15), (12, 12), (12, 13), (13, 15)])
([2070], [5, 6, 12, 13], [(5, 13), (5, 6), (5, 6), (6, 13), (12, 12), (12, 13)])
([2078], [8, 12, 13, 15], [(8, 13), (8, 15), (8, 15), (12, 12), (12, 13), (13, 15)])
([2079], [8, 12, 13, 15], [(8, 13), (8, 15), (8, 15), (12, 12), (12, 13), (13, 15)])
([2080], [8, 12, 13, 15], [(8, 13), (8, 15), (8, 15), (12, 12), (12, 13), (13, 15)])
([2095], [1, 2, 8, 13], [(1, 8), (1, 2), (1, 13), (2, 2), (8, 13), (8, 13)])
([2096], [2, 3, 10, 13], [(2, 10), (2, 3), (2, 13), (3, 3), (10, 13), (10, 13)])
([2099], [1, 2, 10, 14], [(1, 1), (1, 2), (2, 10), (2, 14), (10, 14), (10, 14)])
([2100], [1, 2, 8, 14], [(1, 1), (1, 2), (2, 8), (2, 14), (8, 14), (8, 14)])
([2103], [5, 6, 14, 15], [(5, 6), (5, 6), (5, 15), (6, 15), (14, 14), (14, 15)])
([2104], [6, 7, 14, 15], [(6, 15), (6, 7), (6, 7), (7, 15), (14, 14), (14, 15)])
([2105], [6, 7, 14, 15], [(6, 15), (6, 7), (6, 7), (7, 15), (14, 14), (14, 15)])
([2106], [5, 11, 14, 15], [(5, 11), (5, 11), (5, 15), (11, 15), (14, 15), (14, 14)])
([2107], [5, 11, 14, 15], [(5, 11), (5, 11), (5, 15), (11, 15), (14, 15), (14, 14)])
([2113], [2, 3, 10, 13], [(2, 10), (2, 3), (2, 13), (3, 3), (10, 13), (10, 13)])
([2115], [2, 3, 11, 13], [(2, 11), (2, 3), (2, 13), (3, 3), (11, 13), (11, 13)])
([2126], [4, 9, 12, 13], [(4, 9), (4, 9), (4, 13), (9, 13), (12, 12), (12, 13)])
([2127], [4, 5, 12, 13], [(4, 5), (4, 5), (4, 13), (5, 13), (12, 12), (12, 13)])
([2128], [5, 6, 12, 13], [(5, 13), (5, 6), (5, 6), (6, 13), (12, 12), (12, 13)])
([2129], [4, 11, 12, 13], [(4, 11), (4, 11), (4, 13), (11, 13), (12, 12), (12, 13)])
([2130], [5, 6, 12, 13], [(5, 13), (5, 6), (5, 6), (6, 13), (12, 12), (12, 13)])
([2132], [1, 2, 7, 15], [(1, 1), (1, 2), (2, 15), (2, 7), (7, 15), (7, 15)])
([2133], [1, 2, 8, 9], [(1, 1), (1, 2), (2, 8), (2, 9), (8, 9), (8, 9)])
([2158], [9, 11, 14, 15], [(9, 11), (9, 11), (9, 15), (11, 15), (14, 14), (14, 15)])
([2160], [1, 2, 6, 15], [(1, 2), (1, 6), (1, 15), (2, 2), (6, 15), (6, 15)])
([2161], [1, 2, 7, 13], [(1, 2), (1, 13), (1, 7), (2, 2), (7, 13), (7, 13)])
([2163], [1, 2, 7, 15], [(1, 2), (1, 15), (1, 7), (2, 2), (7, 15), (7, 15)])
([2190], [5, 6, 14, 15], [(5, 6), (5, 6), (5, 15), (6, 15), (14, 15), (14, 14)])
([2191], [1, 2, 7, 13], [(1, 2), (1, 13), (1, 7), (2, 2), (7, 13), (7, 13)])
([2209], [1, 2, 8, 15], [(1, 8), (1, 2), (1, 15), (2, 2), (8, 15), (8, 15)])
([2212], [5, 6, 8, 14], [(5, 5), (5, 6), (6, 8), (6, 14), (8, 14), (8, 14)])
([2213], [5, 6, 8, 14], [(5, 5), (5, 6), (6, 8), (6, 14), (8, 14), (8, 14)])
([2214], [2, 3, 12, 14], [(2, 3), (2, 12), (2, 14), (3, 3), (12, 14), (12, 14)])
([2216], [4, 11, 14, 15], [(4, 11), (4, 11), (4, 15), (11, 15), (14, 14), (14, 15)])
([2228], [4, 11, 14, 15], [(4, 11), (4, 11), (4, 15), (11, 15), (14, 15), (14, 14)])
([2229], [5, 11, 14, 15], [(5, 11), (5, 11), (5, 15), (11, 15), (14, 14), (14, 15)])
([2247], [5, 13, 14, 15], [(5, 13), (5, 13), (5, 15), (13, 15), (14, 14), (14, 15)])
([2248], [7, 12, 13, 15], [(7, 13), (7, 15), (7, 15), (12, 12), (12, 13), (13, 15)])
([2249], [9, 13, 14, 15], [(9, 15), (9, 13), (9, 13), (13, 15), (14, 14), (14, 15)])
([2256], [6, 9, 12, 13], [(6, 9), (6, 9), (6, 13), (9, 13), (12, 12), (12, 13)])
([2260], [4, 13, 14, 15], [(4, 15), (4, 13), (4, 13), (13, 15), (14, 14), (14, 15)])
([2267], [7, 8, 10, 15], [(7, 8), (7, 7), (8, 10), (8, 15), (10, 15), (10, 15)])
([2269], [4, 11, 14, 15], [(4, 11), (4, 11), (4, 15), (11, 15), (14, 14), (14, 15)])
([2270], [9, 13, 14, 15], [(9, 13), (9, 13), (9, 15), (13, 15), (14, 14), (14, 15)])
([2271], [5, 11, 14, 15], [(5, 11), (5, 11), (5, 15), (11, 15), (14, 15), (14, 14)])
([2285], [4, 12, 14, 15], [(4, 12), (4, 12), (4, 15), (12, 15), (14, 15), (14, 14)])
([2286], [4, 5, 14, 15], [(4, 15), (4, 5), (4, 5), (5, 15), (14, 14), (14, 15)])
([2288], [5, 12, 14, 15], [(5, 12), (5, 12), (5, 15), (12, 15), (14, 14), (14, 15)])
([2296], [7, 8, 10, 15], [(7, 8), (7, 10), (7, 15), (8, 8), (10, 15), (10, 15)])
([2310], [5, 12, 13, 15], [(5, 13), (5, 15), (5, 15), (12, 12), (12, 13), (13, 15)])
([2311], [8, 12, 13, 15], [(8, 13), (8, 15), (8, 15), (12, 12), (12, 13), (13, 15)])
([2321], [1, 2, 7, 13], [(1, 2), (1, 13), (1, 7), (2, 2), (7, 13), (7, 13)])
([2327], [3, 10, 14, 15], [(3, 10), (3, 10), (3, 15), (10, 15), (14, 14), (14, 15)])
([2328], [3, 12, 14, 15], [(3, 12), (3, 12), (3, 15), (12, 15), (14, 14), (14, 15)])
([2329], [4, 13, 14, 15], [(4, 15), (4, 13), (4, 13), (13, 15), (14, 14), (14, 15)])
([2330], [5, 12, 13, 15], [(5, 13), (5, 15), (5, 15), (12, 12), (12, 13), (13, 15)])
([2331], [1, 2, 10, 15], [(1, 2), (1, 10), (1, 15), (2, 2), (10, 15), (10, 15)])
([2333], [8, 12, 13, 15], [(8, 13), (8, 15), (8, 15), (12, 12), (12, 13), (13, 15)])
([2334], [4, 12, 13, 15], [(4, 13), (4, 15), (4, 15), (12, 12), (12, 13), (13, 15)])
([2335], [6, 10, 11, 13], [(6, 11), (6, 13), (6, 13), (10, 10), (10, 11), (11, 13)])
([2336], [6, 12, 13, 15], [(6, 15), (6, 15), (6, 13), (12, 12), (12, 13), (13, 15)])
([2338], [8, 12, 14, 15], [(8, 12), (8, 12), (8, 15), (12, 15), (14, 14), (14, 15)])
([2346], [8, 12, 14, 15], [(8, 12), (8, 12), (8, 15), (12, 15), (14, 14), (14, 15)])
([2370], [6, 7, 14, 15], [(6, 15), (6, 7), (6, 7), (7, 15), (14, 14), (14, 15)])
([2371], [6, 7, 14, 15], [(6, 15), (6, 7), (6, 7), (7, 15), (14, 14), (14, 15)])
([2372], [5, 6, 14, 15], [(5, 6), (5, 6), (5, 15), (6, 15), (14, 15), (14, 14)])
([2373], [7, 11, 14, 15], [(7, 11), (7, 11), (7, 15), (11, 15), (14, 14), (14, 15)])
([2376], [5, 12, 13, 15], [(5, 13), (5, 15), (5, 15), (12, 12), (12, 13), (13, 15)])
([2377], [5, 13, 14, 15], [(5, 13), (5, 13), (5, 15), (13, 15), (14, 15), (14, 14)])
([2378], [1, 2, 6, 13], [(1, 2), (1, 13), (1, 6), (2, 2), (6, 13), (6, 13)])
([2387], [4, 12, 13, 15], [(4, 13), (4, 15), (4, 15), (12, 12), (12, 13), (13, 15)])
([2388], [6, 10, 11, 13], [(6, 11), (6, 13), (6, 13), (10, 11), (10, 10), (11, 13)])
([2394], [8, 12, 14, 15], [(8, 12), (8, 12), (8, 15), (12, 15), (14, 14), (14, 15)])
([2401], [7, 8, 10, 14], [(7, 8), (7, 7), (8, 10), (8, 14), (10, 14), (10, 14)])
([2408], [6, 11, 12, 13], [(6, 11), (6, 11), (6, 13), (11, 13), (12, 12), (12, 13)])
([2409], [4, 11, 12, 13], [(4, 11), (4, 11), (4, 13), (11, 13), (12, 12), (12, 13)])
([2410], [8, 11, 12, 13], [(8, 11), (8, 11), (8, 13), (11, 13), (12, 12), (12, 13)])
([2435], [7, 8, 10, 11], [(7, 8), (7, 10), (7, 11), (8, 8), (10, 11), (10, 11)])
([2441], [1, 2, 7, 14], [(1, 2), (1, 14), (1, 7), (2, 2), (7, 14), (7, 14)])
([2445], [10, 11, 14, 15], [(10, 15), (10, 11), (10, 11), (11, 15), (14, 14), (14, 15)])
([2456], [5, 6, 14, 15], [(5, 6), (5, 6), (5, 15), (6, 15), (14, 14), (14, 15)])
([2458], [4, 13, 14, 15], [(4, 13), (4, 13), (4, 15), (13, 15), (14, 14), (14, 15)])
([2459], [8, 9, 14, 15], [(8, 9), (8, 9), (8, 15), (9, 15), (14, 14), (14, 15)])
([2464], [8, 9, 14, 15], [(8, 9), (8, 9), (8, 15), (9, 15), (14, 14), (14, 15)])
([2477], [7, 11, 12, 13], [(7, 11), (7, 11), (7, 13), (11, 13), (12, 12), (12, 13)])
([2480], [4, 13, 14, 15], [(4, 13), (4, 13), (4, 15), (13, 15), (14, 14), (14, 15)])
([2481], [4, 12, 13, 15], [(4, 13), (4, 15), (4, 15), (12, 12), (12, 13), (13, 15)])
([2482], [4, 11, 12, 13], [(4, 11), (4, 11), (4, 13), (11, 13), (12, 12), (12, 13)])
([2483], [9, 13, 14, 15], [(9, 13), (9, 13), (9, 15), (13, 15), (14, 14), (14, 15)])
([2484], [4, 11, 14, 15], [(4, 11), (4, 11), (4, 15), (11, 15), (14, 14), (14, 15)])
([2485], [9, 11, 14, 15], [(9, 11), (9, 11), (9, 15), (11, 15), (14, 15), (14, 14)])
([2486], [5, 11, 14, 15], [(5, 11), (5, 11), (5, 15), (11, 15), (14, 15), (14, 14)])
([2489], [7, 10, 14, 15], [(7, 10), (7, 10), (7, 15), (10, 15), (14, 14), (14, 15)])
([2490], [1, 2, 6, 13], [(1, 2), (1, 13), (1, 6), (2, 2), (6, 13), (6, 13)])
([2500], [3, 10, 12, 13], [(3, 10), (3, 10), (3, 13), (10, 13), (12, 12), (12, 13)])
([2501], [8, 12, 14, 15], [(8, 12), (8, 12), (8, 15), (12, 15), (14, 14), (14, 15)])
([2502], [3, 12, 13, 15], [(3, 13), (3, 15), (3, 15), (12, 12), (12, 13), (13, 15)])
([2503], [3, 12, 14, 15], [(3, 12), (3, 12), (3, 15), (12, 15), (14, 14), (14, 15)])
([2504], [3, 11, 12, 13], [(3, 11), (3, 11), (3, 13), (11, 13), (12, 12), (12, 13)])
([2536], [7, 8, 10, 13], [(7, 8), (7, 10), (7, 13), (8, 8), (10, 13), (10, 13)])
([2540], [9, 11, 14, 15], [(9, 15), (9, 11), (9, 11), (11, 15), (14, 14), (14, 15)])
([2555], [5, 11, 14, 15], [(5, 11), (5, 11), (5, 15), (11, 15), (14, 14), (14, 15)])
([2561], [5, 12, 13, 15], [(5, 13), (5, 15), (5, 15), (12, 12), (12, 13), (13, 15)])
([2573], [4, 13, 14, 15], [(4, 13), (4, 13), (4, 15), (13, 15), (14, 14), (14, 15)])
([2574], [5, 12, 13, 15], [(5, 13), (5, 15), (5, 15), (12, 12), (12, 13), (13, 15)])
([2575], [5, 13, 14, 15], [(5, 15), (5, 13), (5, 13), (13, 15), (14, 14), (14, 15)])
([2576], [7, 13, 14, 15], [(7, 15), (7, 13), (7, 13), (13, 15), (14, 14), (14, 15)])
([2579], [4, 9, 12, 13], [(4, 9), (4, 9), (4, 13), (9, 13), (12, 12), (12, 13)])
([2580], [5, 6, 12, 13], [(5, 13), (5, 6), (5, 6), (6, 13), (12, 12), (12, 13)])
([2581], [5, 6, 12, 13], [(5, 13), (5, 6), (5, 6), (6, 13), (12, 12), (12, 13)])
([2582], [7, 8, 14, 15], [(7, 8), (7, 8), (7, 15), (8, 15), (14, 14), (14, 15)])
([2592], [4, 12, 13, 15], [(4, 13), (4, 15), (4, 15), (12, 12), (12, 13), (13, 15)])
([2593], [7, 10, 12, 13], [(7, 10), (7, 10), (7, 13), (10, 13), (12, 12), (12, 13)])
([2595], [8, 12, 13, 15], [(8, 13), (8, 15), (8, 15), (12, 12), (12, 13), (13, 15)])
([2599], [6, 7, 14, 15], [(6, 15), (6, 7), (6, 7), (7, 15), (14, 14), (14, 15)])
([2601], [1, 2, 7, 13], [(1, 2), (1, 13), (1, 7), (2, 2), (7, 13), (7, 13)])
([2604], [9, 13, 14, 15], [(9, 13), (9, 13), (9, 15), (13, 15), (14, 14), (14, 15)])
([2629], [8, 9, 14, 15], [(8, 9), (8, 9), (8, 15), (9, 15), (14, 14), (14, 15)])
([2630], [8, 12, 13, 15], [(8, 13), (8, 15), (8, 15), (12, 12), (12, 13), (13, 15)])
([2631], [5, 12, 13, 15], [(5, 13), (5, 15), (5, 15), (12, 12), (12, 13), (13, 15)])
([2638], [4, 11, 12, 13], [(4, 11), (4, 11), (4, 13), (11, 13), (12, 12), (12, 13)])
([2639], [6, 10, 11, 13], [(6, 11), (6, 13), (6, 13), (10, 10), (10, 11), (11, 13)])
([2642], [9, 12, 13, 15], [(9, 15), (9, 15), (9, 13), (12, 12), (12, 13), (13, 15)])
([2643], [5, 6, 12, 13], [(5, 13), (5, 6), (5, 6), (6, 13), (12, 12), (12, 13)])
([2647], [8, 12, 13, 15], [(8, 13), (8, 15), (8, 15), (12, 12), (12, 13), (13, 15)])
([2648], [4, 12, 13, 15], [(4, 15), (4, 15), (4, 13), (12, 12), (12, 13), (13, 15)])
([2649], [4, 10, 11, 13], [(4, 11), (4, 13), (4, 13), (10, 10), (10, 11), (11, 13)])
([2651], [4, 12, 13, 15], [(4, 15), (4, 15), (4, 13), (12, 12), (12, 13), (13, 15)])
([2655], [8, 12, 13, 15], [(8, 13), (8, 15), (8, 15), (12, 12), (12, 13), (13, 15)])
([2660], [5, 11, 14, 15], [(5, 11), (5, 11), (5, 15), (11, 15), (14, 15), (14, 14)])
([2663], [4, 9, 12, 13], [(4, 9), (4, 9), (4, 13), (9, 13), (12, 12), (12, 13)])
([2664], [4, 11, 12, 13], [(4, 11), (4, 11), (4, 13), (11, 13), (12, 12), (12, 13)])
([2668], [4, 11, 14, 15], [(4, 11), (4, 11), (4, 15), (11, 15), (14, 14), (14, 15)])
([2673], [4, 10, 11, 13], [(4, 11), (4, 13), (4, 13), (10, 10), (10, 11), (11, 13)])
([2674], [1, 2, 9, 15], [(1, 9), (1, 2), (1, 15), (2, 2), (9, 15), (9, 15)])
([2676], [7, 10, 11, 13], [(7, 11), (7, 13), (7, 13), (10, 10), (10, 11), (11, 13)])
([2677], [7, 11, 12, 13], [(7, 11), (7, 11), (7, 13), (11, 13), (12, 12), (12, 13)])
([2684], [4, 5, 7, 14], [(4, 4), (4, 5), (5, 14), (5, 7), (7, 14), (7, 14)])
([2689], [9, 13, 14, 15], [(9, 13), (9, 13), (9, 15), (13, 15), (14, 14), (14, 15)])
([2690], [7, 10, 11, 13], [(7, 11), (7, 13), (7, 13), (10, 10), (10, 11), (11, 13)])
([2691], [4, 5, 12, 13], [(4, 13), (4, 5), (4, 5), (5, 13), (12, 12), (12, 13)])
([2695], [5, 6, 14, 15], [(5, 6), (5, 6), (5, 15), (6, 15), (14, 15), (14, 14)])
([2716], [4, 11, 12, 13], [(4, 11), (4, 11), (4, 13), (11, 13), (12, 12), (12, 13)])
([2717], [3, 9, 12, 13], [(3, 9), (3, 9), (3, 13), (9, 13), (12, 12), (12, 13)])
([2726], [8, 9, 14, 15], [(8, 9), (8, 9), (8, 15), (9, 15), (14, 14), (14, 15)])
([2746], [6, 10, 11, 12], [(6, 11), (6, 12), (6, 12), (10, 11), (10, 10), (11, 12)])
([2758], [4, 9, 12, 13], [(4, 9), (4, 9), (4, 13), (9, 13), (12, 12), (12, 13)])
([2759], [5, 6, 12, 13], [(5, 13), (5, 6), (5, 6), (6, 13), (12, 12), (12, 13)])
([2760], [4, 10, 12, 13], [(4, 10), (4, 10), (4, 13), (10, 13), (12, 12), (12, 13)])
([2762], [7, 8, 12, 13], [(7, 8), (7, 8), (7, 13), (8, 13), (12, 12), (12, 13)])
([2767], [8, 12, 13, 15], [(8, 13), (8, 15), (8, 15), (12, 12), (12, 13), (13, 15)])
([2773], [4, 10, 11, 12], [(4, 11), (4, 12), (4, 12), (10, 10), (10, 11), (11, 12)])
([2778], [9, 11, 14, 15], [(9, 11), (9, 11), (9, 15), (11, 15), (14, 15), (14, 14)])
([2782], [8, 12, 13, 15], [(8, 13), (8, 15), (8, 15), (12, 12), (12, 13), (13, 15)])
([2783], [7, 10, 11, 13], [(7, 11), (7, 13), (7, 13), (10, 10), (10, 11), (11, 13)])
([2784], [8, 12, 13, 15], [(8, 13), (8, 15), (8, 15), (12, 12), (12, 13), (13, 15)])
([2785], [4, 11, 14, 15], [(4, 11), (4, 11), (4, 15), (11, 15), (14, 15), (14, 14)])
([2786], [9, 11, 14, 15], [(9, 11), (9, 11), (9, 15), (11, 15), (14, 14), (14, 15)])
([2787], [3, 9, 10, 11], [(3, 11), (3, 9), (3, 9), (9, 11), (10, 10), (10, 11)])
([2795], [6, 13, 14, 15], [(6, 13), (6, 13), (6, 15), (13, 15), (14, 15), (14, 14)])
([2797], [7, 11, 12, 13], [(7, 11), (7, 11), (7, 13), (11, 13), (12, 12), (12, 13)])
([2799], [7, 10, 11, 13], [(7, 11), (7, 13), (7, 13), (10, 11), (10, 10), (11, 13)])
([2800], [7, 11, 12, 13], [(7, 11), (7, 11), (7, 13), (11, 13), (12, 12), (12, 13)])
([2813], [4, 12, 13, 15], [(4, 13), (4, 15), (4, 15), (12, 12), (12, 13), (13, 15)])
([2814], [4, 10, 11, 13], [(4, 11), (4, 13), (4, 13), (10, 10), (10, 11), (11, 13)])
([2815], [7, 10, 12, 13], [(7, 10), (7, 10), (7, 13), (10, 13), (12, 12), (12, 13)])
([2816], [3, 10, 12, 13], [(3, 10), (3, 10), (3, 13), (10, 13), (12, 12), (12, 13)])
([2817], [3, 10, 11, 13], [(3, 11), (3, 13), (3, 13), (10, 10), (10, 11), (11, 13)])
([2818], [4, 11, 12, 13], [(4, 11), (4, 11), (4, 13), (11, 13), (12, 12), (12, 13)])
([2819], [8, 11, 12, 13], [(8, 11), (8, 11), (8, 13), (11, 13), (12, 12), (12, 13)])
([2832], [8, 12, 13, 15], [(8, 13), (8, 15), (8, 15), (12, 12), (12, 13), (13, 15)])
([2833], [4, 12, 13, 15], [(4, 13), (4, 15), (4, 15), (12, 12), (12, 13), (13, 15)])
([2834], [4, 10, 11, 13], [(4, 11), (4, 13), (4, 13), (10, 10), (10, 11), (11, 13)])
([2837], [7, 8, 14, 15], [(7, 8), (7, 8), (7, 15), (8, 15), (14, 14), (14, 15)])
([2838], [4, 10, 11, 13], [(4, 11), (4, 13), (4, 13), (10, 10), (10, 11), (11, 13)])
([2839], [6, 10, 11, 12], [(6, 11), (6, 12), (6, 12), (10, 10), (10, 11), (11, 12)])
([2842], [1, 2, 9, 13], [(1, 9), (1, 2), (1, 13), (2, 2), (9, 13), (9, 13)])
([2843], [7, 13, 14, 15], [(7, 13), (7, 13), (7, 15), (13, 15), (14, 14), (14, 15)])
([2848], [7, 12, 13, 15], [(7, 15), (7, 15), (7, 13), (12, 12), (12, 13), (13, 15)])
([2851], [5, 11, 14, 15], [(5, 15), (5, 11), (5, 11), (11, 15), (14, 14), (14, 15)])
([2852], [7, 11, 14, 15], [(7, 11), (7, 11), (7, 15), (11, 15), (14, 14), (14, 15)])
([2855], [3, 11, 12, 13], [(3, 11), (3, 11), (3, 13), (11, 13), (12, 12), (12, 13)])
([2858], [5, 12, 13, 15], [(5, 13), (5, 15), (5, 15), (12, 12), (12, 13), (13, 15)])
([2892], [7, 10, 11, 12], [(7, 11), (7, 12), (7, 12), (10, 10), (10, 11), (11, 12)])
([2893], [4, 11, 12, 13], [(4, 11), (4, 11), (4, 13), (11, 13), (12, 12), (12, 13)])
([2906], [4, 10, 11, 13], [(4, 11), (4, 13), (4, 13), (10, 10), (10, 11), (11, 13)])
([2909], [3, 10, 11, 13], [(3, 11), (3, 13), (3, 13), (10, 10), (10, 11), (11, 13)])
([2921], [3, 12, 13, 15], [(3, 13), (3, 15), (3, 15), (12, 12), (12, 13), (13, 15)])
([2924], [6, 12, 13, 15], [(6, 13), (6, 15), (6, 15), (12, 12), (12, 13), (13, 15)])
([2925], [7, 12, 13, 15], [(7, 13), (7, 15), (7, 15), (12, 12), (12, 13), (13, 15)])
([2926], [3, 10, 11, 13], [(3, 11), (3, 13), (3, 13), (10, 10), (10, 11), (11, 13)])
([2927], [3, 9, 10, 11], [(3, 9), (3, 9), (3, 11), (9, 11), (10, 10), (10, 11)])
([2930], [7, 10, 11, 13], [(7, 11), (7, 13), (7, 13), (10, 10), (10, 11), (11, 13)])
([2940], [3, 8, 9, 11], [(3, 11), (3, 11), (3, 9), (8, 8), (8, 9), (9, 11)])
([2941], [7, 10, 11, 13], [(7, 11), (7, 13), (7, 13), (10, 10), (10, 11), (11, 13)])
([2943], [7, 10, 11, 13], [(7, 11), (7, 13), (7, 13), (10, 10), (10, 11), (11, 13)])
([2944], [6, 9, 10, 11], [(6, 11), (6, 9), (6, 9), (9, 11), (10, 10), (10, 11)])
([2961], [3, 10, 11, 12], [(3, 11), (3, 12), (3, 12), (10, 10), (10, 11), (11, 12)])
([2963], [7, 10, 11, 13], [(7, 11), (7, 13), (7, 13), (10, 11), (10, 10), (11, 13)])
([2966], [6, 10, 14, 15], [(6, 10), (6, 10), (6, 15), (10, 15), (14, 15), (14, 14)])
([2967], [7, 8, 12, 13], [(7, 8), (7, 8), (7, 13), (8, 13), (12, 12), (12, 13)])
([2969], [4, 10, 11, 13], [(4, 11), (4, 13), (4, 13), (10, 10), (10, 11), (11, 13)])
([2970], [6, 11, 12, 13], [(6, 11), (6, 11), (6, 13), (11, 13), (12, 12), (12, 13)])
([2976], [4, 10, 12, 13], [(4, 10), (4, 10), (4, 13), (10, 13), (12, 12), (12, 13)])
([2977], [7, 10, 12, 13], [(7, 10), (7, 10), (7, 13), (10, 13), (12, 12), (12, 13)])
([2984], [4, 10, 11, 13], [(4, 11), (4, 13), (4, 13), (10, 10), (10, 11), (11, 13)])
([2985], [4, 10, 11, 12], [(4, 11), (4, 12), (4, 12), (10, 10), (10, 11), (11, 12)])
([2986], [7, 10, 11, 12], [(7, 11), (7, 12), (7, 12), (10, 10), (10, 11), (11, 12)])
([2989], [3, 10, 11, 13], [(3, 11), (3, 13), (3, 13), (10, 10), (10, 11), (11, 13)])
([3004], [4, 10, 11, 12], [(4, 11), (4, 12), (4, 12), (10, 10), (10, 11), (11, 12)])
([3013], [3, 10, 11, 12], [(3, 11), (3, 12), (3, 12), (10, 10), (10, 11), (11, 12)])
([3014], [3, 8, 9, 11], [(3, 9), (3, 11), (3, 11), (8, 8), (8, 9), (9, 11)])
([3015], [6, 9, 12, 13], [(6, 13), (6, 9), (6, 9), (9, 13), (12, 12), (12, 13)])
([3024], [7, 10, 11, 12], [(7, 11), (7, 12), (7, 12), (10, 10), (10, 11), (11, 12)])
([3044], [6, 8, 9, 11], [(6, 11), (6, 11), (6, 9), (8, 8), (8, 9), (9, 11)])
([3045], [4, 10, 11, 12], [(4, 11), (4, 12), (4, 12), (10, 10), (10, 11), (11, 12)])
([3048], [7, 10, 11, 12], [(7, 11), (7, 12), (7, 12), (10, 11), (10, 10), (11, 12)])
([3050], [6, 10, 11, 13], [(6, 11), (6, 13), (6, 13), (10, 10), (10, 11), (11, 13)])
([3061], [3, 8, 9, 10], [(3, 10), (3, 10), (3, 9), (8, 8), (8, 9), (9, 10)])
([3071], [6, 8, 9, 10], [(6, 9), (6, 10), (6, 10), (8, 8), (8, 9), (9, 10)])
([3078], [3, 8, 9, 10], [(3, 9), (3, 10), (3, 10), (8, 8), (8, 9), (9, 10)])
