1
5
7
9
11
12
13
14
15
16
17
19
20
21
22
27
32
33
34
35
36
37
38
39
41
42
43
44
45
46
47
49
50
51
52
53
55
56
57
59
60
61
62
63
64
66
67
68
69
70
82
84
85
86
87
88
89
90
91
94
98
99
100
101
103
104
108
114
115
116
123
124
125
126
128
129
130
150
151
153
154
155
156
158
159
160
161
162
163
165
166
167
168
169
170
172
173
174
176
177
178
179
191
199
200
201
207
210
212
214
215
216
217
218
219
221
225
226
227
228
229
230
234
235
237
243
244
245
246
247
248
250
251
254
255
256
257
260
261
262
263
264
268
269
270
272
273
275
279
282
283
285
286
287
289
293
301
302
304
320
321
323
324
325
328
329
330
331
332
333
334
335
336
338
339
340
341
343
344
356
357
358
359
367
368
369
370
371
374
375
377
378
384
385
386
388
397
398
399
400
401
408
409
411
412
413
414
415
416
417
419
420
421
422
423
425
438
439
440
441
442
445
446
447
449
450
455
457
472
479
480
482
483
485
486
487
488
493
498
499
501
502
503
505
506
511
513
519
524
529
530
531
535
536
537
542
543
544
545
546
547
549
551
556
564
569
571
584
585
586
587
588
589
593
622
623
625
626
627
629
630
631
635
636
637
638
639
641
642
644
645
646
647
652
653
668
669
670
671
672
673
675
680
683
692
693
694
695
699
700
708
709
710
724
733
743
744
745
751
753
754
755
762
763
764
765
766
767
768
769
770
771
773
774
775
776
777
778
779
788
790
795
796
809
810
811
817
818
823
831
833
836
837
838
840
841
847
850
851
852
853
856
859
860
862
863
864
865
869
870
871
874
879
881
882
883
884
885
887
892
910
911
915
917
918
919
924
925
926
933
945
954
958
960
961
964
971
972
973
974
975
979
982
983
984
985
986
989
990
991
992
994
995
997
998
1005
1006
1007
1008
1010
1017
1018
1019
1035
1045
1046
1047
1048
1049
1066
1067
1068
1069
1071
1072
1076
1078
1079
1080
1082
1083
1084
1087
1088
1090
1091
1101
1102
1103
1104
1127
1128
1129
1137
1138
1139
1141
1142
1143
1144
1145
1153
1155
1156
1157
1158
1159
1166
1167
1168
1184
1186
1187
1188
1189
1190
1191
1193
1195
1196
1201
1203
1204
1205
1206
1208
1210
1224
1225
1227
1228
1229
1254
1275
1276
1277
1278
1279
1287
1288
1289
1294
1298
1299
1308
1309
1310
1311
1312
1313
1314
1317
1336
1337
1338
1339
1345
1351
1352
1357
1358
1362
1363
1368
1385
1387
1388
1389
1390
1392
1393
1394
1396
1397
1413
1416
1422
1424
1438
1439
1444
1445
1446
1447
1455
1458
1459
1469
1471
1472
1473
1479
1482
1488
1489
1497
1505
1506
1511
1521
1525
1526
1527
1540
1545
1546
1547
1561
1565
1581
1586
1587
1590
1603
1604
1605
1606
1607
1613
1634
1636
1653
1654
1655
1656
1658
1665
1666
1667
1668
1669
1671
1685
1687
1688
1689
1690
1692
1693
1710
1712
1713
1714
1715
1720
1721
1722
1723
1724
1730
1752
1757
1759
1764
1765
1766
1767
1768
1769
1780
1781
1782
1783
1789
1790
1791
1792
1793
1794
1804
1810
1811
1815
1818
1819
1821
1822
1823
1828
1829
1830
1837
1841
1849
1865
1879
1880
1881
1900
1901
1904
1906
1907
1908
1909
1911
1925
1939
1940
1941
1942
1950
1951
1968
1969
1970
1971
1972
1973
1974
1986
1990
2000
2008
2013
2022
2025
2026
2030
2040
2041
2049
2052
2054
2060
2066
2070
2078
2079
2080
2095
2096
2099
2100
2103
2104
2105
2106
2107
2113
2115
2126
2127
2128
2129
2130
2132
2133
2158
2160
2161
2163
2190
2191
2209
2212
2213
2214
2216
2228
2229
2247
2248
2249
2256
2260
2267
2269
2270
2271
2285
2286
2288
2296
2310
2311
2321
2327
2328
2329
2330
2331
2333
2334
2335
2336
2338
2346
2370
2371
2372
2373
2376
2377
2378
2387
2388
2394
2401
2408
2409
2410
2435
2441
2445
2456
2458
2459
2464
2477
2480
2481
2482
2483
2484
2485
2486
2489
2490
2500
2501
2502
2503
2504
2536
2540
2555
2561
2573
2574
2575
2576
2579
2580
2581
2582
2592
2593
2595
2599
2601
2604
2629
2630
2631
2638
2639
2642
2643
2647
2648
2649
2651
2655
2660
2663
2664
2668
2673
2674
2676
2677
2684
2689
2690
2691
2695
2716
2717
2726
2746
2758
2759
2760
2762
2767
2773
2778
2782
2783
2784
2785
2786
2787
2795
2797
2799
2800
2813
2814
2815
2816
2817
2818
2819
2832
2833
2834
2837
2838
2839
2842
2843
2848
2851
2852
2855
2858
2892
2893
2906
2909
2921
2924
2925
2926
2927
2930
2940
2941
2943
2944
2961
2963
2966
2967
2969
2970
2976
2977
2984
2985
2986
2989
3004
3013
3014
3015
3024
3044
3045
3048
3050
3061
3071
3078
