[[5, 3, 2, 4, 5], [5, 6], [6, 8, 14, 13], [12, 7, 15, 12], [12, 13], [13, 6]]
[[5, 3, 2, 4, 5], [5, 6], [6, 8, 15, 14], [6, 14], [13, 7, 11, 12, 13], [14, 13]]
[[3, 2, 14, 3], [3, 4], [4, 6, 12, 11], [10, 5, 15, 10], [10, 11], [11, 4]]
[[3, 1, 15, 13, 2, 3], [3, 4], [4, 6, 12, 11], [10, 5, 14, 10], [10, 11], [11, 4]]
[[5, 3, 2, 4, 5], [5, 6], [6, 15, 12], [11, 7, 14, 11], [11, 12], [12, 6]]
[[3, 1, 15, 14, 2, 3], [3, 4], [4, 6, 13, 12], [4, 12], [11, 5, 9, 10, 11], [12, 11]]
[[3, 2, 13, 3], [3, 4], [4, 15, 10], [9, 5, 14, 9], [9, 10], [10, 4]]
[[3, 1, 14, 11, 2, 3], [3, 4], [4, 15, 10], [9, 5, 13, 9], [9, 10], [10, 4]]
[[2, 1, 14, 13, 2], [2, 3], [3, 5, 11, 10], [9, 4, 15, 9], [9, 10], [10, 3]]
[[2, 0, 14, 13, 12, 1, 2], [2, 3], [3, 5, 11, 10], [9, 4, 15, 9], [9, 10], [10, 3]]
[[5, 3, 2, 4, 5], [5, 6], [6, 15, 13], [12, 7, 10, 11, 12], [13, 6], [12, 13]]
[[2, 1, 12, 11, 2], [2, 3], [3, 15, 9], [8, 4, 14, 8], [8, 9], [9, 3]]
[[2, 1, 15, 14, 2], [2, 3], [3, 5, 12, 11], [3, 11], [10, 4, 8, 9, 10], [11, 10]]
[[5, 3, 2, 4, 5], [5, 6], [6, 15, 11], [10, 7, 14, 13, 9, 10], [10, 11], [11, 6]]
[[3, 1, 14, 12, 2, 3], [3, 4], [4, 6, 11, 10], [4, 10], [9, 5, 15, 13, 8, 9], [10, 9]]
[[2, 0, 15, 14, 13, 1, 2], [2, 3], [3, 5, 12, 11], [3, 11], [10, 4, 8, 9, 10], [11, 10]]
[[2, 0, 13, 12, 10, 1, 2], [2, 3], [3, 15, 9], [8, 4, 14, 8], [8, 9], [9, 3]]
[[3, 1, 13, 10, 2, 3], [3, 4], [4, 15, 9], [8, 5, 14, 12, 7, 8], [8, 9], [9, 4]]
[[5, 3, 2, 4, 5], [5, 6], [6, 15, 10], [9, 7, 11, 14, 13, 8, 9], [9, 10], [10, 6]]
[[5, 3, 2, 4, 5], [5, 6], [6, 15, 10], [9, 8, 12, 14, 9], [9, 10], [10, 6]]
[[2, 1, 13, 12, 2], [2, 3], [3, 5, 10, 9], [3, 9], [8, 4, 15, 14, 7, 8], [9, 8]]
[[2, 0, 14, 13, 11, 1, 2], [2, 3], [3, 5, 10, 9], [3, 9], [8, 4, 15, 12, 7, 8], [9, 8]]
[[2, 1, 11, 10, 2], [2, 3], [3, 15, 8], [7, 4, 14, 13, 6, 7], [8, 3], [7, 8]]
[[3, 1, 14, 9, 2, 3], [3, 4], [4, 15, 8], [7, 5, 10, 13, 12, 6, 7], [8, 4], [7, 8]]
[[2, 0, 15, 13, 10, 1, 2], [2, 3], [3, 5, 9, 8], [3, 8], [7, 4, 11, 14, 12, 6, 7], [8, 7]]
[[2, 0, 15, 12, 10, 1, 2], [2, 3], [3, 4, 9, 8], [3, 8], [7, 6, 11, 14, 7], [8, 7]]
[[2, 1, 12, 11, 2], [2, 3], [3, 4, 9, 8], [3, 8], [7, 6, 13, 15, 7], [8, 7]]
[[2, 0, 14, 11, 8, 1, 2], [2, 3], [3, 15, 7], [6, 5, 10, 13, 6], [7, 3], [6, 7]]
[[2, 0, 14, 12, 8, 1, 2], [2, 3], [3, 15, 7], [6, 4, 9, 13, 11, 5, 6], [7, 3], [6, 7]]
[[2, 1, 10, 9, 2], [2, 3], [3, 15, 7], [6, 5, 12, 14, 6], [7, 3], [6, 7]]
