[[5, 3, 2, 4, 5], [5, 6], [6, 9, 10], [7, 8, 11, 10], [10, 7], [6, 7]]
[[3, 2, 15, 3], [3, 4], [4, 7, 8], [5, 6, 9, 8], [8, 5], [4, 5]]
[[3, 1, 15, 14, 2, 3], [3, 4], [4, 7, 8], [5, 6, 9, 8], [8, 5], [4, 5]]
[[5, 3, 2, 4, 5], [5, 6], [6, 9, 10], [6, 7], [7, 8, 14, 15, 10], [10, 7]]
[[3, 2, 13, 3], [3, 4], [4, 7, 8], [4, 5], [5, 6, 14, 15, 8], [8, 5]]
[[3, 1, 14, 12, 2, 3], [3, 4], [4, 7, 8], [4, 5], [5, 6, 13, 15, 8], [8, 5]]
[[5, 3, 2, 4, 5], [5, 6], [6, 9, 10], [6, 7], [7, 8, 13, 14, 15, 10], [10, 7]]
[[5, 3, 2, 4, 5], [5, 6], [6, 9, 13, 15], [7, 8, 14, 15], [15, 7], [6, 7]]
[[2, 0, 15, 14, 13, 1, 2], [2, 3], [3, 6, 7], [3, 4], [4, 5, 8, 7], [7, 4]]
[[2, 1, 15, 14, 2], [2, 3], [3, 6, 7], [3, 4], [4, 5, 8, 7], [7, 4]]
[[2, 1, 13, 12, 2], [2, 3], [3, 6, 7], [3, 4], [4, 5, 14, 15, 7], [7, 4]]
[[5, 3, 2, 4, 5], [5, 6], [6, 14, 15], [7, 8, 13, 15], [15, 7], [6, 7]]
[[3, 2, 13, 3], [3, 4], [4, 7, 11, 15], [5, 6, 14, 15], [5, 15], [4, 5]]
[[3, 1, 14, 12, 2, 3], [3, 4], [4, 7, 11, 15], [5, 6, 13, 15], [5, 15], [4, 5]]
[[5, 3, 2, 4, 5], [5, 6], [6, 9, 14, 15], [6, 7], [7, 8, 12, 13, 15], [15, 7]]
[[2, 0, 13, 12, 11, 1, 2], [2, 3], [3, 6, 7], [3, 4], [4, 5, 14, 15, 7], [7, 4]]
[[3, 2, 14, 3], [3, 4], [4, 7, 8], [4, 5], [5, 6, 11, 12, 15, 8], [8, 5]]
[[3, 1, 14, 13, 2, 3], [3, 4], [4, 7, 8], [4, 5], [5, 6, 11, 12, 15, 8], [8, 5]]
[[5, 3, 2, 4, 5], [5, 6], [6, 9, 10], [6, 7], [7, 8, 15, 13, 12, 14, 10], [10, 7]]
[[3, 2, 14, 3], [3, 4], [4, 7, 12, 15], [4, 5], [5, 6, 10, 11, 15], [15, 5]]
[[5, 3, 2, 4, 5], [5, 6], [6, 14, 15], [7, 8, 11, 12, 15], [15, 7], [6, 7]]
[[5, 3, 2, 4, 5], [5, 6], [6, 9, 13, 14, 15], [7, 8, 12, 15], [15, 7], [6, 7]]
[[5, 3, 2, 4, 5], [5, 6], [6, 9, 12, 15], [6, 7], [7, 8, 14, 13, 11, 15], [15, 7]]
[[3, 1, 14, 13, 2, 3], [3, 4], [4, 7, 12, 15], [4, 5], [5, 6, 10, 11, 15], [15, 5]]
[[3, 2, 12, 3], [3, 4], [4, 14, 15], [5, 6, 13, 15], [5, 15], [4, 5]]
[[2, 0, 14, 13, 12, 1, 2], [2, 3], [3, 6, 7], [3, 4], [4, 5, 10, 11, 15, 7], [7, 4]]
[[2, 0, 13, 12, 11, 1, 2], [2, 3], [3, 6, 10, 15], [4, 5, 14, 15], [4, 15], [3, 4]]
[[3, 1, 13, 10, 2, 3], [3, 4], [4, 14, 15], [5, 6, 12, 15], [15, 5], [4, 5]]
[[2, 1, 13, 12, 2], [2, 3], [3, 6, 10, 15], [4, 5, 14, 15], [4, 15], [3, 4]]
[[2, 1, 14, 13, 2], [2, 3], [3, 6, 7], [3, 4], [4, 5, 10, 11, 15, 7], [7, 4]]
[[3, 1, 13, 11, 2, 3], [3, 4], [4, 7, 8], [4, 5], [5, 6, 15, 12, 10, 14, 8], [8, 5]]
[[3, 2, 13, 3], [3, 4], [4, 7, 8], [4, 5], [5, 6, 15, 12, 10, 14, 8], [8, 5]]
[[5, 3, 2, 4, 5], [5, 6], [6, 9, 10], [6, 7], [7, 8, 12, 14, 13, 11, 15, 10], [10, 7]]
[[5, 3, 2, 4, 5], [5, 6], [6, 8, 9], [6, 7], [7, 14, 12, 11, 15, 9], [9, 7]]
[[9, 5, 13, 9], [9, 10], [10, 15, 14], [11, 3, 2, 4, 14], [14, 11], [10, 11]]
[[3, 1, 13, 11, 2, 3], [3, 4], [4, 14, 15], [5, 6, 9, 10, 15], [15, 5], [4, 5]]
[[2, 1, 14, 13, 2], [2, 3], [3, 6, 11, 15], [3, 4], [4, 5, 9, 10, 15], [15, 4]]
[[3, 1, 14, 12, 2, 3], [3, 4], [4, 7, 11, 13, 15], [5, 6, 10, 15], [15, 5], [4, 5]]
[[3, 1, 13, 11, 2, 3], [3, 4], [4, 7, 10, 15], [4, 5], [5, 6, 14, 12, 9, 15], [15, 5]]
[[2, 0, 14, 13, 12, 1, 2], [2, 3], [3, 6, 11, 15], [3, 4], [4, 5, 9, 10, 15], [15, 4]]
[[5, 3, 2, 4, 5], [5, 6], [6, 14, 15], [7, 8, 13, 12, 10, 15], [15, 7], [6, 7]]
[[3, 2, 13, 3], [3, 4], [4, 7, 10, 15], [4, 5], [5, 6, 14, 12, 9, 15], [15, 5]]
[[5, 3, 2, 4, 5], [5, 6], [6, 9, 11, 12, 15], [6, 7], [7, 8, 14, 13, 15], [15, 7]]
[[5, 3, 2, 4, 5], [5, 6], [6, 9, 11, 15], [6, 7], [7, 8, 12, 14, 13, 10, 15], [15, 7]]
[[5, 3, 2, 4, 5], [5, 6], [6, 8, 11, 15], [6, 7], [7, 14, 12, 10, 15], [15, 7]]
[[3, 2, 14, 3], [3, 4], [4, 7, 8], [4, 5], [5, 6, 11, 13, 12, 9, 15, 8], [8, 5]]
[[3, 1, 14, 10, 2, 3], [3, 4], [4, 7, 8], [4, 5], [5, 6, 11, 13, 12, 9, 15, 8], [8, 5]]
[[3, 2, 14, 3], [3, 4], [4, 6, 7], [4, 5], [5, 13, 11, 9, 15, 7], [7, 5]]
[[3, 1, 14, 10, 2, 3], [3, 4], [4, 6, 7], [4, 5], [5, 13, 11, 9, 15, 7], [7, 5]]
[[2, 1, 12, 11, 2], [2, 3], [3, 6, 7], [3, 4], [4, 5, 15, 13, 9, 14, 7], [7, 4]]
[[9, 4, 14, 9], [9, 10], [10, 12, 5, 13, 15], [11, 3, 2, 15], [15, 11], [10, 11]]
[[5, 3, 2, 4, 5], [5, 6], [6, 14, 13, 15], [7, 8, 11, 15], [15, 7], [6, 7]]
[[2, 0, 12, 11, 9, 1, 2], [2, 3], [3, 14, 15], [4, 5, 13, 15], [4, 15], [3, 4]]
[[2, 1, 11, 10, 2], [2, 3], [3, 14, 15], [4, 5, 13, 15], [4, 15], [3, 4]]
[[2, 0, 13, 12, 10, 1, 2], [2, 3], [3, 6, 7], [3, 4], [4, 5, 15, 11, 9, 14, 7], [7, 4]]
[[7, 2, 14, 7], [7, 8], [8, 10, 3, 15], [9, 12, 13, 1, 15], [15, 9], [8, 9]]
[[7, 2, 13, 7], [7, 8], [8, 10, 3, 12, 15], [9, 1, 14, 11, 15], [9, 15], [8, 9]]
[[3, 2, 12, 3], [3, 4], [4, 14, 15], [5, 6, 13, 11, 8, 15], [5, 15], [4, 5]]
[[5, 3, 2, 4, 5], [5, 6], [6, 14, 11, 15], [7, 8, 13, 12, 15], [15, 7], [6, 7]]
[[3, 1, 12, 9, 2, 3], [3, 4], [4, 14, 15], [5, 6, 13, 11, 8, 15], [5, 15], [4, 5]]
[[5, 3, 2, 4, 5], [5, 6], [6, 14, 15], [7, 8, 10, 13, 12, 9, 15], [15, 7], [6, 7]]
[[5, 3, 2, 4, 5], [5, 6], [6, 14, 15], [7, 13, 11, 9, 15], [15, 7], [6, 7]]
[[2, 1, 12, 11, 2], [2, 3], [3, 14, 15], [4, 5, 8, 9, 15], [15, 4], [3, 4]]
[[2, 1, 13, 12, 2], [2, 3], [3, 6, 10, 14, 15], [4, 5, 9, 15], [15, 4], [3, 4]]
[[2, 1, 12, 11, 2], [2, 3], [3, 6, 9, 15], [3, 4], [4, 5, 14, 13, 8, 15], [15, 4]]
[[3, 2, 14, 3], [3, 4], [4, 7, 9, 15], [4, 5], [5, 6, 11, 13, 12, 8, 15], [15, 5]]
[[2, 1, 11, 10, 2], [2, 3], [3, 6, 7], [3, 4], [4, 5, 12, 14, 13, 8, 15, 7], [7, 4]]
[[2, 1, 11, 10, 2], [2, 3], [3, 5, 6], [3, 4], [4, 14, 12, 8, 15, 6], [6, 4]]
[[8, 4, 13, 8], [8, 9], [9, 14, 11, 15], [10, 3, 2, 15], [15, 10], [9, 10]]
[[5, 3, 2, 4, 5], [5, 6], [6, 8, 10, 11, 15], [6, 7], [7, 14, 12, 15], [15, 7]]
[[3, 1, 14, 10, 2, 3], [3, 4], [4, 6, 9, 15], [4, 5], [5, 13, 11, 8, 15], [15, 5]]
[[3, 1, 13, 10, 2, 3], [3, 4], [4, 14, 12, 15], [5, 6, 9, 15], [15, 5], [4, 5]]
[[2, 0, 13, 12, 10, 1, 2], [2, 3], [3, 14, 15], [4, 5, 8, 9, 15], [15, 4], [3, 4]]
[[2, 0, 14, 12, 9, 1, 2], [2, 3], [3, 6, 7], [3, 4], [4, 5, 10, 13, 11, 8, 15, 7], [7, 4]]
[[2, 0, 14, 11, 9, 1, 2], [2, 3], [3, 5, 6], [3, 4], [4, 13, 10, 8, 15, 6], [6, 4]]
[[2, 0, 13, 12, 10, 1, 2], [2, 3], [3, 6, 9, 15], [3, 4], [4, 5, 14, 11, 8, 15], [15, 4]]
[[3, 1, 13, 10, 2, 3], [3, 4], [4, 7, 9, 11, 15], [4, 5], [5, 6, 14, 12, 15], [15, 5]]
[[5, 3, 2, 4, 5], [5, 6], [6, 9, 10, 12, 15], [6, 7], [7, 8, 11, 14, 13, 15], [15, 7]]
[[5, 3, 2, 4, 5], [5, 6], [6, 9, 11, 12, 13, 15], [7, 8, 14, 15], [15, 7], [6, 7]]
[[3, 1, 14, 10, 2, 3], [3, 4], [4, 7, 9, 15], [4, 5], [5, 6, 11, 13, 12, 8, 15], [15, 5]]
[[2, 0, 14, 13, 11, 1, 2], [2, 3], [3, 6, 10, 12, 15], [4, 5, 9, 15], [15, 4], [3, 4]]
[[5, 4, 15, 14], [5, 6, 13], [12, 2, 3, 11, 12], [13, 12], [14, 5], [13, 14]]
[[5, 3, 2, 4, 5], [5, 6], [6, 14, 15], [7, 8, 11, 15], [15, 7], [6, 7]]
[[2, 0, 13, 12, 9, 1, 2], [2, 3], [3, 6, 8, 10, 15], [3, 4], [4, 5, 14, 11, 15], [15, 4]]
[[2, 0, 13, 12, 9, 1, 2], [2, 3], [3, 14, 11, 15], [4, 5, 8, 15], [15, 4], [3, 4]]
[[6, 2, 12, 6], [6, 7], [7, 14, 10, 15], [8, 1, 13, 9, 15], [8, 15], [7, 8]]
[[6, 1, 14, 6], [6, 7], [7, 9, 2, 13, 15], [7, 8], [8, 11, 12, 15], [15, 8]]
[[6, 1, 14, 6], [6, 7], [7, 9, 2, 11, 15], [7, 8], [8, 0, 13, 12, 10, 15], [15, 8]]
[[7, 2, 13, 7], [7, 8], [8, 10, 3, 11, 12, 15], [9, 1, 14, 15], [9, 15], [8, 9]]
[[5, 3, 2, 4, 5], [5, 6], [6, 14, 11, 12, 15], [7, 8, 13, 15], [15, 7], [6, 7]]
[[3, 1, 13, 10, 2, 3], [3, 4], [4, 7, 9, 11, 12, 15], [5, 6, 14, 15], [5, 15], [4, 5]]
[[5, 3, 2, 4, 5], [5, 6], [6, 9, 10, 12, 13, 15], [6, 7], [7, 8, 11, 14, 15], [15, 7]]
[[5, 3, 2, 4, 5], [5, 6], [6, 8, 10, 11, 13, 15], [6, 7], [7, 14, 15], [15, 7]]
[[3, 1, 12, 8, 2, 3], [3, 4], [4, 14, 10, 15], [5, 6, 13, 11, 15], [5, 15], [4, 5]]
[[2, 1, 11, 10, 2], [2, 3], [3, 6, 8, 12, 15], [3, 4], [4, 5, 14, 13, 15], [15, 4]]
[[3, 1, 14, 9, 2, 3], [3, 4], [4, 7, 8, 11, 15], [4, 5], [5, 6, 10, 13, 12, 15], [15, 5]]
[[3, 1, 14, 9, 2, 3], [3, 4], [4, 6, 8, 10, 15], [4, 5], [5, 13, 11, 15], [15, 5]]
[[2, 1, 11, 10, 2], [2, 3], [3, 14, 13, 15], [4, 5, 8, 15], [15, 4], [3, 4]]
[[3, 1, 14, 10, 2, 3], [3, 4], [4, 13, 15], [5, 6, 9, 15], [15, 5], [4, 5]]
[[2, 0, 14, 12, 9, 1, 2], [2, 3], [3, 6, 8, 15], [3, 4], [4, 5, 10, 13, 11, 7, 15], [15, 4]]
[[2, 1, 10, 9, 2], [2, 3], [3, 14, 15], [4, 5, 13, 12, 7, 15], [4, 15], [3, 4]]
[[3, 1, 13, 8, 2, 3], [3, 4], [4, 14, 15], [5, 6, 9, 12, 11, 7, 15], [15, 5], [4, 5]]
[[3, 1, 13, 8, 2, 3], [3, 4], [4, 14, 15], [5, 12, 10, 7, 15], [15, 5], [4, 5]]
[[2, 0, 12, 11, 8, 1, 2], [2, 3], [3, 14, 15], [4, 5, 13, 10, 7, 15], [4, 15], [3, 4]]
[[8, 4, 14, 8], [8, 9], [9, 13, 15], [10, 3, 2, 15], [15, 10], [9, 10]]
[[3, 2, 13, 3], [3, 4], [4, 14, 15], [5, 6, 9, 12, 11, 7, 15], [15, 5], [4, 5]]
[[5, 3, 2, 4, 5], [5, 6], [6, 14, 11, 15], [7, 8, 9, 13, 12, 15], [15, 7], [6, 7]]
[[6, 2, 13, 6], [6, 7], [7, 15, 14], [8, 10, 11, 1, 14], [14, 8], [7, 8]]
[[2, 0, 14, 11, 9, 1, 2], [2, 3], [3, 5, 8, 15], [3, 4], [4, 13, 10, 7, 15], [15, 4]]
[[5, 3, 2, 4, 5], [5, 6], [6, 13, 15], [7, 8, 14, 12, 15], [15, 7], [6, 7]]
[[5, 3, 2, 4, 5], [5, 6], [6, 14, 10, 15], [7, 13, 11, 15], [15, 7], [6, 7]]
[[3, 2, 14, 13], [3, 13], [11, 9, 15, 1, 10, 11], [12, 4, 3], [13, 12], [11, 12]]
[[2, 1, 11, 10, 2], [2, 3], [3, 6, 8, 15], [3, 4], [4, 5, 12, 14, 13, 7, 15], [15, 4]]
[[5, 4, 13, 12], [5, 15, 14, 11], [10, 2, 3, 9, 10], [10, 11], [11, 12], [12, 5]]
[[2, 1, 11, 10, 2], [2, 3], [3, 5, 8, 15], [3, 4], [4, 14, 12, 7, 15], [15, 4]]
[[5, 1, 13, 5], [5, 6], [6, 14, 11, 15], [7, 9, 10, 15], [15, 7], [6, 7]]
[[6, 1, 14, 6], [6, 7], [7, 9, 2, 12, 13, 15], [8, 11, 15], [8, 15], [7, 8]]
[[2, 1, 9, 8, 2], [2, 3], [3, 14, 11, 15], [4, 5, 13, 12, 15], [4, 15], [3, 4]]
[[2, 1, 11, 10, 2], [2, 3], [3, 14, 15], [4, 5, 8, 15], [15, 4], [3, 4]]
[[3, 1, 13, 7, 2, 3], [3, 4], [4, 14, 9, 15], [5, 12, 10, 15], [15, 5], [4, 5]]
[[3, 1, 12, 8, 2, 3], [3, 4], [4, 14, 10, 11, 15], [5, 6, 13, 15], [5, 15], [4, 5]]
[[3, 1, 13, 8, 2, 3], [3, 4], [4, 12, 15], [5, 6, 14, 11, 15], [5, 15], [4, 5]]
[[3, 1, 13, 7, 2, 3], [3, 4], [4, 14, 10, 15], [5, 6, 8, 12, 11, 15], [15, 5], [4, 5]]
[[2, 0, 12, 11, 7, 1, 2], [2, 3], [3, 14, 9, 15], [4, 5, 13, 10, 15], [4, 15], [3, 4]]
[[2, 0, 14, 12, 9, 1, 2], [2, 3], [3, 13, 15], [4, 5, 8, 15], [15, 4], [3, 4]]
[[2, 1, 10, 9, 2], [2, 3], [3, 5, 7, 11, 15], [3, 4], [4, 14, 12, 15], [15, 4]]
[[3, 1, 14, 9, 2, 3], [3, 4], [4, 6, 8, 10, 12, 15], [4, 5], [5, 13, 15], [15, 5]]
[[2, 0, 14, 11, 8, 1, 2], [2, 3], [3, 5, 7, 9, 15], [3, 4], [4, 13, 10, 15], [15, 4]]
[[5, 1, 13, 5], [5, 6], [6, 14, 9, 15], [7, 0, 12, 11, 8, 15], [15, 7], [6, 7]]
[[6, 2, 12, 6], [6, 7], [7, 14, 9, 11, 15], [8, 1, 13, 15], [8, 15], [7, 8]]
[[6, 2, 13, 6], [6, 7], [7, 12, 15], [8, 1, 14, 9, 15], [8, 15], [7, 8]]
[[2, 1, 13, 12], [2, 12], [10, 8, 14, 15, 0, 9, 10], [11, 3, 2], [12, 11], [10, 11]]
[[3, 2, 12, 11], [3, 15, 13, 10], [9, 7, 14, 1, 8, 9], [10, 9], [11, 3], [10, 11]]
[[2, 1, 15, 14], [2, 14], [12, 10, 9, 11, 12], [13, 3, 2], [14, 13], [12, 13]]
[[6, 1, 14, 6], [6, 7], [7, 9, 2, 10, 11, 15], [8, 0, 13, 12, 15], [8, 15], [7, 8]]
[[5, 3, 2, 4, 5], [5, 6], [6, 13, 15], [7, 8, 9, 14, 12, 15], [15, 7], [6, 7]]
[[5, 3, 2, 4, 5], [5, 6], [6, 13, 15], [6, 7], [7, 14, 11, 15], [15, 7]]
[[5, 3, 2, 4, 5], [5, 6], [6, 12, 13, 15], [7, 8, 14, 15], [15, 7], [6, 7]]
[[10, 2, 3, 9, 10], [10, 11], [11, 14, 15], [12, 13, 4, 8, 15], [15, 12], [11, 12]]
[[2, 1, 9, 8, 2], [2, 3], [3, 14, 15], [4, 5, 10, 13, 12, 6, 15], [15, 4], [3, 4]]
[[2, 1, 9, 8, 2], [2, 3], [3, 14, 15], [4, 13, 11, 6, 15], [15, 4], [3, 4]]
[[5, 3, 2, 4, 5], [5, 6], [6, 9, 10, 13, 14, 15, 12], [7, 8, 11, 12], [12, 7], [6, 7]]
[[5, 3, 2, 4, 5], [5, 6], [6, 14, 11, 12, 15], [7, 8, 9, 13, 15], [15, 7], [6, 7]]
[[3, 1, 14, 9, 2, 3], [3, 4], [4, 7, 8, 11, 12, 15], [4, 5], [5, 6, 10, 13, 15], [15, 5]]
[[2, 1, 10, 9, 2], [2, 3], [3, 6, 7, 12, 15], [3, 4], [4, 5, 11, 14, 13, 15], [15, 4]]
[[2, 0, 14, 12, 8, 1, 2], [2, 3], [3, 6, 7, 10, 15], [3, 4], [4, 5, 9, 13, 11, 15], [15, 4]]
[[5, 3, 2, 4, 5], [5, 6], [6, 14, 10, 12, 15], [7, 13, 15], [15, 7], [6, 7]]
[[2, 0, 13, 11, 7, 1, 2], [2, 3], [3, 14, 15], [4, 5, 8, 12, 10, 6, 15], [15, 4], [3, 4]]
[[2, 1, 11, 10, 2], [2, 3], [3, 6, 8, 12, 13, 15], [4, 5, 14, 15], [4, 15], [3, 4]]
[[2, 0, 13, 11, 9, 1, 2], [2, 3], [3, 6, 8, 10, 12, 15], [4, 5, 14, 15], [4, 15], [3, 4]]
[[2, 0, 13, 10, 7, 1, 2], [2, 3], [3, 14, 15], [4, 12, 9, 6, 15], [15, 4], [3, 4]]
[[5, 4, 14, 13], [5, 15, 9, 8, 12], [11, 2, 3, 10, 11], [11, 12], [12, 13], [13, 5]]
[[2, 0, 13, 11, 6, 1, 2], [2, 3], [3, 14, 9, 15], [4, 5, 7, 12, 10, 15], [4, 15], [3, 4]]
[[2, 0, 14, 11, 8, 1, 2], [2, 3], [3, 6, 7, 10, 12, 15], [3, 4], [4, 5, 9, 13, 15], [15, 4]]
[[2, 0, 13, 10, 6, 1, 2], [2, 3], [3, 14, 8, 15], [4, 12, 9, 15], [15, 4], [3, 4]]
[[3, 1, 13, 7, 2, 3], [3, 4], [4, 14, 9, 11, 15], [5, 12, 15], [5, 15], [4, 5]]
[[2, 1, 10, 9, 2], [2, 3], [3, 5, 7, 11, 13, 15], [3, 4], [4, 14, 15], [15, 4]]
[[2, 0, 14, 10, 8, 1, 2], [2, 3], [3, 5, 7, 9, 12, 15], [3, 4], [4, 13, 15], [15, 4]]
[[2, 1, 13, 12], [2, 15, 14, 11], [10, 8, 7, 9, 10], [11, 10], [12, 2], [11, 12]]
[[2, 1, 8, 7, 2], [2, 3], [3, 14, 11, 15], [4, 5, 9, 13, 12, 15], [15, 4], [3, 4]]
[[3, 1, 14, 7, 2, 3], [3, 4], [4, 12, 15], [5, 6, 8, 13, 11, 15], [15, 5], [4, 5]]
[[3, 1, 13, 7, 2, 3], [3, 4], [4, 14, 10, 11, 15], [5, 6, 8, 12, 15], [15, 5], [4, 5]]
[[2, 1, 9, 8, 2], [2, 3], [3, 13, 15], [4, 5, 14, 12, 15], [4, 15], [3, 4]]
[[2, 1, 8, 7, 2], [2, 3], [3, 14, 10, 15], [4, 13, 11, 15], [15, 4], [3, 4]]
[[2, 1, 9, 8, 2], [2, 3], [3, 14, 11, 12, 15], [4, 5, 13, 15], [4, 15], [3, 4]]
[[3, 2, 14, 3], [3, 4], [4, 7, 8, 12, 13, 15, 11], [5, 6, 10, 11], [11, 5], [4, 5]]
[[3, 1, 14, 9, 2, 3], [3, 4], [4, 7, 8, 12, 13, 15, 11], [5, 6, 10, 11], [11, 5], [4, 5]]
[[5, 3, 2, 4, 5], [5, 6], [6, 14, 12, 13, 15, 10], [7, 8, 9, 10], [10, 7], [6, 7]]
[[2, 0, 13, 11, 7, 1, 2], [2, 3], [3, 12, 15], [4, 5, 14, 10, 15], [4, 15], [3, 4]]
[[2, 0, 12, 10, 7, 1, 2], [2, 3], [3, 14, 9, 11, 15], [4, 5, 13, 15], [4, 15], [3, 4]]
[[5, 1, 13, 5], [5, 6], [6, 14, 10, 12, 15], [7, 9, 15], [15, 7], [6, 7]]
[[5, 1, 14, 5], [5, 6], [6, 13, 15], [7, 9, 10, 15], [15, 7], [6, 7]]
[[5, 1, 14, 5], [5, 6], [6, 11, 15], [6, 7], [7, 0, 13, 12, 8, 15], [15, 7]]
[[6, 2, 13, 6], [6, 7], [7, 11, 12, 15], [8, 1, 14, 15], [8, 15], [7, 8]]
[[2, 1, 11, 10], [2, 15, 14, 9], [8, 6, 12, 13, 0, 7, 8], [9, 8], [10, 2], [9, 10]]
[[3, 2, 13, 12], [3, 15, 7, 6, 11], [10, 8, 14, 1, 9, 10], [11, 10], [12, 3], [11, 12]]
[[9, 7, 14, 1, 8, 9], [9, 10], [10, 13, 15], [11, 12, 2, 6, 15], [15, 11], [10, 11]]
[[3, 1, 14, 7, 2, 3], [3, 4], [4, 12, 15], [4, 5], [5, 13, 10, 15], [15, 5]]
[[3, 1, 13, 8, 2, 3], [3, 4], [4, 11, 12, 15], [4, 5], [5, 6, 14, 15], [15, 5]]
[[2, 1, 10, 9, 2], [2, 3], [3, 6, 7, 12, 13, 15], [3, 4], [4, 5, 11, 14, 15], [15, 4]]
[[11, 2, 3, 10, 11], [11, 12], [12, 7, 8, 15], [12, 13], [13, 14, 4, 9, 15], [15, 13]]
[[5, 1, 13, 5], [5, 6], [6, 14, 8, 10, 15], [7, 0, 12, 11, 15], [15, 7], [6, 7]]
[[5, 3, 2, 4, 5], [5, 6], [6, 12, 13, 15], [7, 8, 9, 14, 15], [15, 7], [6, 7]]
[[5, 4, 12, 11], [5, 14, 7, 13, 15, 10], [9, 2, 3, 8, 9], [10, 9], [11, 5], [10, 11]]
[[2, 1, 13, 12], [2, 12], [10, 9, 15, 10], [11, 3, 2], [12, 11], [10, 11]]
[[5, 3, 2, 4, 5], [5, 6], [6, 12, 13, 15], [6, 7], [7, 14, 15], [15, 7]]
[[5, 3, 2, 4, 5], [5, 6], [6, 13, 15], [6, 7], [7, 8, 14, 15], [15, 7]]
[[8, 2, 3, 7, 8], [8, 9], [9, 13, 15], [9, 10], [10, 11, 14, 15], [15, 10]]
[[2, 0, 14, 11, 6, 1, 2], [2, 3], [3, 12, 15], [4, 5, 7, 13, 10, 15], [4, 15], [3, 4]]
[[2, 0, 14, 10, 6, 1, 2], [2, 3], [3, 12, 15], [4, 13, 9, 15], [15, 4], [3, 4]]
[[2, 0, 13, 10, 7, 1, 2], [2, 3], [3, 11, 12, 15], [3, 4], [4, 5, 14, 15], [15, 4]]
[[6, 2, 12, 6], [6, 7], [7, 13, 15], [8, 1, 14, 15], [8, 15], [7, 8]]
[[3, 1, 13, 7, 2, 3], [3, 4], [4, 14, 11, 12, 15, 9], [5, 6, 8, 9], [9, 5], [4, 5]]
[[2, 1, 8, 7, 2], [2, 3], [3, 14, 11, 12, 15], [4, 5, 9, 13, 15], [15, 4], [3, 4]]
[[3, 1, 14, 7, 2, 3], [3, 4], [4, 11, 12, 15], [4, 5], [5, 6, 8, 13, 15], [15, 5]]
[[2, 0, 13, 10, 6, 1, 2], [2, 3], [3, 14, 9, 11, 15], [4, 5, 7, 12, 15], [4, 15], [3, 4]]
[[3, 1, 13, 8, 2, 3], [3, 4], [4, 12, 15], [4, 5], [5, 6, 14, 15], [15, 5]]
[[5, 3, 2, 4, 5], [5, 6], [6, 14, 15], [7, 8, 9, 13, 15], [15, 7], [6, 7]]
[[5, 3, 2, 4, 5], [5, 6], [6, 14, 15], [7, 13, 15], [15, 7], [6, 7]]
[[5, 1, 13, 5], [5, 6], [6, 14, 8, 10, 15, 12], [7, 0, 11, 12], [12, 7], [6, 7]]
[[5, 1, 14, 5], [5, 6], [6, 10, 11, 15], [6, 7], [7, 0, 13, 12, 15], [15, 7]]
[[2, 1, 9, 8, 2], [2, 3], [3, 12, 13, 15], [3, 4], [4, 5, 14, 15], [15, 4]]
[[2, 1, 8, 7, 2], [2, 3], [3, 14, 10, 12, 15], [4, 13, 15], [4, 15], [3, 4]]
[[2, 1, 8, 7, 2], [2, 3], [3, 13, 15], [3, 4], [4, 14, 11, 15], [15, 4]]
[[3, 1, 14, 7, 2, 3], [3, 4], [4, 11, 12, 15], [4, 5], [5, 13, 15], [15, 5]]
[[2, 0, 13, 9, 6, 1, 2], [2, 3], [3, 14, 8, 11, 15], [4, 12, 15], [4, 15], [3, 4]]
[[2, 1, 8, 7, 2], [2, 3], [3, 13, 15], [4, 5, 9, 14, 12, 15], [15, 4], [3, 4]]
[[8, 2, 3, 7, 8], [8, 9], [9, 14, 15], [10, 13, 15], [10, 15], [9, 10]]
[[2, 1, 11, 10], [2, 15, 13, 9], [8, 7, 14, 8], [8, 9], [9, 10], [10, 2]]
[[2, 1, 14, 13], [2, 15, 6, 5, 12], [11, 9, 8, 10, 11], [12, 11], [13, 2], [12, 13]]
[[2, 1, 12, 11], [2, 15, 6, 5, 10], [9, 7, 13, 14, 0, 8, 9], [10, 9], [11, 2], [10, 11]]
[[8, 6, 12, 13, 0, 7, 8], [8, 9], [9, 14, 15], [10, 11, 1, 5, 15], [15, 10], [9, 10]]
[[5, 1, 14, 5], [5, 6], [6, 12, 13, 15], [7, 9, 15], [15, 7], [6, 7]]
[[2, 0, 14, 12, 8, 1, 2], [2, 3], [3, 6, 7, 11, 13, 15, 10], [3, 4], [4, 5, 9, 10], [10, 4]]
[[5, 4, 11, 10], [5, 15, 6, 13, 14, 12, 9], [8, 2, 3, 7, 8], [8, 9], [9, 10], [10, 5]]
[[2, 0, 14, 10, 6, 1, 2], [2, 3], [3, 11, 12, 15], [3, 4], [4, 5, 7, 13, 15], [15, 4]]
[[3, 1, 14, 7, 2, 3], [3, 4], [4, 13, 15], [5, 12, 15], [5, 15], [4, 5]]
[[2, 1, 8, 7, 2], [2, 3], [3, 12, 13, 15], [3, 4], [4, 14, 15], [15, 4]]
[[2, 0, 14, 9, 6, 1, 2], [2, 3], [3, 11, 12, 15], [3, 4], [4, 13, 15], [15, 4]]
[[5, 1, 13, 5], [5, 6], [6, 14, 15], [7, 0, 11, 10, 15], [15, 7], [6, 7]]
[[5, 1, 13, 5], [5, 6], [6, 14, 15], [7, 9, 15], [15, 7], [6, 7]]
[[5, 1, 14, 5], [5, 6], [6, 10, 11, 15, 13], [7, 0, 12, 13], [13, 7], [6, 7]]
[[2, 0, 13, 11, 6, 1, 2], [2, 3], [3, 14, 10, 12, 15, 8], [4, 5, 7, 8], [4, 8], [3, 4]]
[[6, 4, 11, 12, 0, 5, 6], [6, 7], [7, 13, 15], [8, 9, 14, 15], [8, 15], [7, 8]]
[[6, 4, 12, 13, 0, 5, 6], [6, 7], [7, 14, 15], [8, 11, 15], [8, 15], [7, 8]]
