([7], [7, 13, 14, 15], [(7, 15), (7, 14), (7, 13), (13, 14), (13, 15), (14, 15)])
([19], [5, 13, 14, 15], [(5, 15), (5, 14), (5, 13), (13, 14), (13, 15), (14, 15)])
([22], [7, 12, 14, 15], [(7, 14), (7, 12), (7, 15), (12, 14), (12, 15), (14, 15)])
([36], [6, 13, 14, 15], [(6, 13), (6, 14), (6, 15), (13, 14), (13, 15), (14, 15)])
([38], [6, 12, 14, 15], [(6, 12), (6, 14), (6, 15), (12, 14), (12, 15), (14, 15)])
([40], [5, 13, 14, 15], [(5, 15), (5, 14), (5, 13), (13, 14), (13, 15), (14, 15)])
([41], [6, 13, 14, 15], [(6, 15), (6, 13), (6, 14), (13, 14), (13, 15), (14, 15)])
([42], [6, 13, 14, 15], [(6, 15), (6, 13), (6, 14), (13, 14), (13, 15), (14, 15)])
([54], [12, 13, 14, 15], [(12, 13), (12, 14), (12, 15), (13, 14), (13, 15), (14, 15)])
([64], [4, 10, 14, 15], [(4, 10), (4, 14), (4, 15), (10, 14), (10, 15), (14, 15)])
([70], [6, 13, 14, 15], [(6, 13), (6, 14), (6, 15), (13, 14), (13, 15), (14, 15)])
([73], [5, 12, 14, 15], [(5, 12), (5, 14), (5, 15), (12, 14), (12, 15), (14, 15)])
([74], [4, 13, 14, 15], [(4, 13), (4, 14), (4, 15), (13, 14), (13, 15), (14, 15)])
([75], [4, 13, 14, 15], [(4, 13), (4, 14), (4, 15), (13, 14), (13, 15), (14, 15)])
([76], [4, 10, 14, 15], [(4, 10), (4, 14), (4, 15), (10, 14), (10, 15), (14, 15)])
([77], [5, 12, 14, 15], [(5, 12), (5, 14), (5, 15), (12, 14), (12, 15), (14, 15)])
([78], [6, 12, 14, 15], [(6, 15), (6, 12), (6, 14), (12, 14), (12, 15), (14, 15)])
([79], [7, 12, 14, 15], [(7, 14), (7, 12), (7, 15), (12, 14), (12, 15), (14, 15)])
([80], [6, 12, 14, 15], [(6, 15), (6, 12), (6, 14), (12, 14), (12, 15), (14, 15)])
([81], [6, 10, 14, 15], [(6, 10), (6, 14), (6, 15), (10, 14), (10, 15), (14, 15)])
([86], [4, 13, 14, 15], [(4, 15), (4, 14), (4, 13), (13, 14), (13, 15), (14, 15)])
([89], [4, 13, 14, 15], [(4, 13), (4, 14), (4, 15), (13, 14), (13, 15), (14, 15)])
([90], [5, 13, 14, 15], [(5, 15), (5, 14), (5, 13), (13, 15), (13, 14), (14, 15)])
([91], [5, 11, 13, 15], [(5, 11), (5, 13), (5, 15), (11, 13), (11, 15), (13, 15)])
([93], [4, 13, 14, 15], [(4, 15), (4, 14), (4, 13), (13, 14), (13, 15), (14, 15)])
([96], [5, 13, 14, 15], [(5, 13), (5, 14), (5, 15), (13, 14), (13, 15), (14, 15)])
([100], [5, 11, 13, 15], [(5, 11), (5, 13), (5, 15), (11, 13), (11, 15), (13, 15)])
([105], [4, 13, 14, 15], [(4, 15), (4, 14), (4, 13), (13, 14), (13, 15), (14, 15)])
([106], [4, 13, 14, 15], [(4, 13), (4, 14), (4, 15), (13, 14), (13, 15), (14, 15)])
([108], [11, 13, 14, 15], [(11, 13), (11, 14), (11, 15), (13, 14), (13, 15), (14, 15)])
([114], [3, 9, 14, 15], [(3, 9), (3, 14), (3, 15), (9, 14), (9, 15), (14, 15)])
([115], [5, 12, 14, 15], [(5, 12), (5, 14), (5, 15), (12, 14), (12, 15), (14, 15)])
([116], [7, 11, 14, 15], [(7, 11), (7, 14), (7, 15), (11, 14), (11, 15), (14, 15)])
([117], [5, 12, 14, 15], [(5, 12), (5, 14), (5, 15), (12, 14), (12, 15), (14, 15)])
([118], [6, 13, 14, 15], [(6, 15), (6, 14), (6, 13), (13, 14), (13, 15), (14, 15)])
([119], [6, 12, 14, 15], [(6, 15), (6, 12), (6, 14), (12, 14), (12, 15), (14, 15)])
([120], [6, 11, 14, 15], [(6, 11), (6, 14), (6, 15), (11, 14), (11, 15), (14, 15)])
([121], [6, 12, 14, 15], [(6, 15), (6, 12), (6, 14), (12, 14), (12, 15), (14, 15)])
([122], [12, 13, 14, 15], [(12, 13), (12, 14), (12, 15), (13, 14), (13, 15), (14, 15)])
([138], [3, 9, 13, 15], [(3, 9), (3, 13), (3, 15), (9, 13), (9, 15), (13, 15)])
([139], [3, 9, 13, 15], [(3, 9), (3, 13), (3, 15), (9, 13), (9, 15), (13, 15)])
([140], [5, 9, 13, 15], [(5, 9), (5, 13), (5, 15), (9, 13), (9, 15), (13, 15)])
([142], [4, 12, 14, 15], [(4, 12), (4, 14), (4, 15), (12, 14), (12, 15), (14, 15)])
([143], [3, 13, 14, 15], [(3, 13), (3, 14), (3, 15), (13, 14), (13, 15), (14, 15)])
([144], [3, 9, 13, 15], [(3, 9), (3, 13), (3, 15), (9, 13), (9, 15), (13, 15)])
([145], [3, 13, 14, 15], [(3, 13), (3, 14), (3, 15), (13, 14), (13, 15), (14, 15)])
([148], [3, 13, 14, 15], [(3, 13), (3, 14), (3, 15), (13, 14), (13, 15), (14, 15)])
([153], [3, 13, 14, 15], [(3, 13), (3, 14), (3, 15), (13, 14), (13, 15), (14, 15)])
([154], [5, 13, 14, 15], [(5, 13), (5, 14), (5, 15), (13, 14), (13, 15), (14, 15)])
([155], [4, 8, 14, 15], [(4, 8), (4, 14), (4, 15), (8, 14), (8, 15), (14, 15)])
([156], [4, 8, 14, 15], [(4, 8), (4, 14), (4, 15), (8, 14), (8, 15), (14, 15)])
([157], [5, 9, 13, 15], [(5, 9), (5, 13), (5, 15), (9, 13), (9, 15), (13, 15)])
([162], [3, 13, 14, 15], [(3, 13), (3, 14), (3, 15), (13, 14), (13, 15), (14, 15)])
([166], [3, 9, 14, 15], [(3, 9), (3, 14), (3, 15), (9, 14), (9, 15), (14, 15)])
([170], [4, 12, 14, 15], [(4, 12), (4, 14), (4, 15), (12, 14), (12, 15), (14, 15)])
([171], [3, 13, 14, 15], [(3, 13), (3, 14), (3, 15), (13, 14), (13, 15), (14, 15)])
([173], [4, 13, 14, 15], [(4, 13), (4, 14), (4, 15), (13, 14), (13, 15), (14, 15)])
([174], [4, 12, 14, 15], [(4, 12), (4, 14), (4, 15), (12, 14), (12, 15), (14, 15)])
([175], [3, 9, 13, 15], [(3, 9), (3, 13), (3, 15), (9, 13), (9, 15), (13, 15)])
([177], [12, 13, 14, 15], [(12, 13), (12, 14), (12, 15), (13, 14), (13, 15), (14, 15)])
([180], [4, 13, 14, 15], [(4, 13), (4, 14), (4, 15), (13, 14), (13, 15), (14, 15)])
([182], [4, 12, 14, 15], [(4, 12), (4, 14), (4, 15), (12, 14), (12, 15), (14, 15)])
([183], [12, 13, 14, 15], [(12, 13), (12, 14), (12, 15), (13, 14), (13, 15), (14, 15)])
([188], [4, 12, 14, 15], [(4, 12), (4, 14), (4, 15), (12, 14), (12, 15), (14, 15)])
([189], [12, 13, 14, 15], [(12, 13), (12, 14), (12, 15), (13, 14), (13, 15), (14, 15)])
([190], [4, 12, 14, 15], [(4, 12), (4, 14), (4, 15), (12, 14), (12, 15), (14, 15)])
([194], [4, 10, 14, 15], [(4, 10), (4, 14), (4, 15), (10, 14), (10, 15), (14, 15)])
([195], [5, 13, 14, 15], [(5, 13), (5, 14), (5, 15), (13, 14), (13, 15), (14, 15)])
([199], [3, 13, 14, 15], [(3, 13), (3, 14), (3, 15), (13, 14), (13, 15), (14, 15)])
([201], [12, 13, 14, 15], [(12, 13), (12, 14), (12, 15), (13, 14), (13, 15), (14, 15)])
([204], [12, 13, 14, 15], [(12, 13), (12, 14), (12, 15), (13, 14), (13, 15), (14, 15)])
([208], [2, 8, 13, 15], [(2, 8), (2, 13), (2, 15), (8, 13), (8, 15), (13, 15)])
([209], [3, 7, 13, 15], [(3, 15), (3, 13), (3, 7), (7, 13), (7, 15), (13, 15)])
([210], [2, 8, 13, 15], [(2, 8), (2, 13), (2, 15), (8, 13), (8, 15), (13, 15)])
([211], [12, 13, 14, 15], [(12, 13), (12, 14), (12, 15), (13, 14), (13, 15), (14, 15)])
([212], [12, 13, 14, 15], [(12, 13), (12, 14), (12, 15), (13, 14), (13, 15), (14, 15)])
([213], [12, 13, 14, 15], [(12, 13), (12, 14), (12, 15), (13, 14), (13, 15), (14, 15)])
([214], [12, 13, 14, 15], [(12, 13), (12, 14), (12, 15), (13, 15), (13, 14), (14, 15)])
([215], [12, 13, 14, 15], [(12, 13), (12, 14), (12, 15), (13, 15), (13, 14), (14, 15)])
([216], [8, 12, 14, 15], [(8, 12), (8, 14), (8, 15), (12, 14), (12, 15), (14, 15)])
([217], [12, 13, 14, 15], [(12, 13), (12, 14), (12, 15), (13, 14), (13, 15), (14, 15)])
([218], [11, 13, 14, 15], [(11, 13), (11, 14), (11, 15), (13, 14), (13, 15), (14, 15)])
([219], [3, 7, 14, 15], [(3, 15), (3, 14), (3, 7), (7, 14), (7, 15), (14, 15)])
([222], [3, 12, 14, 15], [(3, 12), (3, 14), (3, 15), (12, 14), (12, 15), (14, 15)])
([223], [3, 13, 14, 15], [(3, 13), (3, 14), (3, 15), (13, 14), (13, 15), (14, 15)])
([224], [4, 12, 14, 15], [(4, 12), (4, 14), (4, 15), (12, 14), (12, 15), (14, 15)])
([225], [3, 12, 14, 15], [(3, 12), (3, 14), (3, 15), (12, 14), (12, 15), (14, 15)])
([226], [4, 13, 14, 15], [(4, 13), (4, 14), (4, 15), (13, 14), (13, 15), (14, 15)])
([227], [6, 13, 14, 15], [(6, 13), (6, 14), (6, 15), (13, 14), (13, 15), (14, 15)])
([229], [5, 13, 14, 15], [(5, 13), (5, 14), (5, 15), (13, 14), (13, 15), (14, 15)])
([230], [5, 13, 14, 15], [(5, 13), (5, 14), (5, 15), (13, 14), (13, 15), (14, 15)])
([231], [12, 13, 14, 15], [(12, 13), (12, 14), (12, 15), (13, 14), (13, 15), (14, 15)])
([232], [11, 13, 14, 15], [(11, 13), (11, 14), (11, 15), (13, 14), (13, 15), (14, 15)])
([233], [12, 13, 14, 15], [(12, 13), (12, 14), (12, 15), (13, 15), (13, 14), (14, 15)])
([234], [12, 13, 14, 15], [(12, 13), (12, 14), (12, 15), (13, 14), (13, 15), (14, 15)])
([235], [12, 13, 14, 15], [(12, 13), (12, 14), (12, 15), (13, 14), (13, 15), (14, 15)])
([236], [9, 12, 13, 15], [(9, 12), (9, 13), (9, 15), (12, 13), (12, 15), (13, 15)])
([245], [3, 13, 14, 15], [(3, 13), (3, 14), (3, 15), (13, 14), (13, 15), (14, 15)])
([247], [7, 12, 14, 15], [(7, 14), (7, 12), (7, 15), (12, 14), (12, 15), (14, 15)])
([263], [3, 9, 14, 15], [(3, 9), (3, 14), (3, 15), (9, 14), (9, 15), (14, 15)])
([264], [3, 7, 13, 15], [(3, 15), (3, 13), (3, 7), (7, 13), (7, 15), (13, 15)])
([265], [3, 11, 13, 15], [(3, 11), (3, 13), (3, 15), (11, 13), (11, 15), (13, 15)])
([266], [3, 12, 14, 15], [(3, 12), (3, 14), (3, 15), (12, 14), (12, 15), (14, 15)])
([267], [2, 13, 14, 15], [(2, 13), (2, 14), (2, 15), (13, 14), (13, 15), (14, 15)])
([268], [2, 8, 13, 15], [(2, 8), (2, 13), (2, 15), (8, 13), (8, 15), (13, 15)])
([270], [4, 9, 14, 15], [(4, 9), (4, 14), (4, 15), (9, 14), (9, 15), (14, 15)])
([271], [5, 10, 13, 15], [(5, 10), (5, 13), (5, 15), (10, 13), (10, 15), (13, 15)])
([272], [2, 13, 14, 15], [(2, 13), (2, 14), (2, 15), (13, 14), (13, 15), (14, 15)])
([274], [2, 13, 14, 15], [(2, 13), (2, 14), (2, 15), (13, 14), (13, 15), (14, 15)])
([275], [3, 13, 14, 15], [(3, 13), (3, 14), (3, 15), (13, 14), (13, 15), (14, 15)])
([276], [6, 12, 14, 15], [(6, 12), (6, 14), (6, 15), (12, 14), (12, 15), (14, 15)])
([284], [11, 13, 14, 15], [(11, 13), (11, 14), (11, 15), (13, 14), (13, 15), (14, 15)])
([285], [12, 13, 14, 15], [(12, 13), (12, 14), (12, 15), (13, 14), (13, 15), (14, 15)])
([286], [11, 13, 14, 15], [(11, 13), (11, 14), (11, 15), (13, 14), (13, 15), (14, 15)])
([287], [11, 13, 14, 15], [(11, 13), (11, 14), (11, 15), (13, 14), (13, 15), (14, 15)])
([291], [3, 7, 13, 15], [(3, 15), (3, 13), (3, 7), (7, 13), (7, 15), (13, 15)])
([292], [9, 12, 13, 15], [(9, 12), (9, 13), (9, 15), (12, 13), (12, 15), (13, 15)])
([298], [3, 13, 14, 15], [(3, 13), (3, 14), (3, 15), (13, 14), (13, 15), (14, 15)])
([299], [3, 13, 14, 15], [(3, 13), (3, 14), (3, 15), (13, 14), (13, 15), (14, 15)])
([305], [3, 13, 14, 15], [(3, 13), (3, 14), (3, 15), (13, 14), (13, 15), (14, 15)])
([307], [3, 13, 14, 15], [(3, 13), (3, 14), (3, 15), (13, 14), (13, 15), (14, 15)])
([308], [4, 12, 14, 15], [(4, 12), (4, 14), (4, 15), (12, 14), (12, 15), (14, 15)])
([311], [6, 11, 14, 15], [(6, 11), (6, 14), (6, 15), (11, 14), (11, 15), (14, 15)])
([317], [3, 7, 14, 15], [(3, 15), (3, 14), (3, 7), (7, 14), (7, 15), (14, 15)])
([319], [5, 11, 14, 15], [(5, 11), (5, 14), (5, 15), (11, 14), (11, 15), (14, 15)])
([321], [4, 12, 14, 15], [(4, 12), (4, 14), (4, 15), (12, 14), (12, 15), (14, 15)])
([322], [3, 13, 14, 15], [(3, 13), (3, 14), (3, 15), (13, 14), (13, 15), (14, 15)])
([323], [4, 13, 14, 15], [(4, 13), (4, 14), (4, 15), (13, 14), (13, 15), (14, 15)])
([326], [4, 12, 14, 15], [(4, 12), (4, 14), (4, 15), (12, 14), (12, 15), (14, 15)])
([334], [12, 13, 14, 15], [(12, 13), (12, 14), (12, 15), (13, 14), (13, 15), (14, 15)])
([335], [6, 11, 14, 15], [(6, 11), (6, 14), (6, 15), (11, 14), (11, 15), (14, 15)])
([339], [3, 13, 14, 15], [(3, 13), (3, 14), (3, 15), (13, 14), (13, 15), (14, 15)])
([342], [3, 8, 14, 15], [(3, 8), (3, 14), (3, 15), (8, 14), (8, 15), (14, 15)])
([343], [2, 6, 13, 15], [(2, 13), (2, 6), (2, 15), (6, 13), (6, 15), (13, 15)])
([344], [7, 12, 14, 15], [(7, 14), (7, 12), (7, 15), (12, 15), (12, 14), (14, 15)])
([345], [12, 13, 14, 15], [(12, 13), (12, 14), (12, 15), (13, 14), (13, 15), (14, 15)])
([347], [12, 13, 14, 15], [(12, 13), (12, 14), (12, 15), (13, 14), (13, 15), (14, 15)])
([348], [12, 13, 14, 15], [(12, 13), (12, 14), (12, 15), (13, 14), (13, 15), (14, 15)])
([349], [12, 13, 14, 15], [(12, 13), (12, 14), (12, 15), (13, 14), (13, 15), (14, 15)])
([350], [12, 13, 14, 15], [(12, 13), (12, 14), (12, 15), (13, 14), (13, 15), (14, 15)])
([362], [2, 13, 14, 15], [(2, 13), (2, 14), (2, 15), (13, 14), (13, 15), (14, 15)])
([363], [3, 13, 14, 15], [(3, 13), (3, 14), (3, 15), (13, 14), (13, 15), (14, 15)])
([364], [5, 12, 14, 15], [(5, 12), (5, 14), (5, 15), (12, 14), (12, 15), (14, 15)])
([365], [5, 12, 14, 15], [(5, 12), (5, 14), (5, 15), (12, 14), (12, 15), (14, 15)])
([366], [6, 13, 14, 15], [(6, 13), (6, 14), (6, 15), (13, 14), (13, 15), (14, 15)])
([367], [6, 12, 14, 15], [(6, 15), (6, 12), (6, 14), (12, 14), (12, 15), (14, 15)])
([368], [6, 12, 14, 15], [(6, 15), (6, 12), (6, 14), (12, 14), (12, 15), (14, 15)])
([369], [6, 8, 14, 15], [(6, 8), (6, 14), (6, 15), (8, 14), (8, 15), (14, 15)])
([370], [12, 13, 14, 15], [(12, 13), (12, 14), (12, 15), (13, 14), (13, 15), (14, 15)])
([377], [2, 13, 14, 15], [(2, 13), (2, 14), (2, 15), (13, 14), (13, 15), (14, 15)])
([379], [3, 13, 14, 15], [(3, 13), (3, 14), (3, 15), (13, 14), (13, 15), (14, 15)])
([380], [2, 13, 14, 15], [(2, 13), (2, 14), (2, 15), (13, 14), (13, 15), (14, 15)])
([381], [3, 13, 14, 15], [(3, 13), (3, 14), (3, 15), (13, 14), (13, 15), (14, 15)])
([382], [12, 13, 14, 15], [(12, 13), (12, 14), (12, 15), (13, 14), (13, 15), (14, 15)])
([386], [12, 13, 14, 15], [(12, 13), (12, 14), (12, 15), (13, 14), (13, 15), (14, 15)])
([392], [11, 13, 14, 15], [(11, 13), (11, 14), (11, 15), (13, 14), (13, 15), (14, 15)])
([393], [12, 13, 14, 15], [(12, 13), (12, 14), (12, 15), (13, 14), (13, 15), (14, 15)])
([394], [11, 13, 14, 15], [(11, 13), (11, 14), (11, 15), (13, 14), (13, 15), (14, 15)])
([395], [12, 13, 14, 15], [(12, 13), (12, 14), (12, 15), (13, 15), (13, 14), (14, 15)])
([399], [2, 11, 14, 15], [(2, 11), (2, 14), (2, 15), (11, 14), (11, 15), (14, 15)])
([400], [2, 13, 14, 15], [(2, 13), (2, 14), (2, 15), (13, 14), (13, 15), (14, 15)])
([401], [3, 12, 14, 15], [(3, 12), (3, 14), (3, 15), (12, 14), (12, 15), (14, 15)])
([403], [4, 12, 14, 15], [(4, 12), (4, 14), (4, 15), (12, 14), (12, 15), (14, 15)])
([404], [5, 13, 14, 15], [(5, 13), (5, 14), (5, 15), (13, 14), (13, 15), (14, 15)])
([405], [5, 12, 14, 15], [(5, 12), (5, 14), (5, 15), (12, 14), (12, 15), (14, 15)])
([406], [12, 13, 14, 15], [(12, 13), (12, 14), (12, 15), (13, 14), (13, 15), (14, 15)])
([409], [3, 13, 14, 15], [(3, 13), (3, 14), (3, 15), (13, 14), (13, 15), (14, 15)])
([410], [12, 13, 14, 15], [(12, 13), (12, 14), (12, 15), (13, 14), (13, 15), (14, 15)])
([412], [3, 13, 14, 15], [(3, 13), (3, 14), (3, 15), (13, 14), (13, 15), (14, 15)])
([413], [4, 13, 14, 15], [(4, 13), (4, 14), (4, 15), (13, 14), (13, 15), (14, 15)])
([414], [4, 13, 14, 15], [(4, 13), (4, 14), (4, 15), (13, 14), (13, 15), (14, 15)])
([415], [3, 13, 14, 15], [(3, 13), (3, 14), (3, 15), (13, 14), (13, 15), (14, 15)])
([420], [12, 13, 14, 15], [(12, 13), (12, 14), (12, 15), (13, 14), (13, 15), (14, 15)])
([432], [12, 13, 14, 15], [(12, 13), (12, 14), (12, 15), (13, 14), (13, 15), (14, 15)])
([433], [3, 13, 14, 15], [(3, 13), (3, 14), (3, 15), (13, 14), (13, 15), (14, 15)])
([438], [2, 6, 13, 15], [(2, 13), (2, 6), (2, 15), (6, 13), (6, 15), (13, 15)])
([440], [12, 13, 14, 15], [(12, 13), (12, 14), (12, 15), (13, 14), (13, 15), (14, 15)])
([441], [11, 13, 14, 15], [(11, 13), (11, 14), (11, 15), (13, 14), (13, 15), (14, 15)])
([442], [12, 13, 14, 15], [(12, 13), (12, 14), (12, 15), (13, 14), (13, 15), (14, 15)])
([443], [12, 13, 14, 15], [(12, 13), (12, 14), (12, 15), (13, 14), (13, 15), (14, 15)])
([444], [7, 12, 13, 15], [(7, 12), (7, 13), (7, 15), (12, 13), (12, 15), (13, 15)])
([445], [11, 13, 14, 15], [(11, 13), (11, 14), (11, 15), (13, 14), (13, 15), (14, 15)])
([446], [12, 13, 14, 15], [(12, 13), (12, 14), (12, 15), (13, 14), (13, 15), (14, 15)])
([447], [12, 13, 14, 15], [(12, 13), (12, 14), (12, 15), (13, 14), (13, 15), (14, 15)])
([448], [3, 12, 14, 15], [(3, 12), (3, 14), (3, 15), (12, 14), (12, 15), (14, 15)])
([452], [4, 11, 14, 15], [(4, 11), (4, 14), (4, 15), (11, 14), (11, 15), (14, 15)])
([453], [5, 13, 14, 15], [(5, 13), (5, 14), (5, 15), (13, 14), (13, 15), (14, 15)])
([454], [5, 8, 13, 15], [(5, 8), (5, 13), (5, 15), (8, 13), (8, 15), (13, 15)])
([458], [2, 8, 13, 15], [(2, 8), (2, 13), (2, 15), (8, 13), (8, 15), (13, 15)])
([459], [3, 12, 14, 15], [(3, 12), (3, 14), (3, 15), (12, 14), (12, 15), (14, 15)])
([460], [2, 13, 14, 15], [(2, 13), (2, 14), (2, 15), (13, 14), (13, 15), (14, 15)])
([461], [10, 13, 14, 15], [(10, 13), (10, 14), (10, 15), (13, 14), (13, 15), (14, 15)])
([462], [2, 13, 14, 15], [(2, 13), (2, 14), (2, 15), (13, 14), (13, 15), (14, 15)])
([463], [2, 13, 14, 15], [(2, 13), (2, 14), (2, 15), (13, 14), (13, 15), (14, 15)])
([464], [4, 7, 14, 15], [(4, 15), (4, 14), (4, 7), (7, 14), (7, 15), (14, 15)])
([465], [3, 8, 13, 15], [(3, 8), (3, 13), (3, 15), (8, 13), (8, 15), (13, 15)])
([479], [11, 13, 14, 15], [(11, 13), (11, 14), (11, 15), (13, 14), (13, 15), (14, 15)])
([481], [4, 11, 14, 15], [(4, 11), (4, 14), (4, 15), (11, 14), (11, 15), (14, 15)])
([484], [11, 13, 14, 15], [(11, 13), (11, 14), (11, 15), (13, 14), (13, 15), (14, 15)])
([485], [5, 13, 14, 15], [(5, 13), (5, 14), (5, 15), (13, 14), (13, 15), (14, 15)])
([486], [11, 13, 14, 15], [(11, 13), (11, 14), (11, 15), (13, 14), (13, 15), (14, 15)])
([488], [11, 13, 14, 15], [(11, 13), (11, 14), (11, 15), (13, 14), (13, 15), (14, 15)])
([489], [12, 13, 14, 15], [(12, 13), (12, 14), (12, 15), (13, 14), (13, 15), (14, 15)])
([490], [7, 12, 13, 15], [(7, 12), (7, 13), (7, 15), (12, 13), (12, 15), (13, 15)])
([492], [12, 13, 14, 15], [(12, 13), (12, 14), (12, 15), (13, 14), (13, 15), (14, 15)])
([493], [4, 11, 14, 15], [(4, 11), (4, 14), (4, 15), (11, 14), (11, 15), (14, 15)])
([494], [3, 12, 14, 15], [(3, 12), (3, 14), (3, 15), (12, 14), (12, 15), (14, 15)])
([495], [3, 13, 14, 15], [(3, 13), (3, 14), (3, 15), (13, 14), (13, 15), (14, 15)])
([497], [4, 11, 14, 15], [(4, 11), (4, 14), (4, 15), (11, 14), (11, 15), (14, 15)])
([505], [2, 6, 13, 15], [(2, 13), (2, 6), (2, 15), (6, 13), (6, 15), (13, 15)])
([506], [3, 9, 12, 15], [(3, 9), (3, 12), (3, 15), (9, 12), (9, 15), (12, 15)])
([507], [3, 12, 14, 15], [(3, 12), (3, 14), (3, 15), (12, 14), (12, 15), (14, 15)])
([510], [2, 8, 11, 15], [(2, 8), (2, 11), (2, 15), (8, 11), (8, 15), (11, 15)])
([512], [12, 13, 14, 15], [(12, 13), (12, 14), (12, 15), (13, 14), (13, 15), (14, 15)])
([514], [12, 13, 14, 15], [(12, 13), (12, 14), (12, 15), (13, 14), (13, 15), (14, 15)])
([515], [12, 13, 14, 15], [(12, 13), (12, 14), (12, 15), (13, 14), (13, 15), (14, 15)])
([516], [12, 13, 14, 15], [(12, 13), (12, 14), (12, 15), (13, 14), (13, 15), (14, 15)])
([519], [12, 13, 14, 15], [(12, 13), (12, 14), (12, 15), (13, 14), (13, 15), (14, 15)])
([525], [12, 13, 14, 15], [(12, 13), (12, 14), (12, 15), (13, 14), (13, 15), (14, 15)])
([527], [12, 13, 14, 15], [(12, 13), (12, 14), (12, 15), (13, 14), (13, 15), (14, 15)])
([528], [12, 13, 14, 15], [(12, 13), (12, 14), (12, 15), (13, 14), (13, 15), (14, 15)])
([529], [12, 13, 14, 15], [(12, 13), (12, 14), (12, 15), (13, 14), (13, 15), (14, 15)])
([536], [10, 13, 14, 15], [(10, 13), (10, 14), (10, 15), (13, 14), (13, 15), (14, 15)])
([537], [11, 13, 14, 15], [(11, 13), (11, 14), (11, 15), (13, 14), (13, 15), (14, 15)])
([538], [11, 13, 14, 15], [(11, 13), (11, 14), (11, 15), (13, 14), (13, 15), (14, 15)])
([539], [12, 13, 14, 15], [(12, 13), (12, 14), (12, 15), (13, 14), (13, 15), (14, 15)])
([540], [12, 13, 14, 15], [(12, 13), (12, 14), (12, 15), (13, 14), (13, 15), (14, 15)])
([541], [3, 6, 14, 15], [(3, 14), (3, 6), (3, 15), (6, 14), (6, 15), (14, 15)])
([542], [2, 7, 13, 15], [(2, 15), (2, 13), (2, 7), (7, 13), (7, 15), (13, 15)])
([549], [4, 12, 14, 15], [(4, 12), (4, 14), (4, 15), (12, 14), (12, 15), (14, 15)])
([555], [4, 12, 14, 15], [(4, 12), (4, 14), (4, 15), (12, 14), (12, 15), (14, 15)])
([556], [4, 12, 14, 15], [(4, 12), (4, 14), (4, 15), (12, 14), (12, 15), (14, 15)])
([557], [6, 11, 12, 15], [(6, 11), (6, 15), (6, 12), (11, 12), (11, 15), (12, 15)])
([558], [5, 13, 14, 15], [(5, 13), (5, 14), (5, 15), (13, 14), (13, 15), (14, 15)])
([559], [5, 7, 13, 15], [(5, 15), (5, 13), (5, 7), (7, 13), (7, 15), (13, 15)])
([560], [11, 13, 14, 15], [(11, 13), (11, 14), (11, 15), (13, 14), (13, 15), (14, 15)])
([561], [11, 13, 14, 15], [(11, 13), (11, 14), (11, 15), (13, 14), (13, 15), (14, 15)])
([566], [4, 12, 14, 15], [(4, 12), (4, 14), (4, 15), (12, 14), (12, 15), (14, 15)])
([567], [3, 13, 14, 15], [(3, 13), (3, 14), (3, 15), (13, 14), (13, 15), (14, 15)])
([568], [3, 12, 14, 15], [(3, 12), (3, 14), (3, 15), (12, 14), (12, 15), (14, 15)])
([569], [3, 11, 14, 15], [(3, 11), (3, 14), (3, 15), (11, 14), (11, 15), (14, 15)])
([570], [3, 6, 13, 15], [(3, 13), (3, 6), (3, 15), (6, 13), (6, 15), (13, 15)])
([575], [11, 13, 14, 15], [(11, 13), (11, 14), (11, 15), (13, 14), (13, 15), (14, 15)])
([577], [2, 12, 13, 15], [(2, 12), (2, 13), (2, 15), (12, 13), (12, 15), (13, 15)])
([578], [2, 13, 14, 15], [(2, 13), (2, 14), (2, 15), (13, 14), (13, 15), (14, 15)])
([579], [12, 13, 14, 15], [(12, 13), (12, 14), (12, 15), (13, 14), (13, 15), (14, 15)])
([580], [12, 13, 14, 15], [(12, 13), (12, 14), (12, 15), (13, 14), (13, 15), (14, 15)])
([581], [12, 13, 14, 15], [(12, 13), (12, 14), (12, 15), (13, 14), (13, 15), (14, 15)])
([582], [12, 13, 14, 15], [(12, 13), (12, 14), (12, 15), (13, 14), (13, 15), (14, 15)])
([583], [12, 13, 14, 15], [(12, 13), (12, 14), (12, 15), (13, 14), (13, 15), (14, 15)])
([584], [2, 13, 14, 15], [(2, 13), (2, 14), (2, 15), (13, 14), (13, 15), (14, 15)])
([585], [3, 13, 14, 15], [(3, 13), (3, 14), (3, 15), (13, 14), (13, 15), (14, 15)])
([586], [12, 13, 14, 15], [(12, 13), (12, 14), (12, 15), (13, 14), (13, 15), (14, 15)])
([592], [3, 12, 14, 15], [(3, 12), (3, 14), (3, 15), (12, 14), (12, 15), (14, 15)])
([593], [3, 13, 14, 15], [(3, 13), (3, 14), (3, 15), (13, 14), (13, 15), (14, 15)])
([594], [3, 12, 14, 15], [(3, 12), (3, 14), (3, 15), (12, 14), (12, 15), (14, 15)])
([595], [12, 13, 14, 15], [(12, 13), (12, 14), (12, 15), (13, 14), (13, 15), (14, 15)])
([596], [11, 13, 14, 15], [(11, 13), (11, 14), (11, 15), (13, 14), (13, 15), (14, 15)])
([597], [11, 13, 14, 15], [(11, 13), (11, 14), (11, 15), (13, 14), (13, 15), (14, 15)])
([598], [12, 13, 14, 15], [(12, 13), (12, 14), (12, 15), (13, 14), (13, 15), (14, 15)])
([600], [4, 13, 14, 15], [(4, 13), (4, 14), (4, 15), (13, 14), (13, 15), (14, 15)])
([605], [3, 13, 14, 15], [(3, 13), (3, 14), (3, 15), (13, 14), (13, 15), (14, 15)])
([610], [12, 13, 14, 15], [(12, 13), (12, 14), (12, 15), (13, 14), (13, 15), (14, 15)])
([612], [3, 13, 14, 15], [(3, 13), (3, 14), (3, 15), (13, 14), (13, 15), (14, 15)])
([617], [4, 6, 14, 15], [(4, 14), (4, 6), (4, 15), (6, 14), (6, 15), (14, 15)])
([618], [5, 7, 13, 15], [(5, 15), (5, 13), (5, 7), (7, 13), (7, 15), (13, 15)])
([619], [2, 6, 13, 15], [(2, 13), (2, 6), (2, 15), (6, 13), (6, 15), (13, 15)])
([620], [12, 13, 14, 15], [(12, 13), (12, 14), (12, 15), (13, 14), (13, 15), (14, 15)])
([621], [12, 13, 14, 15], [(12, 13), (12, 14), (12, 15), (13, 14), (13, 15), (14, 15)])
([624], [5, 13, 14, 15], [(5, 13), (5, 14), (5, 15), (13, 14), (13, 15), (14, 15)])
([625], [4, 13, 14, 15], [(4, 13), (4, 14), (4, 15), (13, 14), (13, 15), (14, 15)])
([626], [12, 13, 14, 15], [(12, 13), (12, 14), (12, 15), (13, 14), (13, 15), (14, 15)])
([627], [2, 11, 13, 15], [(2, 11), (2, 13), (2, 15), (11, 13), (11, 15), (13, 15)])
([629], [2, 9, 14, 15], [(2, 9), (2, 14), (2, 15), (9, 14), (9, 15), (14, 15)])
([631], [2, 13, 14, 15], [(2, 13), (2, 14), (2, 15), (13, 14), (13, 15), (14, 15)])
([632], [12, 13, 14, 15], [(12, 13), (12, 14), (12, 15), (13, 14), (13, 15), (14, 15)])
([633], [2, 13, 14, 15], [(2, 13), (2, 14), (2, 15), (13, 14), (13, 15), (14, 15)])
([636], [3, 10, 14, 15], [(3, 10), (3, 14), (3, 15), (10, 14), (10, 15), (14, 15)])
([637], [12, 13, 14, 15], [(12, 13), (12, 14), (12, 15), (13, 14), (13, 15), (14, 15)])
([639], [12, 13, 14, 15], [(12, 13), (12, 14), (12, 15), (13, 14), (13, 15), (14, 15)])
([640], [12, 13, 14, 15], [(12, 13), (12, 14), (12, 15), (13, 14), (13, 15), (14, 15)])
([641], [12, 13, 14, 15], [(12, 13), (12, 14), (12, 15), (13, 14), (13, 15), (14, 15)])
([642], [4, 12, 14, 15], [(4, 12), (4, 14), (4, 15), (12, 14), (12, 15), (14, 15)])
([643], [3, 13, 14, 15], [(3, 13), (3, 14), (3, 15), (13, 14), (13, 15), (14, 15)])
([644], [3, 11, 14, 15], [(3, 11), (3, 14), (3, 15), (11, 14), (11, 15), (14, 15)])
([647], [6, 12, 13, 15], [(6, 12), (6, 13), (6, 15), (12, 13), (12, 15), (13, 15)])
([648], [6, 12, 13, 15], [(6, 12), (6, 13), (6, 15), (12, 13), (12, 15), (13, 15)])
([649], [3, 10, 12, 15], [(3, 10), (3, 12), (3, 15), (10, 12), (10, 15), (12, 15)])
([650], [11, 13, 14, 15], [(11, 13), (11, 14), (11, 15), (13, 14), (13, 15), (14, 15)])
([655], [11, 13, 14, 15], [(11, 13), (11, 14), (11, 15), (13, 14), (13, 15), (14, 15)])
([657], [2, 13, 14, 15], [(2, 13), (2, 14), (2, 15), (13, 14), (13, 15), (14, 15)])
([669], [4, 13, 14, 15], [(4, 13), (4, 14), (4, 15), (13, 14), (13, 15), (14, 15)])
([670], [12, 13, 14, 15], [(12, 13), (12, 14), (12, 15), (13, 14), (13, 15), (14, 15)])
([671], [2, 13, 14, 15], [(2, 13), (2, 14), (2, 15), (13, 14), (13, 15), (14, 15)])
([672], [3, 12, 14, 15], [(3, 12), (3, 14), (3, 15), (12, 14), (12, 15), (14, 15)])
([673], [12, 13, 14, 15], [(12, 13), (12, 14), (12, 15), (13, 14), (13, 15), (14, 15)])
([674], [2, 12, 13, 15], [(2, 12), (2, 13), (2, 15), (12, 13), (12, 15), (13, 15)])
([675], [12, 13, 14, 15], [(12, 13), (12, 14), (12, 15), (13, 14), (13, 15), (14, 15)])
([676], [12, 13, 14, 15], [(12, 13), (12, 14), (12, 15), (13, 15), (13, 14), (14, 15)])
([679], [12, 13, 14, 15], [(12, 13), (12, 14), (12, 15), (13, 14), (13, 15), (14, 15)])
([680], [2, 13, 14, 15], [(2, 13), (2, 14), (2, 15), (13, 14), (13, 15), (14, 15)])
([685], [2, 13, 14, 15], [(2, 13), (2, 14), (2, 15), (13, 14), (13, 15), (14, 15)])
([686], [12, 13, 14, 15], [(12, 13), (12, 14), (12, 15), (13, 14), (13, 15), (14, 15)])
([687], [3, 11, 14, 15], [(3, 11), (3, 14), (3, 15), (11, 14), (11, 15), (14, 15)])
([693], [3, 13, 14, 15], [(3, 13), (3, 14), (3, 15), (13, 14), (13, 15), (14, 15)])
([695], [5, 12, 14, 15], [(5, 12), (5, 14), (5, 15), (12, 14), (12, 15), (14, 15)])
([696], [3, 13, 14, 15], [(3, 13), (3, 14), (3, 15), (13, 14), (13, 15), (14, 15)])
([697], [3, 13, 14, 15], [(3, 13), (3, 14), (3, 15), (13, 14), (13, 15), (14, 15)])
([698], [12, 13, 14, 15], [(12, 13), (12, 14), (12, 15), (13, 14), (13, 15), (14, 15)])
([707], [10, 13, 14, 15], [(10, 13), (10, 14), (10, 15), (13, 14), (13, 15), (14, 15)])
([709], [12, 13, 14, 15], [(12, 15), (12, 14), (12, 13), (13, 14), (13, 15), (14, 15)])
([711], [11, 13, 14, 15], [(11, 13), (11, 14), (11, 15), (13, 14), (13, 15), (14, 15)])
([712], [9, 12, 13, 15], [(9, 12), (9, 13), (9, 15), (12, 13), (12, 15), (13, 15)])
([718], [2, 6, 9, 15], [(2, 9), (2, 6), (2, 15), (6, 9), (6, 15), (9, 15)])
([728], [12, 13, 14, 15], [(12, 15), (12, 14), (12, 13), (13, 14), (13, 15), (14, 15)])
([738], [3, 5, 14, 15], [(3, 5), (3, 14), (3, 15), (5, 14), (5, 15), (14, 15)])
([756], [10, 13, 14, 15], [(10, 13), (10, 14), (10, 15), (13, 14), (13, 15), (14, 15)])
([757], [12, 13, 14, 15], [(12, 13), (12, 14), (12, 15), (13, 14), (13, 15), (14, 15)])
([758], [10, 13, 14, 15], [(10, 13), (10, 14), (10, 15), (13, 14), (13, 15), (14, 15)])
([759], [11, 13, 14, 15], [(11, 13), (11, 14), (11, 15), (13, 14), (13, 15), (14, 15)])
([764], [2, 13, 14, 15], [(2, 13), (2, 14), (2, 15), (13, 14), (13, 15), (14, 15)])
([770], [12, 13, 14, 15], [(12, 13), (12, 14), (12, 15), (13, 14), (13, 15), (14, 15)])
([771], [12, 13, 14, 15], [(12, 13), (12, 14), (12, 15), (13, 14), (13, 15), (14, 15)])
([772], [12, 13, 14, 15], [(12, 13), (12, 14), (12, 15), (13, 14), (13, 15), (14, 15)])
([773], [12, 13, 14, 15], [(12, 13), (12, 14), (12, 15), (13, 14), (13, 15), (14, 15)])
([774], [12, 13, 14, 15], [(12, 13), (12, 14), (12, 15), (13, 14), (13, 15), (14, 15)])
([775], [12, 13, 14, 15], [(12, 15), (12, 14), (12, 13), (13, 14), (13, 15), (14, 15)])
([777], [12, 13, 14, 15], [(12, 15), (12, 14), (12, 13), (13, 14), (13, 15), (14, 15)])
([778], [2, 13, 14, 15], [(2, 13), (2, 14), (2, 15), (13, 14), (13, 15), (14, 15)])
([779], [3, 13, 14, 15], [(3, 13), (3, 14), (3, 15), (13, 14), (13, 15), (14, 15)])
([780], [2, 13, 14, 15], [(2, 13), (2, 14), (2, 15), (13, 14), (13, 15), (14, 15)])
([781], [12, 13, 14, 15], [(12, 13), (12, 14), (12, 15), (13, 14), (13, 15), (14, 15)])
([786], [2, 13, 14, 15], [(2, 13), (2, 14), (2, 15), (13, 14), (13, 15), (14, 15)])
([788], [12, 13, 14, 15], [(12, 14), (12, 13), (12, 15), (13, 14), (13, 15), (14, 15)])
([789], [3, 13, 14, 15], [(3, 13), (3, 14), (3, 15), (13, 14), (13, 15), (14, 15)])
([791], [12, 13, 14, 15], [(12, 15), (12, 13), (12, 14), (13, 14), (13, 15), (14, 15)])
([792], [12, 13, 14, 15], [(12, 13), (12, 14), (12, 15), (13, 14), (13, 15), (14, 15)])
([793], [11, 13, 14, 15], [(11, 13), (11, 14), (11, 15), (13, 14), (13, 15), (14, 15)])
([794], [12, 13, 14, 15], [(12, 13), (12, 14), (12, 15), (13, 14), (13, 15), (14, 15)])
([795], [12, 13, 14, 15], [(12, 13), (12, 14), (12, 15), (13, 14), (13, 15), (14, 15)])
([796], [11, 12, 13, 15], [(11, 12), (11, 13), (11, 15), (12, 13), (12, 15), (13, 15)])
([797], [12, 13, 14, 15], [(12, 13), (12, 14), (12, 15), (13, 14), (13, 15), (14, 15)])
([798], [3, 13, 14, 15], [(3, 13), (3, 14), (3, 15), (13, 14), (13, 15), (14, 15)])
([800], [5, 11, 14, 15], [(5, 11), (5, 14), (5, 15), (11, 14), (11, 15), (14, 15)])
([809], [12, 13, 14, 15], [(12, 13), (12, 14), (12, 15), (13, 14), (13, 15), (14, 15)])
([810], [12, 13, 14, 15], [(12, 13), (12, 14), (12, 15), (13, 14), (13, 15), (14, 15)])
([811], [12, 13, 14, 15], [(12, 13), (12, 14), (12, 15), (13, 14), (13, 15), (14, 15)])
([813], [12, 13, 14, 15], [(12, 13), (12, 14), (12, 15), (13, 14), (13, 15), (14, 15)])
([819], [12, 13, 14, 15], [(12, 13), (12, 14), (12, 15), (13, 14), (13, 15), (14, 15)])
([820], [12, 13, 14, 15], [(12, 13), (12, 14), (12, 15), (13, 14), (13, 15), (14, 15)])
([821], [12, 13, 14, 15], [(12, 13), (12, 14), (12, 15), (13, 14), (13, 15), (14, 15)])
([822], [12, 13, 14, 15], [(12, 13), (12, 14), (12, 15), (13, 14), (13, 15), (14, 15)])
([823], [12, 13, 14, 15], [(12, 13), (12, 14), (12, 15), (13, 14), (13, 15), (14, 15)])
([824], [12, 13, 14, 15], [(12, 13), (12, 14), (12, 15), (13, 14), (13, 15), (14, 15)])
([828], [12, 13, 14, 15], [(12, 13), (12, 14), (12, 15), (13, 14), (13, 15), (14, 15)])
([830], [3, 13, 14, 15], [(3, 13), (3, 14), (3, 15), (13, 14), (13, 15), (14, 15)])
([831], [3, 5, 13, 15], [(3, 13), (3, 5), (3, 15), (5, 13), (5, 15), (13, 15)])
([832], [3, 12, 14, 15], [(3, 12), (3, 14), (3, 15), (12, 14), (12, 15), (14, 15)])
([833], [12, 13, 14, 15], [(12, 13), (12, 14), (12, 15), (13, 14), (13, 15), (14, 15)])
([834], [2, 13, 14, 15], [(2, 13), (2, 14), (2, 15), (13, 14), (13, 15), (14, 15)])
([835], [2, 5, 14, 15], [(2, 5), (2, 14), (2, 15), (5, 14), (5, 15), (14, 15)])
([836], [3, 13, 14, 15], [(3, 13), (3, 14), (3, 15), (13, 14), (13, 15), (14, 15)])
([840], [12, 13, 14, 15], [(12, 13), (12, 14), (12, 15), (13, 14), (13, 15), (14, 15)])
([841], [2, 10, 12, 15], [(2, 10), (2, 12), (2, 15), (10, 12), (10, 15), (12, 15)])
([842], [2, 10, 13, 15], [(2, 10), (2, 13), (2, 15), (10, 13), (10, 15), (13, 15)])
([844], [2, 5, 13, 15], [(2, 13), (2, 5), (2, 15), (5, 13), (5, 15), (13, 15)])
([845], [3, 12, 14, 15], [(3, 12), (3, 14), (3, 15), (12, 14), (12, 15), (14, 15)])
([846], [3, 12, 14, 15], [(3, 12), (3, 14), (3, 15), (12, 14), (12, 15), (14, 15)])
([847], [4, 13, 14, 15], [(4, 13), (4, 14), (4, 15), (13, 14), (13, 15), (14, 15)])
([848], [4, 7, 13, 15], [(4, 15), (4, 13), (4, 7), (7, 13), (7, 15), (13, 15)])
([849], [12, 13, 14, 15], [(12, 13), (12, 14), (12, 15), (13, 15), (13, 14), (14, 15)])
([850], [2, 13, 14, 15], [(2, 13), (2, 14), (2, 15), (13, 14), (13, 15), (14, 15)])
([851], [12, 13, 14, 15], [(12, 13), (12, 14), (12, 15), (13, 14), (13, 15), (14, 15)])
([855], [2, 13, 14, 15], [(2, 13), (2, 14), (2, 15), (13, 14), (13, 15), (14, 15)])
([856], [12, 13, 14, 15], [(12, 13), (12, 14), (12, 15), (13, 14), (13, 15), (14, 15)])
([862], [12, 13, 14, 15], [(12, 13), (12, 14), (12, 15), (13, 14), (13, 15), (14, 15)])
([863], [11, 13, 14, 15], [(11, 13), (11, 14), (11, 15), (13, 14), (13, 15), (14, 15)])
([864], [12, 13, 14, 15], [(12, 13), (12, 14), (12, 15), (13, 14), (13, 15), (14, 15)])
([868], [11, 13, 14, 15], [(11, 13), (11, 14), (11, 15), (13, 14), (13, 15), (14, 15)])
([870], [12, 13, 14, 15], [(12, 13), (12, 14), (12, 15), (13, 14), (13, 15), (14, 15)])
([871], [12, 13, 14, 15], [(12, 13), (12, 14), (12, 15), (13, 14), (13, 15), (14, 15)])
([872], [12, 13, 14, 15], [(12, 13), (12, 14), (12, 15), (13, 14), (13, 15), (14, 15)])
([873], [2, 9, 13, 15], [(2, 9), (2, 13), (2, 15), (9, 13), (9, 15), (13, 15)])
([874], [2, 13, 14, 15], [(2, 13), (2, 14), (2, 15), (13, 14), (13, 15), (14, 15)])
([875], [12, 13, 14, 15], [(12, 13), (12, 14), (12, 15), (13, 14), (13, 15), (14, 15)])
([876], [12, 13, 14, 15], [(12, 13), (12, 14), (12, 15), (13, 14), (13, 15), (14, 15)])
([878], [12, 13, 14, 15], [(12, 13), (12, 14), (12, 15), (13, 14), (13, 15), (14, 15)])
([879], [12, 13, 14, 15], [(12, 13), (12, 14), (12, 15), (13, 14), (13, 15), (14, 15)])
([880], [12, 13, 14, 15], [(12, 13), (12, 14), (12, 15), (13, 14), (13, 15), (14, 15)])
([887], [12, 13, 14, 15], [(12, 13), (12, 14), (12, 15), (13, 14), (13, 15), (14, 15)])
([888], [12, 13, 14, 15], [(12, 13), (12, 14), (12, 15), (13, 14), (13, 15), (14, 15)])
([890], [12, 13, 14, 15], [(12, 13), (12, 14), (12, 15), (13, 14), (13, 15), (14, 15)])
([893], [3, 11, 14, 15], [(3, 11), (3, 14), (3, 15), (11, 14), (11, 15), (14, 15)])
([894], [2, 10, 13, 15], [(2, 10), (2, 13), (2, 15), (10, 13), (10, 15), (13, 15)])
([895], [10, 12, 14, 15], [(10, 12), (10, 14), (10, 15), (12, 14), (12, 15), (14, 15)])
([896], [3, 12, 14, 15], [(3, 12), (3, 14), (3, 15), (12, 14), (12, 15), (14, 15)])
([897], [3, 5, 14, 15], [(3, 5), (3, 14), (3, 15), (5, 14), (5, 15), (14, 15)])
([898], [12, 13, 14, 15], [(12, 13), (12, 14), (12, 15), (13, 14), (13, 15), (14, 15)])
([899], [12, 13, 14, 15], [(12, 13), (12, 14), (12, 15), (13, 14), (13, 15), (14, 15)])
([900], [12, 13, 14, 15], [(12, 13), (12, 14), (12, 15), (13, 14), (13, 15), (14, 15)])
([901], [2, 13, 14, 15], [(2, 13), (2, 14), (2, 15), (13, 14), (13, 15), (14, 15)])
([902], [3, 13, 14, 15], [(3, 13), (3, 14), (3, 15), (13, 14), (13, 15), (14, 15)])
([904], [2, 7, 10, 15], [(2, 10), (2, 15), (2, 7), (7, 10), (7, 15), (10, 15)])
([905], [6, 9, 12, 15], [(6, 9), (6, 15), (6, 12), (9, 12), (9, 15), (12, 15)])
([907], [12, 13, 14, 15], [(12, 13), (12, 14), (12, 15), (13, 14), (13, 15), (14, 15)])
([908], [12, 13, 14, 15], [(12, 13), (12, 14), (12, 15), (13, 14), (13, 15), (14, 15)])
([910], [11, 13, 14, 15], [(11, 13), (11, 14), (11, 15), (13, 14), (13, 15), (14, 15)])
([912], [12, 13, 14, 15], [(12, 13), (12, 14), (12, 15), (13, 14), (13, 15), (14, 15)])
([916], [4, 13, 14, 15], [(4, 13), (4, 14), (4, 15), (13, 14), (13, 15), (14, 15)])
([917], [3, 9, 11, 15], [(3, 9), (3, 11), (3, 15), (9, 11), (9, 15), (11, 15)])
([918], [2, 10, 14, 15], [(2, 10), (2, 14), (2, 15), (10, 14), (10, 15), (14, 15)])
([920], [12, 13, 14, 15], [(12, 13), (12, 14), (12, 15), (13, 14), (13, 15), (14, 15)])
([921], [12, 13, 14, 15], [(12, 13), (12, 14), (12, 15), (13, 14), (13, 15), (14, 15)])
([922], [2, 5, 13, 15], [(2, 13), (2, 5), (2, 15), (5, 13), (5, 15), (13, 15)])
([923], [2, 13, 14, 15], [(2, 13), (2, 14), (2, 15), (13, 14), (13, 15), (14, 15)])
([928], [3, 11, 14, 15], [(3, 11), (3, 14), (3, 15), (11, 14), (11, 15), (14, 15)])
([931], [12, 13, 14, 15], [(12, 13), (12, 14), (12, 15), (13, 14), (13, 15), (14, 15)])
([933], [12, 13, 14, 15], [(12, 13), (12, 14), (12, 15), (13, 14), (13, 15), (14, 15)])
([937], [12, 13, 14, 15], [(12, 13), (12, 14), (12, 15), (13, 14), (13, 15), (14, 15)])
([939], [3, 13, 14, 15], [(3, 13), (3, 14), (3, 15), (13, 15), (13, 14), (14, 15)])
([940], [12, 13, 14, 15], [(12, 13), (12, 14), (12, 15), (13, 14), (13, 15), (14, 15)])
([944], [3, 13, 14, 15], [(3, 13), (3, 14), (3, 15), (13, 14), (13, 15), (14, 15)])
([946], [3, 13, 14, 15], [(3, 13), (3, 14), (3, 15), (13, 14), (13, 15), (14, 15)])
([947], [3, 12, 14, 15], [(3, 12), (3, 14), (3, 15), (12, 14), (12, 15), (14, 15)])
([948], [12, 13, 14, 15], [(12, 14), (12, 13), (12, 15), (13, 14), (13, 15), (14, 15)])
([949], [12, 13, 14, 15], [(12, 15), (12, 14), (12, 13), (13, 14), (13, 15), (14, 15)])
([951], [11, 13, 14, 15], [(11, 13), (11, 14), (11, 15), (13, 14), (13, 15), (14, 15)])
([952], [8, 11, 13, 15], [(8, 11), (8, 15), (8, 13), (11, 13), (11, 15), (13, 15)])
([953], [9, 12, 14, 15], [(9, 12), (9, 14), (9, 15), (12, 14), (12, 15), (14, 15)])
([955], [12, 13, 14, 15], [(12, 13), (12, 14), (12, 15), (13, 14), (13, 15), (14, 15)])
([963], [2, 13, 14, 15], [(2, 13), (2, 14), (2, 15), (13, 14), (13, 15), (14, 15)])
([964], [12, 13, 14, 15], [(12, 13), (12, 14), (12, 15), (13, 14), (13, 15), (14, 15)])
([970], [2, 12, 14, 15], [(2, 12), (2, 14), (2, 15), (12, 14), (12, 15), (14, 15)])
([972], [4, 10, 12, 15], [(4, 10), (4, 12), (4, 15), (10, 12), (10, 15), (12, 15)])
([973], [11, 13, 14, 15], [(11, 13), (11, 14), (11, 15), (13, 14), (13, 15), (14, 15)])
([975], [3, 12, 14, 15], [(3, 12), (3, 14), (3, 15), (12, 14), (12, 15), (14, 15)])
([976], [2, 13, 14, 15], [(2, 13), (2, 14), (2, 15), (13, 14), (13, 15), (14, 15)])
([977], [2, 5, 13, 15], [(2, 13), (2, 5), (2, 15), (5, 13), (5, 15), (13, 15)])
([978], [11, 13, 14, 15], [(11, 13), (11, 14), (11, 15), (13, 14), (13, 15), (14, 15)])
([979], [12, 13, 14, 15], [(12, 13), (12, 14), (12, 15), (13, 14), (13, 15), (14, 15)])
([990], [12, 13, 14, 15], [(12, 13), (12, 14), (12, 15), (13, 14), (13, 15), (14, 15)])
([1001], [12, 13, 14, 15], [(12, 13), (12, 14), (12, 15), (13, 14), (13, 15), (14, 15)])
([1008], [11, 13, 14, 15], [(11, 13), (11, 14), (11, 15), (13, 14), (13, 15), (14, 15)])
([1009], [10, 13, 14, 15], [(10, 13), (10, 14), (10, 15), (13, 14), (13, 15), (14, 15)])
([1010], [12, 13, 14, 15], [(12, 13), (12, 14), (12, 15), (13, 14), (13, 15), (14, 15)])
([1011], [12, 13, 14, 15], [(12, 13), (12, 14), (12, 15), (13, 14), (13, 15), (14, 15)])
([1012], [11, 13, 14, 15], [(11, 13), (11, 14), (11, 15), (13, 14), (13, 15), (14, 15)])
([1020], [2, 13, 14, 15], [(2, 13), (2, 14), (2, 15), (13, 14), (13, 15), (14, 15)])
([1024], [10, 13, 14, 15], [(10, 13), (10, 14), (10, 15), (13, 14), (13, 15), (14, 15)])
([1028], [10, 13, 14, 15], [(10, 13), (10, 14), (10, 15), (13, 14), (13, 15), (14, 15)])
([1029], [12, 13, 14, 15], [(12, 13), (12, 14), (12, 15), (13, 14), (13, 15), (14, 15)])
([1030], [12, 13, 14, 15], [(12, 13), (12, 14), (12, 15), (13, 14), (13, 15), (14, 15)])
([1033], [12, 13, 14, 15], [(12, 13), (12, 14), (12, 15), (13, 14), (13, 15), (14, 15)])
([1034], [12, 13, 14, 15], [(12, 15), (12, 13), (12, 14), (13, 14), (13, 15), (14, 15)])
([1035], [12, 13, 14, 15], [(12, 13), (12, 14), (12, 15), (13, 14), (13, 15), (14, 15)])
([1036], [12, 13, 14, 15], [(12, 13), (12, 14), (12, 15), (13, 14), (13, 15), (14, 15)])
([1037], [12, 13, 14, 15], [(12, 13), (12, 14), (12, 15), (13, 14), (13, 15), (14, 15)])
([1038], [12, 13, 14, 15], [(12, 13), (12, 14), (12, 15), (13, 14), (13, 15), (14, 15)])
([1041], [12, 13, 14, 15], [(12, 13), (12, 14), (12, 15), (13, 14), (13, 15), (14, 15)])
([1050], [12, 13, 14, 15], [(12, 13), (12, 14), (12, 15), (13, 14), (13, 15), (14, 15)])
([1055], [8, 12, 14, 15], [(8, 12), (8, 14), (8, 15), (12, 14), (12, 15), (14, 15)])
([1056], [12, 13, 14, 15], [(12, 13), (12, 14), (12, 15), (13, 14), (13, 15), (14, 15)])
([1057], [12, 13, 14, 15], [(12, 13), (12, 14), (12, 15), (13, 14), (13, 15), (14, 15)])
([1058], [2, 13, 14, 15], [(2, 13), (2, 14), (2, 15), (13, 14), (13, 15), (14, 15)])
([1059], [2, 10, 13, 15], [(2, 10), (2, 13), (2, 15), (10, 13), (10, 15), (13, 15)])
([1060], [2, 11, 13, 15], [(2, 11), (2, 13), (2, 15), (11, 13), (11, 15), (13, 15)])
([1061], [12, 13, 14, 15], [(12, 13), (12, 14), (12, 15), (13, 14), (13, 15), (14, 15)])
([1062], [2, 4, 13, 15], [(2, 4), (2, 13), (2, 15), (4, 13), (4, 15), (13, 15)])
([1063], [12, 13, 14, 15], [(12, 13), (12, 14), (12, 15), (13, 14), (13, 15), (14, 15)])
([1064], [12, 13, 14, 15], [(12, 13), (12, 14), (12, 15), (13, 14), (13, 15), (14, 15)])
([1065], [12, 13, 14, 15], [(12, 13), (12, 14), (12, 15), (13, 14), (13, 15), (14, 15)])
([1066], [12, 13, 14, 15], [(12, 13), (12, 14), (12, 15), (13, 14), (13, 15), (14, 15)])
([1068], [12, 13, 14, 15], [(12, 13), (12, 14), (12, 15), (13, 14), (13, 15), (14, 15)])
([1071], [10, 13, 14, 15], [(10, 13), (10, 14), (10, 15), (13, 14), (13, 15), (14, 15)])
([1072], [11, 13, 14, 15], [(11, 13), (11, 14), (11, 15), (13, 14), (13, 15), (14, 15)])
([1073], [11, 13, 14, 15], [(11, 13), (11, 14), (11, 15), (13, 14), (13, 15), (14, 15)])
([1074], [10, 13, 14, 15], [(10, 13), (10, 14), (10, 15), (13, 14), (13, 15), (14, 15)])
([1075], [12, 13, 14, 15], [(12, 13), (12, 14), (12, 15), (13, 14), (13, 15), (14, 15)])
([1079], [12, 13, 14, 15], [(12, 13), (12, 14), (12, 15), (13, 14), (13, 15), (14, 15)])
([1080], [12, 13, 14, 15], [(12, 15), (12, 14), (12, 13), (13, 14), (13, 15), (14, 15)])
([1081], [12, 13, 14, 15], [(12, 13), (12, 14), (12, 15), (13, 14), (13, 15), (14, 15)])
([1082], [12, 13, 14, 15], [(12, 13), (12, 14), (12, 15), (13, 14), (13, 15), (14, 15)])
([1088], [12, 13, 14, 15], [(12, 13), (12, 14), (12, 15), (13, 14), (13, 15), (14, 15)])
([1089], [12, 13, 14, 15], [(12, 13), (12, 14), (12, 15), (13, 14), (13, 15), (14, 15)])
([1090], [2, 13, 14, 15], [(2, 13), (2, 14), (2, 15), (13, 14), (13, 15), (14, 15)])
([1091], [2, 13, 14, 15], [(2, 13), (2, 14), (2, 15), (13, 15), (13, 14), (14, 15)])
([1092], [3, 10, 14, 15], [(3, 10), (3, 14), (3, 15), (10, 14), (10, 15), (14, 15)])
([1093], [3, 10, 12, 15], [(3, 10), (3, 12), (3, 15), (10, 12), (10, 15), (12, 15)])
([1094], [3, 5, 10, 15], [(3, 10), (3, 5), (3, 15), (5, 10), (5, 15), (10, 15)])
([1095], [12, 13, 14, 15], [(12, 13), (12, 14), (12, 15), (13, 14), (13, 15), (14, 15)])
([1096], [12, 13, 14, 15], [(12, 13), (12, 14), (12, 15), (13, 14), (13, 15), (14, 15)])
([1097], [12, 13, 14, 15], [(12, 13), (12, 14), (12, 15), (13, 14), (13, 15), (14, 15)])
([1099], [12, 13, 14, 15], [(12, 13), (12, 14), (12, 15), (13, 14), (13, 15), (14, 15)])
([1100], [12, 13, 14, 15], [(12, 13), (12, 14), (12, 15), (13, 14), (13, 15), (14, 15)])
([1101], [12, 13, 14, 15], [(12, 13), (12, 14), (12, 15), (13, 14), (13, 15), (14, 15)])
([1104], [12, 13, 14, 15], [(12, 13), (12, 14), (12, 15), (13, 14), (13, 15), (14, 15)])
([1105], [12, 13, 14, 15], [(12, 13), (12, 14), (12, 15), (13, 14), (13, 15), (14, 15)])
([1106], [12, 13, 14, 15], [(12, 13), (12, 14), (12, 15), (13, 14), (13, 15), (14, 15)])
([1107], [2, 11, 13, 15], [(2, 11), (2, 13), (2, 15), (11, 13), (11, 15), (13, 15)])
([1108], [11, 12, 14, 15], [(11, 12), (11, 14), (11, 15), (12, 14), (12, 15), (14, 15)])
([1110], [10, 12, 13, 15], [(10, 12), (10, 13), (10, 15), (12, 13), (12, 15), (13, 15)])
([1111], [11, 13, 14, 15], [(11, 13), (11, 14), (11, 15), (13, 14), (13, 15), (14, 15)])
([1112], [11, 13, 14, 15], [(11, 13), (11, 14), (11, 15), (13, 14), (13, 15), (14, 15)])
([1113], [2, 8, 10, 15], [(2, 8), (2, 10), (2, 15), (8, 10), (8, 15), (10, 15)])
([1120], [2, 13, 14, 15], [(2, 13), (2, 14), (2, 15), (13, 14), (13, 15), (14, 15)])
([1121], [2, 13, 14, 15], [(2, 13), (2, 14), (2, 15), (13, 14), (13, 15), (14, 15)])
([1122], [12, 13, 14, 15], [(12, 13), (12, 14), (12, 15), (13, 14), (13, 15), (14, 15)])
([1123], [3, 13, 14, 15], [(3, 13), (3, 14), (3, 15), (13, 14), (13, 15), (14, 15)])
([1124], [11, 13, 14, 15], [(11, 13), (11, 14), (11, 15), (13, 14), (13, 15), (14, 15)])
([1125], [12, 13, 14, 15], [(12, 13), (12, 14), (12, 15), (13, 14), (13, 15), (14, 15)])
([1126], [12, 13, 14, 15], [(12, 13), (12, 14), (12, 15), (13, 14), (13, 15), (14, 15)])
([1127], [12, 13, 14, 15], [(12, 13), (12, 14), (12, 15), (13, 14), (13, 15), (14, 15)])
([1129], [3, 13, 14, 15], [(3, 13), (3, 14), (3, 15), (13, 15), (13, 14), (14, 15)])
([1134], [12, 13, 14, 15], [(12, 13), (12, 14), (12, 15), (13, 14), (13, 15), (14, 15)])
([1136], [9, 12, 13, 15], [(9, 12), (9, 13), (9, 15), (12, 13), (12, 15), (13, 15)])
([1142], [12, 13, 14, 15], [(12, 13), (12, 14), (12, 15), (13, 14), (13, 15), (14, 15)])
([1143], [3, 13, 14, 15], [(3, 13), (3, 14), (3, 15), (13, 14), (13, 15), (14, 15)])
([1144], [2, 13, 14, 15], [(2, 13), (2, 14), (2, 15), (13, 14), (13, 15), (14, 15)])
([1148], [2, 4, 13, 15], [(2, 4), (2, 13), (2, 15), (4, 13), (4, 15), (13, 15)])
([1150], [12, 13, 14, 15], [(12, 13), (12, 14), (12, 15), (13, 14), (13, 15), (14, 15)])
([1151], [12, 13, 14, 15], [(12, 13), (12, 14), (12, 15), (13, 14), (13, 15), (14, 15)])
([1152], [12, 13, 14, 15], [(12, 13), (12, 14), (12, 15), (13, 14), (13, 15), (14, 15)])
([1157], [2, 13, 14, 15], [(2, 13), (2, 14), (2, 15), (13, 14), (13, 15), (14, 15)])
([1160], [10, 11, 13, 15], [(10, 11), (10, 13), (10, 15), (11, 13), (11, 15), (13, 15)])
([1161], [12, 13, 14, 15], [(12, 13), (12, 14), (12, 15), (13, 14), (13, 15), (14, 15)])
([1163], [12, 13, 14, 15], [(12, 15), (12, 13), (12, 14), (13, 14), (13, 15), (14, 15)])
([1164], [3, 13, 14, 15], [(3, 13), (3, 14), (3, 15), (13, 14), (13, 15), (14, 15)])
([1165], [12, 13, 14, 15], [(12, 13), (12, 14), (12, 15), (13, 14), (13, 15), (14, 15)])
([1167], [11, 12, 14, 15], [(11, 12), (11, 14), (11, 15), (12, 14), (12, 15), (14, 15)])
([1169], [12, 13, 14, 15], [(12, 13), (12, 14), (12, 15), (13, 14), (13, 15), (14, 15)])
([1182], [3, 9, 12, 15], [(3, 9), (3, 12), (3, 15), (9, 12), (9, 15), (12, 15)])
([1183], [2, 9, 14, 15], [(2, 9), (2, 14), (2, 15), (9, 14), (9, 15), (14, 15)])
([1190], [2, 9, 11, 15], [(2, 9), (2, 11), (2, 15), (9, 11), (9, 15), (11, 15)])
([1191], [12, 13, 14, 15], [(12, 13), (12, 14), (12, 15), (13, 14), (13, 15), (14, 15)])
([1192], [12, 13, 14, 15], [(12, 13), (12, 14), (12, 15), (13, 14), (13, 15), (14, 15)])
([1193], [12, 13, 14, 15], [(12, 13), (12, 14), (12, 15), (13, 14), (13, 15), (14, 15)])
([1195], [12, 13, 14, 15], [(12, 13), (12, 14), (12, 15), (13, 14), (13, 15), (14, 15)])
([1196], [12, 13, 14, 15], [(12, 13), (12, 14), (12, 15), (13, 14), (13, 15), (14, 15)])
([1197], [2, 4, 13, 15], [(2, 4), (2, 13), (2, 15), (4, 13), (4, 15), (13, 15)])
([1200], [12, 13, 14, 15], [(12, 15), (12, 14), (12, 13), (13, 14), (13, 15), (14, 15)])
([1206], [12, 13, 14, 15], [(12, 13), (12, 14), (12, 15), (13, 14), (13, 15), (14, 15)])
([1207], [12, 13, 14, 15], [(12, 13), (12, 14), (12, 15), (13, 15), (13, 14), (14, 15)])
([1210], [11, 12, 13, 15], [(11, 12), (11, 13), (11, 15), (12, 13), (12, 15), (13, 15)])
([1211], [9, 12, 13, 15], [(9, 12), (9, 13), (9, 15), (12, 13), (12, 15), (13, 15)])
([1213], [12, 13, 14, 15], [(12, 13), (12, 14), (12, 15), (13, 14), (13, 15), (14, 15)])
([1214], [12, 13, 14, 15], [(12, 13), (12, 14), (12, 15), (13, 14), (13, 15), (14, 15)])
([1216], [12, 13, 14, 15], [(12, 13), (12, 14), (12, 15), (13, 14), (13, 15), (14, 15)])
([1219], [12, 13, 14, 15], [(12, 13), (12, 14), (12, 15), (13, 14), (13, 15), (14, 15)])
([1225], [12, 13, 14, 15], [(12, 13), (12, 14), (12, 15), (13, 14), (13, 15), (14, 15)])
([1226], [12, 13, 14, 15], [(12, 13), (12, 14), (12, 15), (13, 14), (13, 15), (14, 15)])
([1231], [10, 13, 14, 15], [(10, 13), (10, 14), (10, 15), (13, 14), (13, 15), (14, 15)])
([1232], [12, 13, 14, 15], [(12, 13), (12, 14), (12, 15), (13, 15), (13, 14), (14, 15)])
([1236], [12, 13, 14, 15], [(12, 13), (12, 14), (12, 15), (13, 14), (13, 15), (14, 15)])
([1240], [2, 13, 14, 15], [(2, 13), (2, 14), (2, 15), (13, 14), (13, 15), (14, 15)])
([1241], [12, 13, 14, 15], [(12, 13), (12, 14), (12, 15), (13, 14), (13, 15), (14, 15)])
([1242], [12, 13, 14, 15], [(12, 13), (12, 14), (12, 15), (13, 14), (13, 15), (14, 15)])
([1245], [12, 13, 14, 15], [(12, 13), (12, 14), (12, 15), (13, 14), (13, 15), (14, 15)])
([1250], [12, 13, 14, 15], [(12, 13), (12, 14), (12, 15), (13, 14), (13, 15), (14, 15)])
([1251], [12, 13, 14, 15], [(12, 13), (12, 14), (12, 15), (13, 14), (13, 15), (14, 15)])
([1252], [3, 10, 13, 15], [(3, 10), (3, 13), (3, 15), (10, 13), (10, 15), (13, 15)])
([1253], [2, 13, 14, 15], [(2, 13), (2, 14), (2, 15), (13, 14), (13, 15), (14, 15)])
([1254], [12, 13, 14, 15], [(12, 13), (12, 14), (12, 15), (13, 14), (13, 15), (14, 15)])
([1259], [12, 13, 14, 15], [(12, 13), (12, 14), (12, 15), (13, 14), (13, 15), (14, 15)])
([1261], [12, 13, 14, 15], [(12, 13), (12, 14), (12, 15), (13, 14), (13, 15), (14, 15)])
([1262], [2, 4, 10, 15], [(2, 10), (2, 4), (2, 15), (4, 10), (4, 15), (10, 15)])
([1263], [2, 10, 14, 15], [(2, 10), (2, 14), (2, 15), (10, 14), (10, 15), (14, 15)])
([1264], [12, 13, 14, 15], [(12, 13), (12, 14), (12, 15), (13, 14), (13, 15), (14, 15)])
([1265], [2, 9, 14, 15], [(2, 9), (2, 14), (2, 15), (9, 14), (9, 15), (14, 15)])
([1269], [12, 13, 14, 15], [(12, 13), (12, 14), (12, 15), (13, 14), (13, 15), (14, 15)])
([1272], [2, 11, 13, 15], [(2, 11), (2, 13), (2, 15), (11, 13), (11, 15), (13, 15)])
([1273], [12, 13, 14, 15], [(12, 13), (12, 14), (12, 15), (13, 15), (13, 14), (14, 15)])
([1274], [12, 13, 14, 15], [(12, 13), (12, 14), (12, 15), (13, 14), (13, 15), (14, 15)])
([1277], [12, 13, 14, 15], [(12, 13), (12, 14), (12, 15), (13, 14), (13, 15), (14, 15)])
