[[5,6,8,9,5],[5,4],[4,1,0,11],[10,7,12,10],[10,11],[11,4]]
[[6,8,9,10,6],[6,5],[5,1,0,12],[5,12],[11,7,4,13,11],[12,11]]
[[5,8,6,5],[5,4],[4,1,0,11],[10,7,12,10],[10,11],[11,4]]
[[6,7,4,3,9,6],[6,5],[5,1,0,11],[10,8,12,10],[10,11],[11,5]]
[[8,9,11,12,8],[8,7],[7,3,4],[5,10,6,5],[5,4],[4,7]]
[[6,7,13,14,9,6],[6,5],[5,1,0,11],[5,11],[10,8,4,12,10],[11,10]]
[[8,11,9,8],[8,7],[7,3,4],[6,10,5,6],[6,4],[4,7]]
[[8,11,3,2,12,8],[8,9],[9,4,5],[7,10,6,7],[7,5],[5,9]]
[[6,9,3,4,6],[6,7],[7,1,0,11],[10,8,12,10],[10,11],[11,7]]
[[6,7,3,2,4,9,6],[6,5],[5,1,0,11],[10,8,12,10],[10,11],[11,5]]
[[5,7,8,9,5],[5,4],[4,12,11],[10,6,3,13,10],[11,4],[10,11]]
[[6,5,2,3,6],[6,7],[7,12,11],[9,8,10,9],[9,11],[11,7]]
[[8,4,14,13,8],[8,7],[7,1,0,11],[7,11],[9,6,5,10,9],[11,9]]
[[8,9,11,12,8],[8,7],[7,4,5],[6,10,3,2,13,6],[6,5],[5,7]]
[[6,8,13,14,9,6],[6,5],[5,1,0,11],[5,11],[10,7,4,3,12,10],[11,10]]
[[7,8,3,2,14,10,7],[7,6],[6,1,0,12],[6,12],[11,9,5,13,11],[12,11]]
[[8,11,2,1,3,12,8],[8,9],[9,4,5],[7,10,6,7],[7,5],[5,9]]
[[7,9,13,14,11,7],[7,8],[8,4,5],[6,10,3,2,12,6],[6,5],[5,8]]
[[7,8,10,11,7],[7,6],[6,3,4],[5,9,14,15,13,12,5],[5,4],[4,6]]
[[6,7,8,9,6],[6,5],[5,12,11],[10,13,3,2,10],[10,11],[11,5]]
[[5,8,14,13,5],[5,6],[6,1,0,10],[6,10],[9,7,4,3,11,9],[10,9]]
[[7,8,3,2,14,10,7],[7,6],[6,1,0,12],[6,12],[11,9,5,4,13,11],[12,11]]
[[5,4,14,13,5],[5,6],[6,10,9],[8,7,3,2,11,8],[9,6],[8,9]]
[[7,9,3,2,11,7],[7,8],[8,4,5],[6,10,14,15,13,12,6],[5,8],[6,5]]
[[8,9,3,2,4,11,8],[8,7],[7,1,0,5],[7,5],[6,10,14,15,13,12,6],[5,6]]
[[8,9,3,2,14,10,8],[8,7],[7,1,0,6],[7,6],[4,5,13,12,4],[6,4]]
[[6,11,14,13,6],[6,7],[7,1,0,3],[7,3],[4,5,10,8,4],[3,4]]
[[6,8,2,1,14,9,6],[6,7],[7,12,11],[10,13,4,3,10],[11,7],[10,11]]
[[7,9,2,1,3,11,7],[7,8],[8,4,5],[6,10,14,15,13,12,6],[5,8],[6,5]]
[[8,2,14,13,8],[8,7],[7,3,4],[6,5,10,11,6],[4,7],[6,4]]
