[[7,10,11],[6,7,10],[0,1,2],[1,2,3],[5,6,7],[4,5,6],[2,4,5],[5,8,9],[2,3,4],[3,4,6],[5,8,11],[5,7,11],[8,9,11],[9,11,12],[9,12,13],[9,13,14],[0,2,5,9,14],[0,1,3,6,10],[10,11,12,13,14]]
[[7,10,11],[6,7,10],[0,1,2],[9,12,13],[8,9,12],[5,6,7],[4,5,6],[5,8,9],[2,4,5],[2,3,4],[3,4,6],[5,8,11],[5,7,11],[8,11,12],[1,2,3],[9,13,14],[0,2,5,9,14],[0,1,3,6,10],[10,11,12,13,14]]
[[7,10,11],[6,7,10],[0,1,2],[1,2,3],[5,6,7],[4,5,6],[2,4,6],[5,8,9],[2,4,5],[2,3,6],[5,8,11],[5,7,11],[8,9,11],[9,11,12],[9,12,13],[9,13,14],[0,2,5,9,14],[0,1,3,6,10],[10,11,12,13,14]]
[[7,10,11],[6,7,10],[0,1,2],[1,3,4],[1,2,4],[5,6,7],[4,5,6],[2,4,5],[5,8,9],[3,4,6],[5,8,11],[5,7,11],[8,9,11],[9,11,12],[9,12,13],[9,13,14],[0,2,5,9,14],[0,1,3,6,10],[10,11,12,13,14]]
[[6,10,11],[0,1,2],[1,2,3],[6,7,11],[5,7,11],[5,8,11],[8,9,11],[5,6,7],[4,5,6],[2,4,5],[5,8,9],[2,3,4],[3,4,6],[9,11,12],[9,12,13],[9,13,14],[0,2,5,9,14],[0,1,3,6,10],[10,11,12,13,14]]
[[7,10,11],[6,7,10],[0,1,2],[9,12,13],[8,9,12],[5,6,7],[4,5,6],[2,4,5],[5,8,9],[3,4,6],[5,8,11],[5,7,11],[8,11,12],[1,2,4],[1,3,4],[9,13,14],[0,2,5,9,14],[0,1,3,6,10],[10,11,12,13,14]]
[[6,10,11],[0,1,2],[1,2,3],[6,7,11],[5,7,11],[8,9,11],[5,8,11],[5,6,7],[4,5,6],[2,4,6],[5,8,9],[2,4,5],[2,3,6],[9,11,12],[9,12,13],[9,13,14],[0,2,5,9,14],[0,1,3,6,10],[10,11,12,13,14]]
[[6,10,11],[0,1,2],[1,3,4],[1,2,4],[6,7,11],[5,7,11],[8,9,11],[5,8,11],[4,5,6],[5,6,7],[5,8,9],[2,4,5],[3,4,6],[9,11,12],[9,12,13],[9,13,14],[0,2,5,9,14],[0,1,3,6,10],[10,11,12,13,14]]
[[7,10,11],[6,7,10],[0,1,2],[1,3,4],[1,4,5],[1,2,5],[4,5,6],[5,6,7],[5,8,9],[3,4,6],[5,8,11],[5,7,11],[8,9,11],[9,11,12],[9,12,13],[9,13,14],[0,2,5,9,14],[0,1,3,6,10],[10,11,12,13,14]]
[[7,10,11],[6,7,10],[0,1,4],[0,2,4],[1,3,4],[5,6,7],[4,5,6],[2,4,5],[5,8,9],[3,4,6],[5,8,11],[5,7,11],[8,9,11],[9,11,12],[9,12,13],[9,13,14],[0,2,5,9,14],[0,1,3,6,10],[10,11,12,13,14]]
[[6,10,11],[0,1,2],[9,12,13],[8,9,12],[5,6,7],[4,5,6],[5,8,9],[2,4,5],[2,3,4],[3,4,6],[5,8,11],[5,7,11],[6,7,11],[8,11,12],[1,2,3],[9,13,14],[0,2,5,9,14],[0,1,3,6,10],[10,11,12,13,14]]
[[6,10,11],[0,1,2],[1,3,4],[1,4,5],[1,2,5],[3,4,6],[4,5,6],[5,6,7],[5,8,9],[5,8,11],[8,9,11],[5,7,11],[6,7,11],[9,11,12],[9,12,13],[9,13,14],[0,2,5,9,14],[0,1,3,6,10],[10,11,12,13,14]]
[[7,10,11],[6,7,10],[0,1,2],[9,12,13],[3,4,6],[8,9,12],[5,8,9],[5,6,7],[4,5,6],[5,8,11],[8,11,12],[5,7,11],[1,2,5],[1,4,5],[1,3,4],[9,13,14],[0,2,5,9,14],[0,1,3,6,10],[10,11,12,13,14]]
[[6,10,11],[0,1,2],[8,12,13],[8,9,13],[6,7,11],[5,7,11],[5,8,11],[5,6,7],[4,5,6],[2,4,5],[5,8,9],[2,3,4],[3,4,6],[8,11,12],[1,2,3],[9,13,14],[0,2,5,9,14],[0,1,3,6,10],[10,11,12,13,14]]
[[7,10,11],[6,7,10],[0,1,2],[8,12,13],[8,9,13],[5,6,7],[4,5,6],[5,8,9],[2,4,5],[3,4,6],[5,8,11],[5,7,11],[8,11,12],[1,2,4],[1,3,4],[9,13,14],[0,2,5,9,14],[0,1,3,6,10],[10,11,12,13,14]]
[[7,10,11],[6,7,10],[0,1,4],[0,2,4],[9,12,13],[8,9,12],[5,6,7],[4,5,6],[2,4,5],[5,8,9],[3,4,6],[5,8,11],[5,7,11],[8,11,12],[1,3,4],[9,13,14],[0,2,5,9,14],[0,1,3,6,10],[10,11,12,13,14]]
[[6,10,11],[0,1,4],[0,2,4],[1,3,4],[6,7,11],[5,7,11],[8,9,11],[5,8,11],[4,5,6],[5,6,7],[5,8,9],[2,4,5],[3,4,6],[9,11,12],[9,12,13],[9,13,14],[0,2,5,9,14],[0,1,3,6,10],[10,11,12,13,14]]
[[6,10,11],[0,1,2],[8,12,13],[8,9,13],[6,7,11],[5,7,11],[5,8,11],[4,5,6],[5,6,7],[2,4,5],[5,8,9],[3,4,6],[8,11,12],[1,2,4],[1,3,4],[9,13,14],[0,2,5,9,14],[0,1,3,6,10],[10,11,12,13,14]]
[[6,10,11],[0,1,2],[1,2,3],[6,7,11],[5,7,11],[5,8,11],[5,6,7],[4,5,6],[2,4,5],[5,8,9],[2,3,4],[3,4,6],[8,11,12],[8,12,13],[8,9,14],[8,13,14],[0,2,5,9,14],[0,1,3,6,10],[10,11,12,13,14]]
[[6,10,11],[0,1,2],[5,8,13],[8,12,13],[5,9,13],[5,6,7],[4,5,6],[2,4,5],[2,3,4],[3,4,6],[5,8,11],[5,7,11],[6,7,11],[8,11,12],[1,2,3],[9,13,14],[0,2,5,9,14],[0,1,3,6,10],[10,11,12,13,14]]
[[7,10,11],[6,7,10],[0,1,2],[8,12,13],[8,9,13],[4,5,6],[5,6,7],[5,8,9],[3,4,6],[5,8,11],[5,7,11],[8,11,12],[1,2,5],[1,4,5],[1,3,4],[9,13,14],[0,2,5,9,14],[0,1,3,6,10],[10,11,12,13,14]]
[[7,10,11],[6,7,10],[0,1,4],[0,2,4],[8,12,13],[8,9,13],[5,6,7],[4,5,6],[2,4,5],[5,8,9],[3,4,6],[5,8,11],[5,7,11],[8,11,12],[1,3,4],[9,13,14],[0,2,5,9,14],[0,1,3,6,10],[10,11,12,13,14]]
[[6,10,11],[0,1,2],[8,12,13],[8,9,13],[3,4,6],[4,5,6],[5,6,7],[5,8,9],[5,8,11],[5,7,11],[6,7,11],[8,11,12],[1,2,5],[1,4,5],[1,3,4],[9,13,14],[0,2,5,9,14],[0,1,3,6,10],[10,11,12,13,14]]
[[6,10,11],[0,1,2],[1,3,4],[1,2,4],[6,7,11],[5,7,11],[5,8,11],[4,5,6],[5,6,7],[2,4,5],[5,8,9],[3,4,6],[8,11,12],[8,12,13],[8,9,14],[8,13,14],[0,2,5,9,14],[0,1,3,6,10],[10,11,12,13,14]]
[[7,10,11],[6,7,10],[0,1,4],[0,2,4],[1,3,4],[5,7,11],[5,8,11],[5,6,7],[4,5,6],[2,4,5],[5,8,9],[3,4,6],[8,11,12],[8,12,13],[8,9,14],[8,13,14],[0,2,5,9,14],[0,1,3,6,10],[10,11,12,13,14]]
[[7,10,11],[6,7,10],[0,1,4],[0,2,4],[5,8,11],[8,11,12],[5,7,11],[5,6,7],[4,5,6],[2,4,5],[3,4,6],[5,9,13],[5,8,13
],[8,12,13],[1,3,4],[9,13,14],[0,2,5,9,14],[0,1,3,6,10],[10,11,12,13,14]]
[[7,10,11],[6,7,10],[0,1,2],[5,7,11],[5,8,11],[8,11,12],[4,5,6],[5,6,7],[5,8,13],[5,9,13],[8,12,13],[3,4,6],[1,2,5],[1,4,5],[1,3,4],[9,13,14],[0,2,5,9,14],[0,1,3,6,10],[10,11,12,13,14]]
[[6,10,11],[0,1,4],[0,2,4],[5,8,13],[8,12,13],[5,9,13],[4,5,6],[5,6,7],[2,4,5],[3,4,6],[5,8,11],[5,7,11],[6,7,11],[8,11,12],[1,3,4],[9,13,14],[0,2,5,9,14],[0,1,3,6,10],[10,11,12,13,14]]
[[6,10,11],[0,1,4],[0,2,4],[1,3,4],[6,7,11],[5,7,11],[5,8,11],[4,5,6],[5,6,7],[2,4,5],[5,8,9],[3,4,6],[8,11,12],[8,12,13],[8,9,14],[8,13,14],[0,2,5,9,14],[0,1,3,6,10],[10,11,12,13,14]]
[[6,10,11],[0,1,2],[3,4,6],[6,7,11],[5,7,11],[8,11,12],[5,8,11],[5,6,7],[4,5,6],[5,9,13],[8,12,13],[5,8,13],[1,2,5],[1,4,5],[1,3,4],[9,13,14],[0,2,5,9,14],[0,1,3,6,10],[10,11,12,13,14]]
