<?xml version="1.0" encoding="utf-8"?>
<?pm chk="536e2437"?>

<data type="common::Pair&lt;Matrix&lt;Rational, NonSymmetric&gt;, Array&lt;Set&lt;Int&gt;&gt;&gt;" version="2.13" xmlns="http://www.math.tu-berlin.de/polymake/#3">
  <t>
    <m>
      <v>-24 -16 -16 -8 -20 -8 0 -12 -12 0 -4 -10 -1 -8 -2 0</v>
      <v>-24 -16 -16 -8 -20 -8 0 -12 -12 0 -1 -10 -4 -2 -8 0</v>
      <v>0 -8 -4 -16 -12 -8 -24 -20 -10 0 -16 -12 -2 -8 -1 0</v>
      <v>0 -8 -2 -4 -10 -1 0 -12 -12 0 -8 -20 -8 -16 -16 -24</v>
      <v>0 -8 -1 -16 -12 -2 -24 -20 -10 0 -16 -12 -8 -8 -4 0</v>
      <v>0 -4 -8 -8 -12 -16 0 -10 -20 -24 -2 -12 -16 -1 -8 0</v>
      <v>0 -2 -8 -1 -10 -4 0 -12 -12 0 -8 -20 -8 -16 -16 -24</v>
      <v>0 -1 -8 -2 -12 -16 0 -10 -20 -24 -8 -12 -16 -4 -8 0</v>
      <v>-15 -11 -10 -7 -12 -5 0 -8 -7 0 -1 -6 -2 -2 -4 0</v>
      <v>-15 -10 -11 -5 -12 -7 0 -7 -8 0 -2 -6 -1 -4 -2 0</v>
      <v>0 -7 -1 -11 -8 -2 -15 -12 -6 0 -10 -7 -4 -5 -2 0</v>
      <v>0 -5 -2 -10 -7 -4 -15 -12 -6 0 -11 -8 -2 -7 -1 0</v>
      <v>0 -4 -2 -2 -6 -1 0 -7 -8 0 -5 -12 -7 -10 -11 -15</v>
      <v>0 -2 -5 -4 -7 -10 0 -6 -12 -15 -2 -8 -11 -1 -7 0</v>
      <v>0 -2 -4 -1 -6 -2 0 -8 -7 0 -7 -12 -5 -11 -10 -15</v>
      <v>0 -1 -7 -2 -8 -11 0 -6 -12 -15 -4 -7 -10 -2 -5 0</v>
      <v>-18 -16 -12 -14 -16 -6 0 -14 -10 0 0 -8 -1 0 -2 0</v>
      <v>-18 -12 -16 -6 -16 -14 0 -10 -14 0 -1 -8 0 -2 0 0</v>
      <v>0 -14 0 -16 -14 0 -18 -16 -8 0 -12 -10 -2 -6 -1 0</v>
      <v>0 -6 -1 -12 -10 -2 -18 -16 -8 0 -16 -14 0 -14 0 0</v>
      <v>0 -2 0 -1 -8 0 0 -10 -14 0 -6 -16 -14 -12 -16 -18</v>
      <v>0 -1 -6 -2 -10 -12 0 -8 -16 -18 0 -14 -16 0 -14 0</v>
      <v>0 0 -14 0 -14 -16 0 -8 -16 -18 -2 -10 -12 -1 -6 0</v>
      <v>0 0 -2 0 -8 -1 0 -14 -10 0 -14 -16 -6 -16 -12 -18</v>
      <v>-12 -10 -9 -8 -10 -6 0 -8 -7 0 0 -5 -1 0 -2 0</v>
      <v>-12 -9 -10 -6 -10 -8 0 -7 -8 0 -1 -5 0 -2 0 0</v>
      <v>0 -8 0 -10 -8 0 -12 -10 -5 0 -9 -7 -2 -6 -1 0</v>
      <v>0 -6 -1 -9 -7 -2 -12 -10 -5 0 -10 -8 0 -8 0 0</v>
      <v>0 -2 0 -1 -5 0 0 -7 -8 0 -6 -10 -8 -9 -10 -12</v>
      <v>0 -1 -6 -2 -7 -9 0 -5 -10 -12 0 -8 -10 0 -8 0</v>
      <v>0 0 -8 0 -8 -10 0 -5 -10 -12 -2 -7 -9 -1 -6 0</v>
      <v>0 0 -2 0 -5 -1 0 -8 -7 0 -8 -10 -6 -10 -9 -12</v>
      <v>-6 -6 -4 -6 -7 -2 0 -7 -8 0 -1 -5 -6 -2 -3 0</v>
      <v>-6 -4 -6 -2 -7 -6 0 -8 -7 0 -6 -5 -1 -3 -2 0</v>
      <v>0 -6 -2 -3 -8 -4 0 -5 -7 -6 -2 -7 -6 -1 -6 0</v>
      <v>0 -6 -1 -6 -7 -2 -6 -7 -5 0 -4 -8 -3 -2 -6 0</v>
      <v>0 -3 -2 -6 -5 -1 0 -8 -7 0 -2 -7 -6 -4 -6 -6</v>
      <v>0 -2 -6 -4 -8 -3 -6 -7 -5 0 -6 -7 -2 -6 -1 0</v>
      <v>0 -2 -3 -1 -5 -6 0 -7 -8 0 -6 -7 -2 -6 -4 -6</v>
      <v>0 -1 -6 -2 -7 -6 0 -5 -7 -6 -3 -8 -4 -6 -2 0</v>
      <v>-6 -7 -6 -8 -7 -6 0 -8 -7 0 0 -5 -1 0 -2 0</v>
      <v>-6 -6 -7 -6 -7 -8 0 -7 -8 0 -1 -5 0 -2 0 0</v>
      <v>0 -8 0 -7 -8 0 -6 -7 -5 0 -6 -7 -2 -6 -1 0</v>
      <v>0 -6 -1 -6 -7 -2 -6 -7 -5 0 -7 -8 0 -8 0 0</v>
      <v>0 -2 0 -1 -5 0 0 -7 -8 0 -6 -7 -8 -6 -7 -6</v>
      <v>0 -1 -6 -2 -7 -6 0 -5 -7 -6 0 -8 -7 0 -8 0</v>
      <v>0 0 -8 0 -8 -7 0 -5 -7 -6 -2 -7 -6 -1 -6 0</v>
      <v>0 0 -2 0 -5 -1 0 -8 -7 0 -8 -7 -6 -7 -6 -6</v>
      <v>-6 -6 -4 -6 -7 -2 0 -7 -5 0 -1 -5 0 -2 0 0</v>
      <v>-6 -4 -6 -2 -7 -6 0 -5 -7 0 0 -5 -1 0 -2 0</v>
      <v>0 -6 -1 -6 -7 -2 -6 -7 -5 0 -4 -5 0 -2 0 0</v>
      <v>0 -2 0 -4 -5 0 -6 -7 -5 0 -6 -7 -2 -6 -1 0</v>
      <v>0 -2 0 -1 -5 0 0 -7 -5 0 -6 -7 -2 -6 -4 -6</v>
      <v>0 -1 -6 -2 -7 -6 0 -5 -7 -6 0 -5 -4 0 -2 0</v>
      <v>0 0 -2 0 -5 -4 0 -5 -7 -6 -2 -7 -6 -1 -6 0</v>
      <v>0 0 -2 0 -5 -1 0 -5 -7 0 -2 -7 -6 -4 -6 -6</v>
      <v>-6 -6 -4 -6 -4 -2 0 -4 -2 0 -1 -2 0 -2 0 0</v>
      <v>-6 -4 -6 -2 -4 -6 0 -2 -4 0 0 -2 -1 0 -2 0</v>
      <v>0 -6 -1 -6 -4 -2 -6 -4 -2 0 -4 -2 0 -2 0 0</v>
      <v>0 -2 0 -4 -2 0 -6 -4 -2 0 -6 -4 -2 -6 -1 0</v>
      <v>0 -2 0 -1 -2 0 0 -4 -2 0 -6 -4 -2 -6 -4 -6</v>
      <v>0 -1 -6 -2 -4 -6 0 -2 -4 -6 0 -2 -4 0 -2 0</v>
      <v>0 0 -2 0 -2 -4 0 -2 -4 -6 -2 -4 -6 -1 -6 0</v>
      <v>0 0 -2 0 -2 -1 0 -2 -4 0 -2 -4 -6 -4 -6 -6</v>
      <v>-9 -7 -7 -5 -8 -5 0 -6 -6 0 -1 -4 -1 -2 -2 0</v>
      <v>0 -5 -1 -7 -6 -2 -9 -8 -4 0 -7 -6 -2 -5 -1 0</v>
      <v>0 -2 -2 -1 -4 -1 0 -6 -6 0 -5 -8 -5 -7 -7 -9</v>
      <v>0 -1 -5 -2 -6 -7 0 -4 -8 -9 -2 -6 -7 -1 -5 0</v>
      <v>-3 -4 -4 -5 -5 -2 0 -6 -6 0 -1 -4 -4 -2 -2 0</v>
      <v>-3 -4 -4 -2 -5 -5 0 -6 -6 0 -4 -4 -1 -2 -2 0</v>
      <v>0 -5 -1 -4 -6 -2 -3 -5 -4 0 -4 -6 -2 -2 -4 0</v>
      <v>0 -4 -2 -2 -6 -4 0 -4 -5 -3 -2 -6 -4 -1 -5 0</v>
      <v>0 -2 -4 -4 -6 -2 -3 -5 -4 0 -4 -6 -2 -5 -1 0</v>
      <v>0 -2 -2 -4 -4 -1 0 -6 -6 0 -2 -5 -5 -4 -4 -3</v>
      <v>0 -2 -2 -1 -4 -4 0 -6 -6 0 -5 -5 -2 -4 -4 -3</v>
      <v>0 -1 -5 -2 -6 -4 0 -4 -5 -3 -2 -6 -4 -4 -2 0</v>
      <v>-3 -4 -4 -5 -5 -5 0 -6 -6 0 -1 -4 -1 -2 -2 0</v>
      <v>0 -5 -1 -4 -6 -2 -3 -5 -4 0 -4 -6 -2 -5 -1 0</v>
      <v>0 -2 -2 -1 -4 -1 0 -6 -6 0 -5 -5 -5 -4 -4 -3</v>
      <v>0 -1 -5 -2 -6 -4 0 -4 -5 -3 -2 -6 -4 -1 -5 0</v>
      <v>0 -5 -1 -1 -6 -2 3 -2 -4 0 2 -3 -2 1 -4 0</v>
      <v>0 -4 1 -2 -3 2 0 -4 -2 3 -2 -6 -1 -1 -5 0</v>
      <v>0 -2 -2 -4 -4 -1 0 -3 -6 0 1 -2 -5 2 -1 3</v>
      <v>0 -2 -2 -1 -4 -4 0 -6 -3 0 -5 -2 1 -1 2 3</v>
      <v>0 -1 -5 -2 -6 -1 0 -4 -2 3 -2 -3 2 -4 1 0</v>
      <v>0 1 -4 2 -3 -2 3 -2 -4 0 -1 -6 -2 -5 -1 0</v>
      <v>3 -1 2 -5 -2 1 0 -6 -3 0 -1 -4 -4 -2 -2 0</v>
      <v>3 2 -1 1 -2 -5 0 -3 -6 0 -4 -4 -1 -2 -2 0</v>
      <v>-12 -10 -8 -8 -12 -4 0 -10 -8 0 -2 -6 -1 -4 -2 0</v>
      <v>-12 -8 -10 -4 -12 -8 0 -8 -10 0 -1 -6 -2 -2 -4 0</v>
      <v>0 -8 -2 -10 -10 -4 -12 -12 -6 0 -8 -8 -2 -4 -1 0</v>
      <v>0 -4 -2 -2 -6 -1 0 -10 -8 0 -8 -12 -4 -10 -8 -12</v>
      <v>0 -4 -1 -8 -8 -2 -12 -12 -6 0 -10 -10 -4 -8 -2 0</v>
      <v>0 -2 -8 -4 -10 -10 0 -6 -12 -12 -2 -8 -8 -1 -4 0</v>
      <v>0 -2 -4 -1 -6 -2 0 -8 -10 0 -4 -12 -8 -8 -10 -12</v>
      <v>0 -1 -4 -2 -8 -8 0 -6 -12 -12 -4 -10 -10 -2 -8 0</v>
      <v>-6 -8 -4 -4 -6 -2 0 -5 -4 0 -1 -6 -2 -2 -4 0</v>
      <v>-6 -4 -8 -2 -6 -4 0 -4 -5 0 -2 -6 -1 -4 -2 0</v>
      <v>0 -4 -2 -2 -6 -1 0 -4 -5 0 -2 -6 -4 -4 -8 -6</v>
      <v>0 -4 -1 -8 -5 -2 -6 -6 -6 0 -4 -4 -4 -2 -2 0</v>
      <v>0 -2 -4 -1 -6 -2 0 -5 -4 0 -4 -6 -2 -8 -4 -6</v>
      <v>0 -2 -2 -4 -4 -4 -6 -6 -6 0 -8 -5 -2 -4 -1 0</v>
      <v>0 -2 -2 -4 -4 -4 0 -6 -6 -6 -2 -5 -8 -1 -4 0</v>
      <v>0 -1 -4 -2 -5 -8 0 -6 -6 -6 -4 -4 -4 -2 -2 0</v>
      <v>-6 -5 -4 -4 -6 -2 0 -5 -4 0 -1 -3 -2 -2 -1 0</v>
      <v>-6 -4 -5 -2 -6 -4 0 -4 -5 0 -2 -3 -1 -1 -2 0</v>
      <v>0 -4 -1 -5 -5 -2 -6 -6 -3 0 -4 -4 -1 -2 -2 0</v>
      <v>0 -2 -2 -4 -4 -1 -6 -6 -3 0 -5 -5 -2 -4 -1 0</v>
      <v>0 -2 -2 -1 -4 -4 0 -3 -6 -6 -2 -5 -5 -1 -4 0</v>
      <v>0 -2 -1 -1 -3 -2 0 -5 -4 0 -4 -6 -2 -5 -4 -6</v>
      <v>0 -1 -4 -2 -5 -5 0 -3 -6 -6 -1 -4 -4 -2 -2 0</v>
      <v>0 -1 -2 -2 -3 -1 0 -4 -5 0 -2 -6 -4 -4 -5 -6</v>
      <v>-6 -5 -4 -4 -6 -2 0 -5 -4 0 -1 -3 0 -2 0 0</v>
      <v>-6 -4 -5 -2 -6 -4 0 -4 -5 0 0 -3 -1 0 -2 0</v>
      <v>0 -4 -1 -5 -5 -2 -6 -6 -3 0 -4 -4 0 -2 0 0</v>
      <v>0 -2 0 -4 -4 0 -6 -6 -3 0 -5 -5 -2 -4 -1 0</v>
      <v>0 -2 0 -1 -3 0 0 -5 -4 0 -4 -6 -2 -5 -4 -6</v>
      <v>0 -1 -4 -2 -5 -5 0 -3 -6 -6 0 -4 -4 0 -2 0</v>
      <v>0 0 -2 0 -4 -4 0 -3 -6 -6 -2 -5 -5 -1 -4 0</v>
      <v>0 0 -2 0 -3 -1 0 -4 -5 0 -2 -6 -4 -4 -5 -6</v>
      <v>0 -4 -1 -2 -5 -2 0 -3 -3 0 -1 -4 -1 -2 -2 0</v>
      <v>0 -2 -2 -1 -4 -1 0 -3 -3 0 -2 -5 -2 -4 -1 0</v>
      <v>0 -2 -2 -1 -4 -1 0 -3 -3 0 -2 -5 -2 -1 -4 0</v>
      <v>0 -2 -1 -4 -3 -2 0 -5 -4 0 -1 -3 -2 -2 -1 0</v>
      <v>0 -2 -1 -1 -3 -2 0 -5 -4 0 -4 -3 -2 -2 -1 0</v>
      <v>0 -1 -4 -2 -5 -2 0 -3 -3 0 -1 -4 -1 -2 -2 0</v>
      <v>0 -1 -2 -2 -3 -4 0 -4 -5 0 -2 -3 -1 -1 -2 0</v>
      <v>0 -1 -2 -2 -3 -1 0 -4 -5 0 -2 -3 -4 -1 -2 0</v>
      <v>-21 -14 -14 -7 -16 -7 0 -9 -9 0 -2 -8 -2 -4 -4 0</v>
      <v>0 -7 -2 -14 -9 -4 -21 -16 -8 0 -14 -9 -4 -7 -2 0</v>
      <v>0 -4 -4 -2 -8 -2 0 -9 -9 0 -7 -16 -7 -14 -14 -21</v>
      <v>0 -2 -7 -4 -9 -14 0 -8 -16 -21 -4 -9 -14 -2 -7 0</v>
      <v>-9 -10 -6 -5 -7 -3 0 -5 -4 0 0 -5 -1 0 -2 0</v>
      <v>-9 -6 -10 -3 -7 -5 0 -4 -5 0 -1 -5 0 -2 0 0</v>
      <v>0 -5 0 -10 -5 0 -9 -7 -5 0 -6 -4 -2 -3 -1 0</v>
      <v>0 -3 -1 -6 -4 -2 -9 -7 -5 0 -10 -5 0 -5 0 0</v>
      <v>0 -2 0 -1 -5 0 0 -4 -5 0 -3 -7 -5 -6 -10 -9</v>
      <v>0 -1 -3 -2 -4 -6 0 -5 -7 -9 0 -5 -10 0 -5 0</v>
      <v>0 0 -5 0 -5 -10 0 -5 -7 -9 -2 -4 -6 -1 -3 0</v>
      <v>0 0 -2 0 -5 -1 0 -5 -4 0 -5 -7 -3 -10 -6 -9</v>
      <v>-18 -14 -12 -10 -14 -6 0 -10 -8 0 0 -7 -2 0 -4 0</v>
      <v>-18 -12 -14 -6 -14 -10 0 -8 -10 0 -2 -7 0 -4 0 0</v>
      <v>0 -10 0 -14 -10 0 -18 -14 -7 0 -12 -8 -4 -6 -2 0</v>
      <v>0 -6 -2 -12 -8 -4 -18 -14 -7 0 -14 -10 0 -10 0 0</v>
      <v>0 -4 0 -2 -7 0 0 -8 -10 0 -6 -14 -10 -12 -14 -18</v>
      <v>0 -2 -6 -4 -8 -12 0 -7 -14 -18 0 -10 -14 0 -10 0</v>
      <v>0 0 -10 0 -10 -14 0 -7 -14 -18 -4 -8 -12 -2 -6 0</v>
      <v>0 0 -4 0 -7 -2 0 -10 -8 0 -10 -14 -6 -14 -12 -18</v>
      <v>-6 -6 -4 -3 -4 -2 0 -4 -2 0 -1 -2 0 -2 0 0</v>
      <v>-6 -4 -6 -2 -4 -3 0 -2 -4 0 0 -2 -1 0 -2 0</v>
      <v>0 -3 -1 -6 -4 -2 -6 -4 -2 0 -4 -2 0 -2 0 0</v>
      <v>0 -2 0 -4 -2 0 -6 -4 -2 0 -6 -4 -2 -3 -1 0</v>
      <v>0 -2 0 -1 -2 0 0 -4 -2 0 -3 -4 -2 -6 -4 -6</v>
      <v>0 -1 -3 -2 -4 -6 0 -2 -4 -6 0 -2 -4 0 -2 0</v>
      <v>0 0 -2 0 -2 -4 0 -2 -4 -6 -2 -4 -6 -1 -3 0</v>
      <v>0 0 -2 0 -2 -1 0 -2 -4 0 -2 -4 -3 -4 -6 -6</v>
      <v>-12 -9 -8 -6 -8 -4 0 -8 -4 0 -2 -4 0 -4 0 0</v>
      <v>-12 -8 -9 -4 -8 -6 0 -4 -8 0 0 -4 -2 0 -4 0</v>
      <v>0 -6 -2 -9 -8 -4 -12 -8 -4 0 -8 -4 0 -4 0 0</v>
      <v>0 -4 0 -8 -4 0 -12 -8 -4 0 -9 -8 -4 -6 -2 0</v>
      <v>0 -4 0 -2 -4 0 0 -8 -4 0 -6 -8 -4 -9 -8 -12</v>
      <v>0 -2 -6 -4 -8 -9 0 -4 -8 -12 0 -4 -8 0 -4 0</v>
      <v>0 0 -4 0 -4 -8 0 -4 -8 -12 -4 -8 -9 -2 -6 0</v>
      <v>0 0 -4 0 -4 -2 0 -4 -8 0 -4 -8 -6 -8 -9 -12</v>
      <v>-3 -4 -3 -2 -4 -3 0 -2 -4 0 0 -2 -1 0 -2 0</v>
      <v>-3 -3 -4 -3 -4 -2 0 -4 -2 0 -1 -2 0 -2 0 0</v>
      <v>0 -3 -1 -3 -4 -2 -3 -4 -2 0 -4 -2 0 -2 0 0</v>
      <v>0 -2 0 -4 -2 0 -3 -4 -2 0 -3 -4 -2 -3 -1 0</v>
      <v>0 -2 0 -1 -2 0 0 -4 -2 0 -3 -4 -2 -3 -4 -3</v>
      <v>0 -1 -3 -2 -4 -3 0 -2 -4 -3 0 -2 -4 0 -2 0</v>
      <v>0 0 -2 0 -2 -4 0 -2 -4 -3 -2 -4 -3 -1 -3 0</v>
      <v>0 0 -2 0 -2 -1 0 -2 -4 0 -2 -4 -3 -4 -3 -3</v>
      <v>-6 -6 -5 -6 -8 -4 0 -8 -4 0 -2 -4 0 -4 0 0</v>
      <v>-6 -5 -6 -4 -8 -6 0 -4 -8 0 0 -4 -2 0 -4 0</v>
      <v>0 -6 -2 -6 -8 -4 -6 -8 -4 0 -5 -4 0 -4 0 0</v>
      <v>0 -4 0 -5 -4 0 -6 -8 -4 0 -6 -8 -4 -6 -2 0</v>
      <v>0 -4 0 -2 -4 0 0 -8 -4 0 -6 -8 -4 -6 -5 -6</v>
      <v>0 -2 -6 -4 -8 -6 0 -4 -8 -6 0 -4 -5 0 -4 0</v>
      <v>0 0 -4 0 -4 -5 0 -4 -8 -6 -4 -8 -6 -2 -6 0</v>
      <v>0 0 -4 0 -4 -2 0 -4 -8 0 -4 -8 -6 -5 -6 -6</v>
      <v>-3 -3 -2 -3 -4 -1 0 -4 -2 0 -1 -2 0 -2 0 0</v>
      <v>-3 -2 -3 -1 -4 -3 0 -2 -4 0 0 -2 -1 0 -2 0</v>
      <v>0 -3 -1 -3 -4 -2 -3 -4 -2 0 -2 -2 0 -1 0 0</v>
      <v>0 -2 0 -1 -2 0 0 -4 -2 0 -3 -4 -1 -3 -2 -3</v>
      <v>0 -1 -3 -2 -4 -3 0 -2 -4 -3 0 -2 -2 0 -1 0</v>
      <v>0 -1 0 -2 -2 0 -3 -4 -2 0 -3 -4 -2 -3 -1 0</v>
      <v>0 0 -2 0 -2 -1 0 -2 -4 0 -1 -4 -3 -2 -3 -3</v>
      <v>0 0 -1 0 -2 -2 0 -2 -4 -3 -2 -4 -3 -1 -3 0</v>
      <v>0 -3 -1 -3 -4 -2 0 -4 -2 0 -1 -2 0 -2 0 0</v>
      <v>0 -2 0 -1 -2 0 0 -4 -2 0 -3 -4 -2 -3 -1 0</v>
      <v>0 -1 -3 -2 -4 -3 0 -2 -4 0 0 -2 -1 0 -2 0</v>
      <v>0 0 -2 0 -2 -1 0 -2 -4 0 -2 -4 -3 -1 -3 0</v>
      <v>0 -3 -1 -3 -4 -2 3 -4 -2 0 2 -2 0 1 0 0</v>
      <v>0 -2 0 -1 -2 0 0 -4 -2 0 -3 -4 1 -3 2 3</v>
      <v>0 -1 -3 -2 -4 -3 0 -2 -4 3 0 -2 2 0 1 0</v>
      <v>0 0 -2 0 -2 -1 0 -2 -4 0 1 -4 -3 2 -3 3</v>
      <v>0 0 1 0 -2 2 0 -2 -4 3 -2 -4 -3 -1 -3 0</v>
      <v>0 1 0 2 -2 0 3 -4 -2 0 -3 -4 -2 -3 -1 0</v>
      <v>3 -3 2 -3 -4 1 0 -4 -2 0 -1 -2 0 -2 0 0</v>
      <v>3 2 -3 1 -4 -3 0 -2 -4 0 0 -2 -1 0 -2 0</v>
      <v>0 -6 -2 -3 -8 -4 0 -5 -4 0 -2 -4 0 -4 0 0</v>
      <v>0 -4 0 -2 -4 0 0 -8 -4 0 -6 -5 -4 -3 -2 0</v>
      <v>0 -4 0 -2 -4 0 0 -5 -4 0 -3 -8 -4 -6 -2 0</v>
      <v>0 -3 -2 -6 -5 -4 0 -8 -4 0 -2 -4 0 -4 0 0</v>
      <v>0 -2 -6 -4 -8 -3 0 -4 -5 0 0 -4 -2 0 -4 0</v>
      <v>0 -2 -3 -4 -5 -6 0 -4 -8 0 0 -4 -2 0 -4 0</v>
      <v>0 0 -4 0 -4 -2 0 -4 -8 0 -4 -5 -6 -2 -3 0</v>
      <v>0 0 -4 0 -4 -2 0 -4 -5 0 -4 -8 -3 -2 -6 0</v>
      <v>0 -3 -1 0 -4 -2 3 -1 -2 0 2 -2 0 1 0 0</v>
      <v>0 -2 0 -1 -2 0 0 -4 -2 0 -3 -1 1 0 2 3</v>
      <v>0 -1 -3 -2 -4 0 0 -2 -1 3 0 -2 2 0 1 0</v>
      <v>0 0 -2 0 -2 -1 0 -2 -4 0 1 -1 -3 2 0 3</v>
      <v>0 0 1 0 -2 2 0 -2 -1 3 -2 -4 0 -1 -3 0</v>
      <v>0 1 0 2 -2 0 3 -1 -2 0 0 -4 -2 -3 -1 0</v>
      <v>3 0 2 -3 -1 1 0 -4 -2 0 -1 -2 0 -2 0 0</v>
      <v>3 2 0 1 -1 -3 0 -2 -4 0 0 -2 -1 0 -2 0</v>
      <v>-18 -20 -12 -10 -14 -6 0 -10 -8 0 0 -10 -2 0 -1 0</v>
      <v>-18 -12 -20 -6 -14 -10 0 -8 -10 0 -2 -10 0 -1 0 0</v>
      <v>0 -10 0 -20 -10 0 -18 -14 -10 0 -12 -8 -1 -6 -2 0</v>
      <v>0 -6 -2 -12 -8 -1 -18 -14 -10 0 -20 -10 0 -10 0 0</v>
      <v>0 -2 -6 -1 -8 -12 0 -10 -14 -18 0 -10 -20 0 -10 0</v>
      <v>0 -1 0 -2 -10 0 0 -8 -10 0 -6 -14 -10 -12 -20 -18</v>
      <v>0 0 -10 0 -10 -20 0 -10 -14 -18 -1 -8 -12 -2 -6 0</v>
      <v>0 0 -1 0 -10 -2 0 -10 -8 0 -10 -14 -6 -20 -12 -18</v>
      <v>-15 -14 -12 -7 -11 -6 0 -7 -8 0 0 -7 -2 0 -1 0</v>
      <v>-15 -12 -14 -6 -11 -7 0 -8 -7 0 -2 -7 0 -1 0 0</v>
      <v>0 -7 0 -14 -7 0 -15 -11 -7 0 -12 -8 -1 -6 -2 0</v>
      <v>0 -6 -2 -12 -8 -1 -15 -11 -7 0 -14 -7 0 -7 0 0</v>
      <v>0 -2 -6 -1 -8 -12 0 -7 -11 -15 0 -7 -14 0 -7 0</v>
      <v>0 -1 0 -2 -7 0 0 -8 -7 0 -6 -11 -7 -12 -14 -15</v>
      <v>0 0 -7 0 -7 -14 0 -7 -11 -15 -1 -8 -12 -2 -6 0</v>
      <v>0 0 -1 0 -7 -2 0 -7 -8 0 -7 -11 -6 -14 -12 -15</v>
      <v>-12 -12 -8 -6 -8 -4 0 -8 -4 0 -2 -4 0 -1 0 0</v>
      <v>-12 -8 -12 -4 -8 -6 0 -4 -8 0 0 -4 -2 0 -1 0</v>
      <v>0 -6 -2 -12 -8 -1 -12 -8 -4 0 -8 -4 0 -4 0 0</v>
      <v>0 -4 0 -8 -4 0 -12 -8 -4 0 -12 -8 -1 -6 -2 0</v>
      <v>0 -2 -6 -1 -8 -12 0 -4 -8 -12 0 -4 -8 0 -4 0</v>
      <v>0 -1 0 -2 -4 0 0 -8 -4 0 -6 -8 -4 -12 -8 -12</v>
      <v>0 0 -4 0 -4 -8 0 -4 -8 -12 -1 -8 -12 -2 -6 0</v>
      <v>0 0 -1 0 -4 -2 0 -4 -8 0 -4 -8 -6 -8 -12 -12</v>
      <v>-12 -10 -8 -5 -9 -4 0 -7 -8 0 -2 -6 -4 -1 -2 0</v>
      <v>-12 -8 -10 -4 -9 -5 0 -8 -7 0 -4 -6 -2 -2 -1 0</v>
      <v>0 -5 -2 -10 -7 -1 -12 -9 -6 0 -8 -8 -2 -4 -4 0</v>
      <v>0 -4 -4 -8 -8 -2 -12 -9 -6 0 -10 -7 -1 -5 -2 0</v>
      <v>0 -4 -4 -2 -8 -8 0 -6 -9 -12 -1 -7 -10 -2 -5 0</v>
      <v>0 -2 -5 -1 -7 -10 0 -6 -9 -12 -2 -8 -8 -4 -4 0</v>
      <v>0 -2 -1 -4 -6 -2 0 -8 -7 0 -4 -9 -5 -8 -10 -12</v>
      <v>0 -1 -2 -2 -6 -4 0 -7 -8 0 -5 -9 -4 -10 -8 -12</v>
      <v>-6 -4 -4 -2 -8 -2 0 -6 -6 0 -4 -4 -1 -2 -2 0</v>
      <v>-6 -4 -4 -2 -8 -2 0 -6 -6 0 -1 -4 -4 -2 -2 0</v>
      <v>0 -4 -2 -2 -6 -4 0 -4 -8 -6 -2 -6 -4 -1 -2 0</v>
      <v>0 -2 -4 -4 -6 -2 -6 -8 -4 0 -4 -6 -2 -2 -1 0</v>
      <v>0 -2 -2 -4 -4 -1 0 -6 -6 0 -2 -8 -2 -4 -4 -6</v>
      <v>0 -2 -2 -1 -4 -4 0 -6 -6 0 -2 -8 -2 -4 -4 -6</v>
      <v>0 -2 -1 -4 -6 -2 -6 -8 -4 0 -4 -6 -2 -2 -4 0</v>
      <v>0 -1 -2 -2 -6 -4 0 -4 -8 -6 -2 -6 -4 -4 -2 0</v>
      <v>-6 -4 -4 -2 -8 -2 0 -6 -6 0 -1 -4 -1 -2 -2 0</v>
      <v>0 -2 -2 -1 -4 -1 0 -6 -6 0 -2 -8 -2 -4 -4 -6</v>
      <v>0 -2 -1 -4 -6 -2 -6 -8 -4 0 -4 -6 -2 -2 -1 0</v>
      <v>0 -1 -2 -2 -6 -4 0 -4 -8 -6 -2 -6 -4 -1 -2 0</v>
      <v>-6 -4 -4 -2 -8 -2 0 -6 -6 0 -1 -4 0 -2 0 0</v>
      <v>-6 -4 -4 -2 -8 -2 0 -6 -6 0 0 -4 -1 0 -2 0</v>
      <v>0 -2 -1 -4 -6 -2 -6 -8 -4 0 -4 -6 0 -2 0 0</v>
      <v>0 -2 0 -4 -6 0 -6 -8 -4 0 -4 -6 -2 -2 -1 0</v>
      <v>0 -2 0 -1 -4 0 0 -6 -6 0 -2 -8 -2 -4 -4 -6</v>
      <v>0 -1 -2 -2 -6 -4 0 -4 -8 -6 0 -6 -4 0 -2 0</v>
      <v>0 0 -2 0 -6 -4 0 -4 -8 -6 -2 -6 -4 -1 -2 0</v>
      <v>0 0 -2 0 -4 -1 0 -6 -6 0 -2 -8 -2 -4 -4 -6</v>
      <v>-6 -4 -4 -2 -4 -2 0 -4 -2 0 -1 -2 0 -2 0 0</v>
      <v>-6 -4 -4 -2 -4 -2 0 -2 -4 0 0 -2 -1 0 -2 0</v>
      <v>0 -2 -1 -4 -4 -2 -6 -4 -2 0 -4 -2 0 -2 0 0</v>
      <v>0 -2 0 -4 -2 0 -6 -4 -2 0 -4 -4 -2 -2 -1 0</v>
      <v>0 -2 0 -1 -2 0 0 -4 -2 0 -2 -4 -2 -4 -4 -6</v>
      <v>0 -1 -2 -2 -4 -4 0 -2 -4 -6 0 -2 -4 0 -2 0</v>
      <v>0 0 -2 0 -2 -4 0 -2 -4 -6 -2 -4 -4 -1 -2 0</v>
      <v>0 0 -2 0 -2 -1 0 -2 -4 0 -2 -4 -2 -4 -4 -6</v>
      <v>-6 -4 -4 -2 -5 -2 0 -6 -3 0 -4 -4 -1 -2 -2 0</v>
      <v>-6 -4 -4 -2 -5 -2 0 -3 -6 0 -1 -4 -4 -2 -2 0</v>
      <v>0 -4 -2 -2 -6 -4 0 -4 -5 -6 -2 -3 -4 -1 -2 0</v>
      <v>0 -2 -4 -4 -6 -2 -6 -5 -4 0 -4 -3 -2 -2 -1 0</v>
      <v>0 -2 -2 -4 -4 -1 0 -6 -3 0 -2 -5 -2 -4 -4 -6</v>
      <v>0 -2 -2 -1 -4 -4 0 -3 -6 0 -2 -5 -2 -4 -4 -6</v>
      <v>0 -2 -1 -4 -3 -2 -6 -5 -4 0 -4 -6 -2 -2 -4 0</v>
      <v>0 -1 -2 -2 -3 -4 0 -4 -5 -6 -2 -6 -4 -4 -2 0</v>
      <v>-6 -4 -4 -2 -5 -2 0 -3 -3 0 -1 -4 -1 -2 -2 0</v>
      <v>0 -2 -2 -1 -4 -1 0 -3 -3 0 -2 -5 -2 -4 -4 -6</v>
      <v>0 -2 -1 -4 -3 -2 -6 -5 -4 0 -4 -3 -2 -2 -1 0</v>
      <v>0 -1 -2 -2 -3 -4 0 -4 -5 -6 -2 -3 -4 -1 -2 0</v>
      <v>-3 -4 -4 -2 -5 -2 0 -3 -3 0 -1 -4 -1 -2 -2 0</v>
      <v>0 -2 -2 -1 -4 -1 0 -3 -3 0 -2 -5 -2 -4 -4 -3</v>
      <v>0 -2 -1 -4 -3 -2 -3 -5 -4 0 -4 -3 -2 -2 -1 0</v>
      <v>0 -1 -2 -2 -3 -4 0 -4 -5 -3 -2 -3 -4 -1 -2 0</v>
      <v>0 -2 -2 -1 -4 -1 0 -3 -3 0 -2 -5 1 -4 2 3</v>
      <v>0 -2 -2 -1 -4 -1 0 -3 -3 0 1 -5 -2 2 -4 3</v>
      <v>0 -2 -1 -4 -3 -2 3 -5 -4 0 2 -3 -2 1 -1 0</v>
      <v>0 -1 -2 -2 -3 -4 0 -4 -5 3 -2 -3 2 -1 1 0</v>
      <v>0 -1 1 -2 -3 2 0 -4 -5 3 -2 -3 -4 -1 -2 0</v>
      <v>0 1 -1 2 -3 -2 3 -5 -4 0 -4 -3 -2 -2 -1 0</v>
      <v>3 -4 2 -2 -5 1 0 -3 -3 0 -1 -4 -1 -2 -2 0</v>
      <v>3 2 -4 1 -5 -2 0 -3 -3 0 -1 -4 -1 -2 -2 0</v>
      <v>-12 -8 -8 -4 -10 -4 0 -6 -6 0 -2 -5 -2 -4 -1 0</v>
      <v>-12 -8 -8 -4 -10 -4 0 -6 -6 0 -2 -5 -2 -1 -4 0</v>
      <v>0 -4 -2 -8 -6 -4 -12 -10 -5 0 -8 -6 -1 -4 -2 0</v>
      <v>0 -4 -2 -8 -6 -1 -12 -10 -5 0 -8 -6 -4 -4 -2 0</v>
      <v>0 -4 -1 -2 -5 -2 0 -6 -6 0 -4 -10 -4 -8 -8 -12</v>
      <v>0 -2 -4 -4 -6 -8 0 -5 -10 -12 -1 -6 -8 -2 -4 0</v>
      <v>0 -2 -4 -1 -6 -8 0 -5 -10 -12 -4 -6 -8 -2 -4 0</v>
      <v>0 -1 -4 -2 -5 -2 0 -6 -6 0 -4 -10 -4 -8 -8 -12</v>
      <v>-12 -8 -8 -4 -10 -4 0 -6 -6 0 -2 -5 0 -4 0 0</v>
      <v>-12 -8 -8 -4 -10 -4 0 -6 -6 0 0 -5 -2 0 -4 0</v>
      <v>0 -4 -2 -8 -6 -4 -12 -10 -5 0 -8 -6 0 -4 0 0</v>
      <v>0 -4 0 -8 -6 0 -12 -10 -5 0 -8 -6 -4 -4 -2 0</v>
      <v>0 -4 0 -2 -5 0 0 -6 -6 0 -4 -10 -4 -8 -8 -12</v>
      <v>0 -2 -4 -4 -6 -8 0 -5 -10 -12 0 -6 -8 0 -4 0</v>
      <v>0 0 -4 0 -6 -8 0 -5 -10 -12 -4 -6 -8 -2 -4 0</v>
      <v>0 0 -4 0 -5 -2 0 -6 -6 0 -4 -10 -4 -8 -8 -12</v>
      <v>-6 -4 -4 -2 -4 -2 0 -3 -2 0 -1 -2 0 -2 0 0</v>
      <v>-6 -4 -4 -2 -4 -2 0 -2 -3 0 0 -2 -1 0 -2 0</v>
      <v>0 -2 -1 -4 -3 -2 -6 -4 -2 0 -4 -2 0 -2 0 0</v>
      <v>0 -2 0 -4 -2 0 -6 -4 -2 0 -4 -3 -2 -2 -1 0</v>
      <v>0 -2 0 -1 -2 0 0 -3 -2 0 -2 -4 -2 -4 -4 -6</v>
      <v>0 -1 -2 -2 -3 -4 0 -2 -4 -6 0 -2 -4 0 -2 0</v>
      <v>0 0 -2 0 -2 -4 0 -2 -4 -6 -2 -3 -4 -1 -2 0</v>
      <v>0 0 -2 0 -2 -1 0 -2 -3 0 -2 -4 -2 -4 -4 -6</v>
      <v>-12 -8 -8 -4 -10 -4 0 -12 -6 0 -8 -8 -2 -4 -1 0</v>
      <v>-12 -8 -8 -4 -10 -4 0 -6 -12 0 -2 -8 -8 -1 -4 0</v>
      <v>0 -8 -4 -4 -12 -8 0 -8 -10 -12 -1 -6 -8 -2 -4 0</v>
      <v>0 -4 -8 -8 -12 -4 -12 -10 -8 0 -8 -6 -1 -4 -2 0</v>
      <v>0 -4 -2 -8 -6 -1 -12 -10 -8 0 -8 -12 -4 -4 -8 0</v>
      <v>0 -4 -1 -8 -8 -2 0 -12 -6 0 -4 -10 -4 -8 -8 -12</v>
      <v>0 -2 -4 -1 -6 -8 0 -8 -10 -12 -4 -12 -8 -8 -4 0</v>
      <v>0 -1 -4 -2 -8 -8 0 -6 -12 0 -4 -10 -4 -8 -8 -12</v>
      <v>-9 -8 -8 -4 -7 -4 0 -6 -6 0 -2 -5 -2 -1 -1 0</v>
      <v>0 -4 -2 -8 -6 -1 -9 -7 -5 0 -8 -6 -1 -4 -2 0</v>
      <v>0 -2 -4 -1 -6 -8 0 -5 -7 -9 -1 -6 -8 -2 -4 0</v>
      <v>0 -1 -1 -2 -5 -2 0 -6 -6 0 -4 -7 -4 -8 -8 -9</v>
      <v>-9 -8 -6 -4 -8 -3 0 -4 -5 0 0 -4 -2 0 -4 0</v>
      <v>-9 -6 -8 -3 -8 -4 0 -5 -4 0 -2 -4 0 -4 0 0</v>
      <v>0 -4 0 -8 -4 0 -9 -8 -4 0 -6 -5 -4 -3 -2 0</v>
      <v>0 -4 0 -2 -4 0 0 -5 -4 0 -3 -8 -4 -6 -8 -9</v>
      <v>0 -3 -2 -6 -5 -4 -9 -8 -4 0 -8 -4 0 -4 0 0</v>
      <v>0 -2 -3 -4 -5 -6 0 -4 -8 -9 0 -4 -8 0 -4 0</v>
      <v>0 0 -4 0 -4 -8 0 -4 -8 -9 -4 -5 -6 -2 -3 0</v>
      <v>0 0 -4 0 -4 -2 0 -4 -5 0 -4 -8 -3 -8 -6 -9</v>
      <v>-18 -13 -12 -8 -16 -6 0 -8 -10 0 0 -8 -4 0 -8 0</v>
      <v>-18 -12 -13 -6 -16 -8 0 -10 -8 0 -4 -8 0 -8 0 0</v>
      <v>0 -8 0 -13 -8 0 -18 -16 -8 0 -12 -10 -8 -6 -4 0</v>
      <v>0 -8 0 -4 -8 0 0 -10 -8 0 -6 -16 -8 -12 -13 -18</v>
      <v>0 -6 -4 -12 -10 -8 -18 -16 -8 0 -13 -8 0 -8 0 0</v>
      <v>0 -4 -6 -8 -10 -12 0 -8 -16 -18 0 -8 -13 0 -8 0</v>
      <v>0 0 -8 0 -8 -13 0 -8 -16 -18 -8 -10 -12 -4 -6 0</v>
      <v>0 0 -8 0 -8 -4 0 -8 -10 0 -8 -16 -6 -13 -12 -18</v>
      <v>-9 -6 -6 -3 -8 -3 0 -5 -4 0 -2 -4 0 -4 0 0</v>
      <v>-9 -6 -6 -3 -8 -3 0 -4 -5 0 0 -4 -2 0 -4 0</v>
      <v>0 -4 0 -2 -4 0 0 -5 -4 0 -3 -8 -3 -6 -6 -9</v>
      <v>0 -3 -2 -6 -5 -4 -9 -8 -4 0 -6 -4 0 -3 0 0</v>
      <v>0 -3 0 -6 -4 0 -9 -8 -4 0 -6 -5 -4 -3 -2 0</v>
      <v>0 -2 -3 -4 -5 -6 0 -4 -8 -9 0 -4 -6 0 -3 0</v>
      <v>0 0 -4 0 -4 -2 0 -4 -5 0 -3 -8 -3 -6 -6 -9</v>
      <v>0 0 -3 0 -4 -6 0 -4 -8 -9 -4 -5 -6 -2 -3 0</v>
      <v>-6 -8 -6 -4 -8 -3 0 -4 -5 0 0 -4 -2 0 -4 0</v>
      <v>-6 -6 -8 -3 -8 -4 0 -5 -4 0 -2 -4 0 -4 0 0</v>
      <v>0 -4 0 -8 -4 0 -6 -8 -4 0 -6 -5 -4 -3 -2 0</v>
      <v>0 -4 0 -2 -4 0 0 -5 -4 0 -3 -8 -4 -6 -8 -6</v>
      <v>0 -3 -2 -6 -5 -4 -6 -8 -4 0 -8 -4 0 -4 0 0</v>
      <v>0 -2 -3 -4 -5 -6 0 -4 -8 -6 0 -4 -8 0 -4 0</v>
      <v>0 0 -4 0 -4 -8 0 -4 -8 -6 -4 -5 -6 -2 -3 0</v>
      <v>0 0 -4 0 -4 -2 0 -4 -5 0 -4 -8 -3 -8 -6 -6</v>
      <v>0 -4 0 -2 -4 0 0 -5 -4 0 -3 -8 2 -6 4 6</v>
      <v>0 -3 -2 -6 -5 -4 6 -8 -4 0 4 -4 0 2 0 0</v>
      <v>0 -2 -3 -4 -5 -6 0 -4 -8 6 0 -4 4 0 2 0</v>
      <v>0 0 -4 0 -4 -2 0 -4 -5 0 2 -8 -3 4 -6 6</v>
      <v>0 0 2 0 -4 4 0 -4 -8 6 -4 -5 -6 -2 -3 0</v>
      <v>0 2 0 4 -4 0 6 -8 -4 0 -6 -5 -4 -3 -2 0</v>
      <v>6 -6 4 -3 -8 2 0 -5 -4 0 -2 -4 0 -4 0 0</v>
      <v>6 4 -6 2 -8 -3 0 -4 -5 0 0 -4 -2 0 -4 0</v>
      <v>-3 -8 -3 -4 -8 -3 0 -4 -5 0 0 -4 -2 0 -4 0</v>
      <v>-3 -3 -8 -3 -8 -4 0 -5 -4 0 -2 -4 0 -4 0 0</v>
      <v>0 -4 0 -8 -4 0 -3 -8 -4 0 -3 -5 -4 -3 -2 0</v>
      <v>0 -4 0 -2 -4 0 0 -5 -4 0 -3 -8 -4 -3 -8 -3</v>
      <v>0 -3 -2 -3 -5 -4 -3 -8 -4 0 -8 -4 0 -4 0 0</v>
      <v>0 -2 -3 -4 -5 -3 0 -4 -8 -3 0 -4 -8 0 -4 0</v>
      <v>0 0 -4 0 -4 -8 0 -4 -8 -3 -4 -5 -3 -2 -3 0</v>
      <v>0 0 -4 0 -4 -2 0 -4 -5 0 -4 -8 -3 -8 -3 -3</v>
      <v>-3 -3 -2 -3 -5 -1 0 -5 -4 0 -2 -4 0 -4 0 0</v>
      <v>-3 -2 -3 -1 -5 -3 0 -4 -5 0 0 -4 -2 0 -4 0</v>
      <v>0 -4 0 -2 -4 0 0 -5 -4 0 -3 -5 -1 -3 -2 -3</v>
      <v>0 -3 -2 -3 -5 -4 -3 -5 -4 0 -2 -4 0 -1 0 0</v>
      <v>0 -2 -3 -4 -5 -3 0 -4 -5 -3 0 -4 -2 0 -1 0</v>
      <v>0 -1 0 -2 -4 0 -3 -5 -4 0 -3 -5 -4 -3 -2 0</v>
      <v>0 0 -4 0 -4 -2 0 -4 -5 0 -1 -5 -3 -2 -3 -3</v>
      <v>0 0 -1 0 -4 -2 0 -4 -5 -3 -4 -5 -3 -2 -3 0</v>
      <v>-3 -6 -2 -3 -5 -1 0 -5 -4 0 -2 -7 -3 -1 -6 0</v>
      <v>-3 -2 -6 -1 -5 -3 0 -4 -5 0 -3 -7 -2 -6 -1 0</v>
      <v>0 -6 -1 -3 -7 -2 0 -4 -5 0 -1 -5 -3 -2 -6 -3</v>
      <v>0 -3 -2 -6 -5 -1 -3 -5 -7 0 -2 -4 -6 -1 -3 0</v>
      <v>0 -3 -1 -6 -4 -2 0 -7 -5 -3 -1 -5 -6 -2 -3 0</v>
      <v>0 -2 -3 -1 -5 -6 0 -7 -5 -3 -6 -4 -2 -3 -1 0</v>
      <v>0 -1 -6 -2 -7 -3 0 -5 -4 0 -3 -5 -1 -6 -2 -3</v>
      <v>0 -1 -3 -2 -4 -6 -3 -5 -7 0 -6 -5 -1 -3 -2 0</v>
      <v>-9 -8 -6 -7 -8 -3 0 -7 -5 0 0 -4 -2 0 -1 0</v>
      <v>-9 -6 -8 -3 -8 -7 0 -5 -7 0 -2 -4 0 -1 0 0</v>
      <v>0 -7 0 -8 -7 0 -9 -8 -4 0 -6 -5 -1 -3 -2 0</v>
      <v>0 -3 -2 -6 -5 -1 -9 -8 -4 0 -8 -7 0 -7 0 0</v>
      <v>0 -2 -3 -1 -5 -6 0 -4 -8 -9 0 -7 -8 0 -7 0</v>
      <v>0 -1 0 -2 -4 0 0 -5 -7 0 -3 -8 -7 -6 -8 -9</v>
      <v>0 0 -7 0 -7 -8 0 -4 -8 -9 -1 -5 -6 -2 -3 0</v>
      <v>0 0 -1 0 -4 -2 0 -7 -5 0 -7 -8 -3 -8 -6 -9</v>
      <v>-18 -16 -12 -8 -13 -6 0 -8 -10 0 0 -8 -4 0 -2 0</v>
      <v>-18 -12 -16 -6 -13 -8 0 -10 -8 0 -4 -8 0 -2 0 0</v>
      <v>0 -8 0 -16 -8 0 -18 -13 -8 0 -12 -10 -2 -6 -4 0</v>
      <v>0 -6 -4 -12 -10 -2 -18 -13 -8 0 -16 -8 0 -8 0 0</v>
      <v>0 -4 -6 -2 -10 -12 0 -8 -13 -18 0 -8 -16 0 -8 0</v>
      <v>0 -2 0 -4 -8 0 0 -10 -8 0 -6 -13 -8 -12 -16 -18</v>
      <v>0 0 -8 0 -8 -16 0 -8 -13 -18 -2 -10 -12 -4 -6 0</v>
      <v>0 0 -2 0 -8 -4 0 -8 -10 0 -8 -13 -6 -16 -12 -18</v>
      <v>-6 -6 -5 -3 -5 -4 0 -5 -4 0 -2 -4 0 -1 0 0</v>
      <v>-6 -5 -6 -4 -5 -3 0 -4 -5 0 0 -4 -2 0 -1 0</v>
      <v>0 -4 0 -5 -4 0 -6 -5 -4 0 -6 -5 -1 -3 -2 0</v>
      <v>0 -3 -2 -6 -5 -1 -6 -5 -4 0 -5 -4 0 -4 0 0</v>
      <v>0 -2 -3 -1 -5 -6 0 -4 -5 -6 0 -4 -5 0 -4 0</v>
      <v>0 -1 0 -2 -4 0 0 -5 -4 0 -3 -5 -4 -6 -5 -6</v>
      <v>0 0 -4 0 -4 -5 0 -4 -5 -6 -1 -5 -6 -2 -3 0</v>
      <v>0 0 -1 0 -4 -2 0 -4 -5 0 -4 -5 -3 -5 -6 -6</v>
      <v>-12 -12 -10 -6 -10 -5 0 -10 -8 0 -4 -8 0 -2 0 0</v>
      <v>-12 -10 -12 -5 -10 -6 0 -8 -10 0 0 -8 -4 0 -2 0</v>
      <v>0 -6 -4 -12 -10 -2 -12 -10 -8 0 -10 -8 0 -5 0 0</v>
      <v>0 -5 0 -10 -8 0 -12 -10 -8 0 -12 -10 -2 -6 -4 0</v>
      <v>0 -4 -6 -2 -10 -12 0 -8 -10 -12 0 -8 -10 0 -5 0</v>
      <v>0 -2 0 -4 -8 0 0 -10 -8 0 -6 -10 -5 -12 -10 -12</v>
      <v>0 0 -5 0 -8 -10 0 -8 -10 -12 -2 -10 -12 -4 -6 0</v>
      <v>0 0 -2 0 -8 -4 0 -8 -10 0 -5 -10 -6 -10 -12 -12</v>
      <v>-6 -6 -4 -3 -5 -2 0 -5 -4 0 -2 -4 0 -1 0 0</v>
      <v>-6 -4 -6 -2 -5 -3 0 -4 -5 0 0 -4 -2 0 -1 0</v>
      <v>0 -3 -2 -6 -5 -1 -6 -5 -4 0 -4 -4 0 -2 0 0</v>
      <v>0 -2 -3 -1 -5 -6 0 -4 -5 -6 0 -4 -4 0 -2 0</v>
      <v>0 -2 0 -4 -4 0 -6 -5 -4 0 -6 -5 -1 -3 -2 0</v>
      <v>0 -1 0 -2 -4 0 0 -5 -4 0 -3 -5 -2 -6 -4 -6</v>
      <v>0 0 -2 0 -4 -4 0 -4 -5 -6 -1 -5 -6 -2 -3 0</v>
      <v>0 0 -1 0 -4 -2 0 -4 -5 0 -2 -5 -3 -4 -6 -6</v>
      <v>-3 -6 -2 -3 -5 -1 0 -5 -4 0 -2 -4 0 -1 0 0</v>
      <v>-3 -2 -6 -1 -5 -3 0 -4 -5 0 0 -4 -2 0 -1 0</v>
      <v>0 -3 -2 -6 -5 -1 -3 -5 -4 0 -2 -4 0 -1 0 0</v>
      <v>0 -2 -3 -1 -5 -6 0 -4 -5 -3 0 -4 -2 0 -1 0</v>
      <v>0 -1 0 -2 -4 0 -3 -5 -4 0 -6 -5 -1 -3 -2 0</v>
      <v>0 -1 0 -2 -4 0 0 -5 -4 0 -3 -5 -1 -6 -2 -3</v>
      <v>0 0 -1 0 -4 -2 0 -4 -5 -3 -1 -5 -6 -2 -3 0</v>
      <v>0 0 -1 0 -4 -2 0 -4 -5 0 -1 -5 -3 -2 -6 -3</v>
      <v>-3 -3 -2 -3 -5 -1 0 -5 -7 0 -2 -4 -6 -1 -3 0</v>
      <v>-3 -2 -3 -1 -5 -3 0 -7 -5 0 -6 -4 -2 -3 -1 0</v>
      <v>0 -6 -1 -3 -7 -2 0 -4 -5 -3 -1 -5 -3 -2 -3 0</v>
      <v>0 -3 -2 -3 -5 -1 -3 -5 -4 0 -2 -7 -3 -1 -6 0</v>
      <v>0 -3 -1 -6 -4 -2 0 -7 -5 0 -1 -5 -3 -2 -3 -3</v>
      <v>0 -2 -3 -1 -5 -3 0 -4 -5 -3 -3 -7 -2 -6 -1 0</v>
      <v>0 -1 -6 -2 -7 -3 -3 -5 -4 0 -3 -5 -1 -3 -2 0</v>
      <v>0 -1 -3 -2 -4 -6 0 -5 -7 0 -3 -5 -1 -3 -2 -3</v>
      <v>-3 -5 -3 -7 -5 -3 0 -7 -5 0 0 -4 -2 0 -1 0</v>
      <v>-3 -3 -5 -3 -5 -7 0 -5 -7 0 -2 -4 0 -1 0 0</v>
      <v>0 -7 0 -5 -7 0 -3 -5 -4 0 -3 -5 -1 -3 -2 0</v>
      <v>0 -3 -2 -3 -5 -1 -3 -5 -4 0 -5 -7 0 -7 0 0</v>
      <v>0 -2 -3 -1 -5 -3 0 -4 -5 -3 0 -7 -5 0 -7 0</v>
      <v>0 -1 0 -2 -4 0 0 -5 -7 0 -3 -5 -7 -3 -5 -3</v>
      <v>0 0 -7 0 -7 -5 0 -4 -5 -3 -1 -5 -3 -2 -3 0</v>
      <v>0 0 -1 0 -4 -2 0 -7 -5 0 -7 -5 -3 -5 -3 -3</v>
      <v>-3 -3 -2 -3 -5 -1 0 -5 -4 0 -2 -4 0 -1 0 0</v>
      <v>-3 -2 -3 -1 -5 -3 0 -4 -5 0 0 -4 -2 0 -1 0</v>
      <v>0 -3 -2 -3 -5 -1 -3 -5 -4 0 -2 -4 0 -1 0 0</v>
      <v>0 -2 -3 -1 -5 -3 0 -4 -5 -3 0 -4 -2 0 -1 0</v>
      <v>0 -1 0 -2 -4 0 -3 -5 -4 0 -3 -5 -1 -3 -2 0</v>
      <v>0 -1 0 -2 -4 0 0 -5 -4 0 -3 -5 -1 -3 -2 -3</v>
      <v>0 0 -1 0 -4 -2 0 -4 -5 -3 -1 -5 -3 -2 -3 0</v>
      <v>0 0 -1 0 -4 -2 0 -4 -5 0 -1 -5 -3 -2 -3 -3</v>
      <v>-3 -3 -2 -3 -2 -1 0 -2 -1 0 -2 -1 0 -1 0 0</v>
      <v>-3 -2 -3 -1 -2 -3 0 -1 -2 0 0 -1 -2 0 -1 0</v>
      <v>0 -3 -2 -3 -2 -1 -3 -2 -1 0 -2 -1 0 -1 0 0</v>
      <v>0 -2 -3 -1 -2 -3 0 -1 -2 -3 0 -1 -2 0 -1 0</v>
      <v>0 -1 0 -2 -1 0 -3 -2 -1 0 -3 -2 -1 -3 -2 0</v>
      <v>0 -1 0 -2 -1 0 0 -2 -1 0 -3 -2 -1 -3 -2 -3</v>
      <v>0 0 -1 0 -1 -2 0 -1 -2 -3 -1 -2 -3 -2 -3 0</v>
      <v>0 0 -1 0 -1 -2 0 -1 -2 0 -1 -2 -3 -2 -3 -3</v>
      <v>-15 -10 -10 -5 -11 -5 0 -9 -9 0 -4 -7 -4 -2 -2 0</v>
      <v>0 -5 -4 -10 -9 -2 -15 -11 -7 0 -10 -9 -2 -5 -4 0</v>
      <v>0 -4 -5 -2 -9 -10 0 -7 -11 -15 -2 -9 -10 -4 -5 0</v>
      <v>0 -2 -2 -4 -7 -4 0 -9 -9 0 -5 -11 -5 -10 -10 -15</v>
      <v>-3 -4 -2 -2 -3 -1 0 -4 -2 0 -2 -3 -1 -1 -2 0</v>
      <v>-3 -2 -4 -1 -3 -2 0 -2 -4 0 -1 -3 -2 -2 -1 0</v>
      <v>0 -2 -2 -4 -4 -1 -3 -3 -3 0 -2 -2 -2 -1 -1 0</v>
      <v>0 -2 -2 -1 -4 -4 0 -3 -3 -3 -2 -2 -2 -1 -1 0</v>
      <v>0 -2 -1 -1 -3 -2 0 -2 -4 0 -1 -3 -2 -2 -4 -3</v>
      <v>0 -1 -2 -2 -3 -1 0 -4 -2 0 -2 -3 -1 -4 -2 -3</v>
      <v>0 -1 -1 -2 -2 -2 -3 -3 -3 0 -4 -4 -1 -2 -2 0</v>
      <v>0 -1 -1 -2 -2 -2 0 -3 -3 -3 -1 -4 -4 -2 -2 0</v>
      <v>-3 -4 -2 -2 -3 -1 0 -2 -2 0 0 -2 -1 0 -2 0</v>
      <v>-3 -2 -4 -1 -3 -2 0 -2 -2 0 -1 -2 0 -2 0 0</v>
      <v>0 -2 0 -4 -2 0 -3 -3 -2 0 -2 -2 -2 -1 -1 0</v>
      <v>0 -2 0 -1 -2 0 0 -2 -2 0 -1 -3 -2 -2 -4 -3</v>
      <v>0 -1 -1 -2 -2 -2 -3 -3 -2 0 -4 -2 0 -2 0 0</v>
      <v>0 -1 -1 -2 -2 -2 0 -2 -3 -3 0 -2 -4 0 -2 0</v>
      <v>0 0 -2 0 -2 -4 0 -2 -3 -3 -2 -2 -2 -1 -1 0</v>
      <v>0 0 -2 0 -2 -1 0 -2 -2 0 -2 -3 -1 -4 -2 -3</v>
      <v>-3 -2 -2 -1 -3 -1 0 -2 -2 0 -1 -2 0 -2 0 0</v>
      <v>-3 -2 -2 -1 -3 -1 0 -2 -2 0 0 -2 -1 0 -2 0</v>
      <v>0 -2 0 -1 -2 0 0 -2 -2 0 -1 -3 -1 -2 -2 -3</v>
      <v>0 -1 -1 -2 -2 -2 -3 -3 -2 0 -2 -2 0 -1 0 0</v>
      <v>0 -1 -1 -2 -2 -2 0 -2 -3 -3 0 -2 -2 0 -1 0</v>
      <v>0 -1 0 -2 -2 0 -3 -3 -2 0 -2 -2 -2 -1 -1 0</v>
      <v>0 0 -2 0 -2 -1 0 -2 -2 0 -1 -3 -1 -2 -2 -3</v>
      <v>0 0 -1 0 -2 -2 0 -2 -3 -3 -2 -2 -2 -1 -1 0</v>
      <v>0 -2 -1 -1 -3 -2 0 -2 -1 0 -1 0 1 1 2 3</v>
      <v>0 -2 1 -1 -1 2 0 -3 0 3 -2 -2 1 -1 -1 0</v>
      <v>0 -1 -2 -2 -3 -1 0 -1 -2 0 1 0 -1 2 1 3</v>
      <v>0 -1 -1 -2 -2 1 0 -3 0 3 -1 -1 2 -2 1 0</v>
      <v>0 -1 -1 1 -2 -2 3 0 -3 0 2 -1 -1 1 -2 0</v>
      <v>0 1 -2 2 -1 -1 3 0 -3 0 1 -2 -2 -1 -1 0</v>
      <v>3 1 2 -1 0 1 0 -2 -1 0 -1 -3 -2 -2 -1 0</v>
      <v>3 2 1 1 0 -1 0 -1 -2 0 -2 -3 -1 -1 -2 0</v>
      <v>-3 -2 -2 -1 -2 -1 0 -2 -1 0 -1 -1 0 -1 0 0</v>
      <v>-3 -2 -2 -1 -2 -1 0 -1 -2 0 0 -1 -1 0 -1 0</v>
      <v>0 -1 -1 -2 -2 -1 -3 -2 -1 0 -2 -1 0 -1 0 0</v>
      <v>0 -1 -1 -1 -2 -2 0 -1 -2 -3 0 -1 -2 0 -1 0</v>
      <v>0 -1 0 -2 -1 0 -3 -2 -1 0 -2 -2 -1 -1 -1 0</v>
      <v>0 -1 0 -1 -1 0 0 -2 -1 0 -1 -2 -1 -2 -2 -3</v>
      <v>0 0 -1 0 -1 -2 0 -1 -2 -3 -1 -2 -2 -1 -1 0</v>
      <v>0 0 -1 0 -1 -1 0 -1 -2 0 -1 -2 -1 -2 -2 -3</v>
      <v>-6 -8 -4 -4 -6 -2 0 -8 -4 0 -4 -6 -2 -2 -1 0</v>
      <v>-6 -4 -8 -2 -6 -4 0 -4 -8 0 -2 -6 -4 -1 -2 0</v>
      <v>0 -4 -4 -8 -8 -2 -6 -6 -6 0 -4 -4 -1 -2 -2 0</v>
      <v>0 -4 -4 -2 -8 -8 0 -6 -6 -6 -1 -4 -4 -2 -2 0</v>
      <v>0 -2 -2 -4 -4 -1 -6 -6 -6 0 -8 -8 -2 -4 -4 0</v>
      <v>0 -2 -2 -1 -4 -4 0 -6 -6 -6 -2 -8 -8 -4 -4 0</v>
      <v>0 -2 -1 -4 -6 -2 0 -8 -4 0 -4 -6 -2 -8 -4 -6</v>
      <v>0 -1 -2 -2 -6 -4 0 -4 -8 0 -2 -6 -4 -4 -8 -6</v>
      <v>-3 -4 -2 -2 -3 -1 0 -4 -2 0 -2 -3 0 -1 0 0</v>
      <v>-3 -2 -4 -1 -3 -2 0 -2 -4 0 0 -3 -2 0 -1 0</v>
      <v>0 -2 -2 -4 -4 -1 -3 -3 -3 0 -2 -2 0 -1 0 0</v>
      <v>0 -2 -2 -1 -4 -4 0 -3 -3 -3 0 -2 -2 0 -1 0</v>
      <v>0 -1 0 -2 -3 0 0 -4 -2 0 -2 -3 -1 -4 -2 -3</v>
      <v>0 -1 0 -2 -2 0 -3 -3 -3 0 -4 -4 -1 -2 -2 0</v>
      <v>0 0 -1 0 -3 -2 0 -2 -4 0 -1 -3 -2 -2 -4 -3</v>
      <v>0 0 -1 0 -2 -2 0 -3 -3 -3 -1 -4 -4 -2 -2 0</v>
      <v>-6 -4 -4 -2 -4 -2 0 -4 -2 0 -2 -2 0 -1 0 0</v>
      <v>-6 -4 -4 -2 -4 -2 0 -2 -4 0 0 -2 -2 0 -1 0</v>
      <v>0 -2 -2 -4 -4 -1 -6 -4 -2 0 -4 -2 0 -2 0 0</v>
      <v>0 -2 -2 -1 -4 -4 0 -2 -4 -6 0 -2 -4 0 -2 0</v>
      <v>0 -2 0 -4 -2 0 -6 -4 -2 0 -4 -4 -1 -2 -2 0</v>
      <v>0 -1 0 -2 -2 0 0 -4 -2 0 -2 -4 -2 -4 -4 -6</v>
      <v>0 0 -2 0 -2 -4 0 -2 -4 -6 -1 -4 -4 -2 -2 0</v>
      <v>0 0 -1 0 -2 -2 0 -2 -4 0 -2 -4 -2 -4 -4 -6</v>
      <v>0 -4 2 -2 -2 4 0 -3 0 6 -1 -4 2 -2 -2 0</v>
      <v>0 -2 -2 -1 -4 2 0 -3 0 6 -2 -2 4 -4 2 0</v>
      <v>0 -2 -2 2 -4 -1 6 0 -3 0 4 -2 -2 2 -4 0</v>
      <v>0 -2 -1 -4 -3 -2 0 -2 -4 0 2 0 -2 4 2 6</v>
      <v>0 -1 -2 -2 -3 -4 0 -4 -2 0 -2 0 2 2 4 6</v>
      <v>0 2 -4 4 -2 -2 6 0 -3 0 2 -4 -1 -2 -2 0</v>
      <v>6 2 4 -2 0 2 0 -4 -2 0 -2 -3 -4 -1 -2 0</v>
      <v>6 4 2 2 0 -2 0 -2 -4 0 -4 -3 -2 -2 -1 0</v>
      <v>-9 -7 -6 -5 -7 -3 0 -5 -7 0 0 -5 -4 0 -2 0</v>
      <v>-9 -6 -7 -3 -7 -5 0 -7 -5 0 -4 -5 0 -2 0 0</v>
      <v>0 -5 0 -7 -5 0 -9 -7 -5 0 -6 -7 -2 -3 -4 0</v>
      <v>0 -4 -3 -2 -7 -6 0 -5 -7 -9 0 -5 -7 0 -5 0</v>
      <v>0 -3 -4 -6 -7 -2 -9 -7 -5 0 -7 -5 0 -5 0 0</v>
      <v>0 -2 0 -4 -5 0 0 -7 -5 0 -3 -7 -5 -6 -7 -9</v>
      <v>0 0 -5 0 -5 -7 0 -5 -7 -9 -2 -7 -6 -4 -3 0</v>
      <v>0 0 -2 0 -5 -4 0 -5 -7 0 -5 -7 -3 -7 -6 -9</v>
      <v>-18 -14 -12 -7 -14 -6 0 -10 -14 0 0 -10 -8 0 -4 0</v>
      <v>-18 -12 -14 -6 -14 -7 0 -14 -10 0 -8 -10 0 -4 0 0</v>
      <v>0 -8 -6 -4 -14 -12 0 -10 -14 -18 0 -10 -14 0 -7 0</v>
      <v>0 -7 0 -14 -10 0 -18 -14 -10 0 -12 -14 -4 -6 -8 0</v>
      <v>0 -6 -8 -12 -14 -4 -18 -14 -10 0 -14 -10 0 -7 0 0</v>
      <v>0 -4 0 -8 -10 0 0 -14 -10 0 -6 -14 -7 -12 -14 -18</v>
      <v>0 0 -7 0 -10 -14 0 -10 -14 -18 -4 -14 -12 -8 -6 0</v>
      <v>0 0 -4 0 -10 -8 0 -10 -14 0 -7 -14 -6 -14 -12 -18</v>
      <v>-9 -6 -6 -3 -7 -3 0 -7 -5 0 -4 -5 0 -2 0 0</v>
      <v>-9 -6 -6 -3 -7 -3 0 -5 -7 0 0 -5 -4 0 -2 0</v>
      <v>0 -4 -3 -2 -7 -6 0 -5 -7 -9 0 -5 -6 0 -3 0</v>
      <v>0 -3 -4 -6 -7 -2 -9 -7 -5 0 -6 -5 0 -3 0 0</v>
      <v>0 -3 0 -6 -5 0 -9 -7 -5 0 -6 -7 -2 -3 -4 0</v>
      <v>0 -2 0 -4 -5 0 0 -7 -5 0 -3 -7 -3 -6 -6 -9</v>
      <v>0 0 -3 0 -5 -6 0 -5 -7 -9 -2 -7 -6 -4 -3 0</v>
      <v>0 0 -2 0 -5 -4 0 -5 -7 0 -3 -7 -3 -6 -6 -9</v>
      <v>-6 -6 -4 -3 -7 -2 0 -7 -8 0 -4 -5 -6 -2 -3 0</v>
      <v>-6 -4 -6 -2 -7 -3 0 -8 -7 0 -6 -5 -4 -3 -2 0</v>
      <v>0 -6 -2 -3 -8 -4 0 -5 -7 -6 -2 -7 -6 -4 -3 0</v>
      <v>0 -4 -3 -2 -7 -6 0 -5 -7 -6 -3 -8 -4 -6 -2 0</v>
      <v>0 -3 -4 -6 -7 -2 -6 -7 -5 0 -4 -8 -3 -2 -6 0</v>
      <v>0 -3 -2 -6 -5 -4 0 -8 -7 0 -2 -7 -3 -4 -6 -6</v>
      <v>0 -2 -6 -4 -8 -3 -6 -7 -5 0 -6 -7 -2 -3 -4 0</v>
      <v>0 -2 -3 -4 -5 -6 0 -7 -8 0 -3 -7 -2 -6 -4 -6</v>
      <v>-6 -7 -6 -8 -7 -3 0 -8 -7 0 0 -5 -4 0 -2 0</v>
      <v>-6 -6 -7 -3 -7 -8 0 -7 -8 0 -4 -5 0 -2 0 0</v>
      <v>0 -8 0 -7 -8 0 -6 -7 -5 0 -6 -7 -2 -3 -4 0</v>
      <v>0 -4 -3 -2 -7 -6 0 -5 -7 -6 0 -8 -7 0 -8 0</v>
      <v>0 -3 -4 -6 -7 -2 -6 -7 -5 0 -7 -8 0 -8 0 0</v>
      <v>0 -2 0 -4 -5 0 0 -7 -8 0 -3 -7 -8 -6 -7 -6</v>
      <v>0 0 -8 0 -8 -7 0 -5 -7 -6 -2 -7 -6 -4 -3 0</v>
      <v>0 0 -2 0 -5 -4 0 -8 -7 0 -8 -7 -3 -7 -6 -6</v>
      <v>-6 -6 -4 -3 -7 -2 0 -7 -5 0 -4 -5 0 -2 0 0</v>
      <v>-6 -4 -6 -2 -7 -3 0 -5 -7 0 0 -5 -4 0 -2 0</v>
      <v>0 -4 -3 -2 -7 -6 0 -5 -7 -6 0 -5 -4 0 -2 0</v>
      <v>0 -3 -4 -6 -7 -2 -6 -7 -5 0 -4 -5 0 -2 0 0</v>
      <v>0 -2 0 -4 -5 0 -6 -7 -5 0 -6 -7 -2 -3 -4 0</v>
      <v>0 -2 0 -4 -5 0 0 -7 -5 0 -3 -7 -2 -6 -4 -6</v>
      <v>0 0 -2 0 -5 -4 0 -5 -7 -6 -2 -7 -6 -4 -3 0</v>
      <v>0 0 -2 0 -5 -4 0 -5 -7 0 -2 -7 -3 -4 -6 -6</v>
      <v>-6 -6 -4 -3 -4 -2 0 -4 -2 0 -4 -2 0 -2 0 0</v>
      <v>-6 -4 -6 -2 -4 -3 0 -2 -4 0 0 -2 -4 0 -2 0</v>
      <v>0 -4 -3 -2 -4 -6 0 -2 -4 -6 0 -2 -4 0 -2 0</v>
      <v>0 -3 -4 -6 -4 -2 -6 -4 -2 0 -4 -2 0 -2 0 0</v>
      <v>0 -2 0 -4 -2 0 -6 -4 -2 0 -6 -4 -2 -3 -4 0</v>
      <v>0 -2 0 -4 -2 0 0 -4 -2 0 -3 -4 -2 -6 -4 -6</v>
      <v>0 0 -2 0 -2 -4 0 -2 -4 -6 -2 -4 -6 -4 -3 0</v>
      <v>0 0 -2 0 -2 -4 0 -2 -4 0 -2 -4 -3 -4 -6 -6</v>
      <v>-3 -2 -2 -1 -4 -1 0 -3 -3 0 -2 -5 -2 -4 -1 0</v>
      <v>-3 -2 -2 -1 -4 -1 0 -3 -3 0 -2 -5 -2 -1 -4 0</v>
      <v>0 -4 -1 -2 -5 -2 0 -3 -3 0 -1 -4 -1 -2 -2 -3</v>
      <v>0 -2 -1 -4 -3 -2 0 -5 -4 -3 -1 -3 -2 -2 -1 0</v>
      <v>0 -2 -1 -1 -3 -2 0 -5 -4 -3 -4 -3 -2 -2 -1 0</v>
      <v>0 -1 -4 -2 -5 -2 0 -3 -3 0 -1 -4 -1 -2 -2 -3</v>
      <v>0 -1 -2 -2 -3 -4 -3 -4 -5 0 -2 -3 -1 -1 -2 0</v>
      <v>0 -1 -2 -2 -3 -1 -3 -4 -5 0 -2 -3 -4 -1 -2 0</v>
      <v>0 -4 -1 -2 -5 -2 0 -3 -3 0 -1 -4 -1 -2 1 3</v>
      <v>0 -2 -1 -4 -3 -2 0 -5 -4 3 -1 -3 1 -2 -1 0</v>
      <v>0 -2 -1 -1 -3 1 0 -5 -4 3 -4 -3 -2 -2 -1 0</v>
      <v>0 -1 -4 -2 -5 -2 0 -3 -3 0 -1 -4 -1 1 -2 3</v>
      <v>0 -1 -2 -2 -3 -4 3 -4 -5 0 1 -3 -1 -1 -2 0</v>
      <v>0 -1 -2 1 -3 -1 3 -4 -5 0 -2 -3 -4 -1 -2 0</v>
      <v>3 -2 1 -1 -4 -1 0 -3 -3 0 -2 -5 -2 -4 -1 0</v>
      <v>3 1 -2 -1 -4 -1 0 -3 -3 0 -2 -5 -2 -1 -4 0</v>
      <v>0 -4 -1 -2 -5 -2 0 -3 -3 0 -1 -4 2 -2 4 6</v>
      <v>0 -2 -1 -4 -3 -2 0 -5 -4 6 -1 -3 4 -2 2 0</v>
      <v>0 -2 2 -1 -3 4 0 -5 -4 6 -4 -3 -2 -2 -1 0</v>
      <v>0 -1 -4 -2 -5 -2 0 -3 -3 0 2 -4 -1 4 -2 6</v>
      <v>0 -1 -2 -2 -3 -4 6 -4 -5 0 4 -3 -1 2 -2 0</v>
      <v>0 2 -2 4 -3 -1 6 -4 -5 0 -2 -3 -4 -1 -2 0</v>
      <v>6 -2 4 -1 -4 2 0 -3 -3 0 -2 -5 -2 -4 -1 0</v>
      <v>6 4 -2 2 -4 -1 0 -3 -3 0 -2 -5 -2 -1 -4 0</v>
      <v>0 -4 -1 -2 -5 -2 0 -3 -3 0 -1 -4 -1 1 -2 3</v>
      <v>0 -2 -1 -4 -3 1 0 -5 -4 3 -1 -3 -2 -2 -1 0</v>
      <v>0 -2 -1 -1 -3 -2 0 -5 -4 3 -4 -3 1 -2 -1 0</v>
      <v>0 -1 -4 -2 -5 -2 0 -3 -3 0 -1 -4 -1 -2 1 3</v>
      <v>0 -1 -2 -2 -3 -1 3 -4 -5 0 1 -3 -4 -1 -2 0</v>
      <v>0 -1 -2 1 -3 -4 3 -4 -5 0 -2 -3 -1 -1 -2 0</v>
      <v>3 -2 1 -1 -4 -1 0 -3 -3 0 -2 -5 -2 -1 -4 0</v>
      <v>3 1 -2 -1 -4 -1 0 -3 -3 0 -2 -5 -2 -4 -1 0</v>
      <v>-3 -2 -2 -1 -4 -1 0 -6 -3 0 -5 -5 -2 -4 -1 0</v>
      <v>-3 -2 -2 -1 -4 -1 0 -3 -6 0 -2 -5 -5 -1 -4 0</v>
      <v>0 -5 -1 -4 -6 -2 0 -5 -4 -3 -1 -3 -2 -2 -1 0</v>
      <v>0 -4 -1 -5 -5 -2 0 -6 -3 0 -1 -4 -1 -2 -2 -3</v>
      <v>0 -2 -1 -1 -3 -2 0 -5 -4 -3 -4 -6 -2 -5 -1 0</v>
      <v>0 -1 -5 -2 -6 -4 -3 -4 -5 0 -2 -3 -1 -1 -2 0</v>
      <v>0 -1 -4 -2 -5 -5 0 -3 -6 0 -1 -4 -1 -2 -2 -3</v>
      <v>0 -1 -2 -2 -3 -1 -3 -4 -5 0 -2 -6 -4 -1 -5 0</v>
      <v>0 -4 -1 -2 -5 -2 0 -3 -3 0 2 -4 -1 4 -2 6</v>
      <v>0 -2 -1 -1 -3 -2 0 -5 -4 6 -4 -3 4 -2 2 0</v>
      <v>0 -2 2 -4 -3 4 0 -5 -4 6 -1 -3 -2 -2 -1 0</v>
      <v>0 -1 -4 -2 -5 -2 0 -3 -3 0 -1 -4 2 -2 4 6</v>
      <v>0 -1 -2 -2 -3 -1 6 -4 -5 0 4 -3 -4 2 -2 0</v>
      <v>0 2 -2 4 -3 -4 6 -4 -5 0 -2 -3 -1 -1 -2 0</v>
      <v>6 -2 4 -1 -4 2 0 -3 -3 0 -2 -5 -2 -1 -4 0</v>
      <v>6 4 -2 2 -4 -1 0 -3 -3 0 -2 -5 -2 -4 -1 0</v>
      <v>-6 -4 -4 -2 -8 -2 0 -12 -6 0 -10 -7 -4 -5 -2 0</v>
      <v>-6 -4 -4 -2 -8 -2 0 -6 -12 0 -4 -7 -10 -2 -5 0</v>
      <v>0 -10 -2 -5 -12 -4 0 -7 -8 -6 -2 -6 -4 -4 -2 0</v>
      <v>0 -5 -2 -10 -7 -4 0 -12 -6 0 -2 -8 -2 -4 -4 -6</v>
      <v>0 -4 -2 -2 -6 -4 0 -7 -8 -6 -5 -12 -4 -10 -2 0</v>
      <v>0 -2 -10 -4 -12 -5 -6 -8 -7 0 -4 -6 -2 -2 -4 0</v>
      <v>0 -2 -5 -4 -7 -10 0 -6 -12 0 -2 -8 -2 -4 -4 -6</v>
      <v>0 -2 -4 -4 -6 -2 -6 -8 -7 0 -4 -12 -5 -2 -10 0</v>
      <v>-3 -2 -2 -1 -4 -1 0 -3 -3 0 -2 -2 -2 -1 -1 0</v>
      <v>0 -2 -1 -1 -3 -2 0 -2 -4 -3 -1 -3 -2 -2 -1 0</v>
      <v>0 -1 -2 -2 -3 -1 -3 -4 -2 0 -2 -3 -1 -1 -2 0</v>
      <v>0 -1 -1 -2 -2 -2 0 -3 -3 0 -1 -4 -1 -2 -2 -3</v>
      <v>-3 -2 -2 -1 -4 -1 0 -3 -3 0 -2 -2 0 -1 0 0</v>
      <v>-3 -2 -2 -1 -4 -1 0 -3 -3 0 0 -2 -2 0 -1 0</v>
      <v>0 -2 -1 -1 -3 -2 0 -2 -4 -3 0 -3 -2 0 -1 0</v>
      <v>0 -1 -2 -2 -3 -1 -3 -4 -2 0 -2 -3 0 -1 0 0</v>
      <v>0 -1 0 -2 -3 0 -3 -4 -2 0 -2 -3 -1 -1 -2 0</v>
      <v>0 -1 0 -2 -2 0 0 -3 -3 0 -1 -4 -1 -2 -2 -3</v>
      <v>0 0 -1 0 -3 -2 0 -2 -4 -3 -1 -3 -2 -2 -1 0</v>
      <v>0 0 -1 0 -2 -2 0 -3 -3 0 -1 -4 -1 -2 -2 -3</v>
      <v>-3 -2 -2 -1 -3 -1 0 -3 -3 0 -2 -2 -2 -1 -1 0</v>
      <v>0 -2 -1 -1 -3 -2 0 -2 -3 -3 -1 -3 -2 -2 -1 0</v>
      <v>0 -1 -2 -2 -3 -1 -3 -3 -2 0 -2 -3 -1 -1 -2 0</v>
      <v>0 -1 -1 -2 -2 -2 0 -3 -3 0 -1 -3 -1 -2 -2 -3</v>
      <v>-3 -3 -2 -3 -3 -1 0 -3 -3 0 0 -2 -2 0 -1 0</v>
      <v>-3 -2 -3 -1 -3 -3 0 -3 -3 0 -2 -2 0 -1 0 0</v>
      <v>0 -3 0 -3 -3 0 -3 -3 -2 0 -2 -3 -1 -1 -2 0</v>
      <v>0 -2 -1 -1 -3 -2 0 -2 -3 -3 0 -3 -3 0 -3 0</v>
      <v>0 -1 -2 -2 -3 -1 -3 -3 -2 0 -3 -3 0 -3 0 0</v>
      <v>0 -1 0 -2 -2 0 0 -3 -3 0 -1 -3 -3 -2 -3 -3</v>
      <v>0 0 -3 0 -3 -3 0 -2 -3 -3 -1 -3 -2 -2 -1 0</v>
      <v>0 0 -1 0 -2 -2 0 -3 -3 0 -3 -3 -1 -3 -2 -3</v>
      <v>-3 -2 -2 -1 -3 -1 0 -3 -2 0 -2 -2 0 -1 0 0</v>
      <v>-3 -2 -2 -1 -3 -1 0 -2 -3 0 0 -2 -2 0 -1 0</v>
      <v>0 -2 -1 -1 -3 -2 0 -2 -3 -3 0 -2 -2 0 -1 0</v>
      <v>0 -1 -2 -2 -3 -1 -3 -3 -2 0 -2 -2 0 -1 0 0</v>
      <v>0 -1 0 -2 -2 0 -3 -3 -2 0 -2 -3 -1 -1 -2 0</v>
      <v>0 -1 0 -2 -2 0 0 -3 -2 0 -1 -3 -1 -2 -2 -3</v>
      <v>0 0 -1 0 -2 -2 0 -2 -3 -3 -1 -3 -2 -2 -1 0</v>
      <v>0 0 -1 0 -2 -2 0 -2 -3 0 -1 -3 -1 -2 -2 -3</v>
      <v>-6 -4 -4 -2 -5 -2 0 -6 -3 0 -4 -4 0 -2 0 0</v>
      <v>-6 -4 -4 -2 -5 -2 0 -3 -6 0 0 -4 -4 0 -2 0</v>
      <v>0 -4 -2 -2 -6 -4 0 -4 -5 -6 0 -3 -4 0 -2 0</v>
      <v>0 -2 -4 -4 -6 -2 -6 -5 -4 0 -4 -3 0 -2 0 0</v>
      <v>0 -2 0 -4 -4 0 0 -6 -3 0 -2 -5 -2 -4 -4 -6</v>
      <v>0 -2 0 -4 -3 0 -6 -5 -4 0 -4 -6 -2 -2 -4 0</v>
      <v>0 0 -2 0 -4 -4 0 -3 -6 0 -2 -5 -2 -4 -4 -6</v>
      <v>0 0 -2 0 -3 -4 0 -4 -5 -6 -2 -6 -4 -4 -2 0</v>
      <v>-3 -4 -4 -2 -5 -2 0 -6 -6 0 -4 -4 -4 -2 -2 0</v>
      <v>0 -4 -2 -2 -6 -4 0 -4 -5 -3 -2 -6 -4 -4 -2 0</v>
      <v>0 -2 -4 -4 -6 -2 -3 -5 -4 0 -4 -6 -2 -2 -4 0</v>
      <v>0 -2 -2 -4 -4 -4 0 -6 -6 0 -2 -5 -2 -4 -4 -3</v>
      <v>0 -2 -1 -1 -3 1 0 -2 -1 3 -1 -3 1 -2 -1 0</v>
      <v>0 -1 -2 1 -3 -1 3 -1 -2 0 1 -3 -1 -1 -2 0</v>
      <v>0 -1 -1 -2 -2 -2 0 -3 -3 0 -1 -1 -1 1 1 3</v>
      <v>3 1 1 -1 -1 -1 0 -3 -3 0 -2 -2 -2 -1 -1 0</v>
      <v>-3 -2 -2 -1 -2 -1 0 -2 -1 0 -2 -1 0 -1 0 0</v>
      <v>-3 -2 -2 -1 -2 -1 0 -1 -2 0 0 -1 -2 0 -1 0</v>
      <v>0 -2 -1 -1 -2 -2 0 -1 -2 -3 0 -1 -2 0 -1 0</v>
      <v>0 -1 -2 -2 -2 -1 -3 -2 -1 0 -2 -1 0 -1 0 0</v>
      <v>0 -1 0 -2 -1 0 -3 -2 -1 0 -2 -2 -1 -1 -2 0</v>
      <v>0 -1 0 -2 -1 0 0 -2 -1 0 -1 -2 -1 -2 -2 -3</v>
      <v>0 0 -1 0 -1 -2 0 -1 -2 -3 -1 -2 -2 -2 -1 0</v>
      <v>0 0 -1 0 -1 -2 0 -1 -2 0 -1 -2 -1 -2 -2 -3</v>
      <v>0 -4 0 -2 -4 0 0 -2 -4 0 0 -2 -1 0 -2 0</v>
      <v>0 -2 0 -4 -2 0 0 -4 -2 0 0 -4 -2 0 -1 0</v>
      <v>0 -2 0 -1 -2 0 0 -4 -2 0 0 -4 -2 0 -4 0</v>
      <v>0 -1 0 -2 -4 0 0 -2 -4 0 0 -2 -4 0 -2 0</v>
      <v>0 0 -4 0 -4 -2 0 -4 -2 0 -1 -2 0 -2 0 0</v>
      <v>0 0 -2 0 -2 -4 0 -2 -4 0 -2 -4 0 -1 0 0</v>
      <v>0 0 -2 0 -2 -1 0 -2 -4 0 -2 -4 0 -4 0 0</v>
      <v>0 0 -1 0 -4 -2 0 -4 -2 0 -4 -2 0 -2 0 0</v>
      <v>0 -2 0 -1 -2 0 0 -4 -2 0 0 -4 -2 0 -1 0</v>
      <v>0 -1 0 -2 -4 0 0 -2 -4 0 0 -2 -1 0 -2 0</v>
      <v>0 0 -2 0 -2 -1 0 -2 -4 0 -2 -4 0 -1 0 0</v>
      <v>0 0 -1 0 -4 -2 0 -4 -2 0 -1 -2 0 -2 0 0</v>
      <v>0 -2 0 -1 -2 0 0 -4 -2 0 0 -4 0 0 0 0</v>
      <v>0 -1 0 -2 -4 0 0 -2 -4 0 0 -2 0 0 0 0</v>
      <v>0 0 -2 0 -2 -1 0 -2 -4 0 0 -4 0 0 0 0</v>
      <v>0 0 -1 0 -4 -2 0 -4 -2 0 0 -2 0 0 0 0</v>
      <v>0 0 0 0 -4 0 0 -4 -2 0 -1 -2 0 -2 0 0</v>
      <v>0 0 0 0 -4 0 0 -2 -4 0 0 -2 -1 0 -2 0</v>
      <v>0 0 0 0 -2 0 0 -4 -2 0 0 -4 -2 0 -1 0</v>
      <v>0 0 0 0 -2 0 0 -2 -4 0 -2 -4 0 -1 0 0</v>
      <v>0 -2 0 -1 -2 0 0 -4 -2 0 0 -4 -2 0 2 6</v>
      <v>0 -2 0 2 -2 0 6 -4 -2 0 0 -4 -2 0 -1 0</v>
      <v>0 -1 0 -2 -4 0 0 -2 -4 6 0 -2 2 0 -2 0</v>
      <v>0 0 -2 0 -2 -1 0 -2 -4 0 -2 -4 0 2 0 6</v>
      <v>0 0 -2 0 -2 2 0 -2 -4 6 -2 -4 0 -1 0 0</v>
      <v>0 0 -1 0 -4 -2 6 -4 -2 0 2 -2 0 -2 0 0</v>
      <v>6 0 2 0 -4 -2 0 -4 -2 0 -1 -2 0 -2 0 0</v>
      <v>6 2 0 -2 -4 0 0 -2 -4 0 0 -2 -1 0 -2 0</v>
      <v>0 -2 0 -1 -2 0 0 -4 -2 0 0 -4 4 0 8 12</v>
      <v>0 -1 0 -2 -4 0 0 -2 -4 12 0 -2 8 0 4 0</v>
      <v>0 0 -2 0 -2 -1 0 -2 -4 0 4 -4 0 8 0 12</v>
      <v>0 0 -1 0 -4 -2 12 -4 -2 0 8 -2 0 4 0 0</v>
      <v>0 0 4 0 -2 8 0 -2 -4 12 -2 -4 0 -1 0 0</v>
      <v>0 4 0 8 -2 0 12 -4 -2 0 0 -4 -2 0 -1 0</v>
      <v>12 0 8 0 -4 4 0 -4 -2 0 -1 -2 0 -2 0 0</v>
      <v>12 8 0 4 -4 0 0 -2 -4 0 0 -2 -1 0 -2 0</v>
      <v>0 -2 0 -1 -2 0 0 -2 -2 0 0 -2 0 0 0 0</v>
      <v>0 -1 0 -2 -2 0 0 -2 -2 0 0 -2 0 0 0 0</v>
      <v>0 0 -2 0 -2 -1 0 -2 -2 0 0 -2 0 0 0 0</v>
      <v>0 0 -1 0 -2 -2 0 -2 -2 0 0 -2 0 0 0 0</v>
      <v>0 0 0 0 -2 0 0 -2 -2 0 -2 -2 0 -1 0 0</v>
      <v>0 0 0 0 -2 0 0 -2 -2 0 -1 -2 0 -2 0 0</v>
      <v>0 0 0 0 -2 0 0 -2 -2 0 0 -2 -2 0 -1 0</v>
      <v>0 0 0 0 -2 0 0 -2 -2 0 0 -2 -1 0 -2 0</v>
      <v>0 -2 0 -1 -2 0 0 -1 -2 0 0 -1 -2 0 -1 0</v>
      <v>0 -1 0 -2 -1 0 0 -2 -1 0 0 -2 -1 0 -2 0</v>
      <v>0 0 -2 0 -2 -1 0 -2 -1 0 -2 -1 0 -1 0 0</v>
      <v>0 0 -1 0 -1 -2 0 -1 -2 0 -1 -2 0 -2 0 0</v>
      <v>0 -2 0 -1 -2 0 0 -1 -2 0 0 -1 0 0 0 0</v>
      <v>0 -1 0 -2 -1 0 0 -2 -1 0 0 -2 0 0 0 0</v>
      <v>0 0 -2 0 -2 -1 0 -2 -1 0 0 -1 0 0 0 0</v>
      <v>0 0 -1 0 -1 -2 0 -1 -2 0 0 -2 0 0 0 0</v>
      <v>0 0 0 0 -2 0 0 -2 -1 0 -2 -1 0 -1 0 0</v>
      <v>0 0 0 0 -2 0 0 -1 -2 0 0 -1 -2 0 -1 0</v>
      <v>0 0 0 0 -1 0 0 -2 -1 0 0 -2 -1 0 -2 0</v>
      <v>0 0 0 0 -1 0 0 -1 -2 0 -1 -2 0 -2 0 0</v>
      <v>0 -8 0 -4 -8 0 0 -4 -5 0 0 -4 -2 0 -4 0</v>
      <v>0 -4 0 -8 -4 0 0 -8 -4 0 0 -5 -4 0 -2 0</v>
      <v>0 -4 0 -2 -4 0 0 -5 -4 0 0 -8 -4 0 -8 0</v>
      <v>0 -2 0 -4 -5 0 0 -4 -8 0 0 -4 -8 0 -4 0</v>
      <v>0 0 -8 0 -8 -4 0 -5 -4 0 -2 -4 0 -4 0 0</v>
      <v>0 0 -4 0 -4 -8 0 -4 -8 0 -4 -5 0 -2 0 0</v>
      <v>0 0 -4 0 -4 -2 0 -4 -5 0 -4 -8 0 -8 0 0</v>
      <v>0 0 -2 0 -5 -4 0 -8 -4 0 -8 -4 0 -4 0 0</v>
      <v>0 -2 0 -1 -2 0 0 -1 -1 0 0 -1 0 0 0 0</v>
      <v>0 -1 0 -2 -1 0 0 -2 -1 0 0 -1 0 0 0 0</v>
      <v>0 0 -2 0 -2 -1 0 -1 -1 0 0 -1 0 0 0 0</v>
      <v>0 0 -1 0 -1 -2 0 -1 -2 0 0 -1 0 0 0 0</v>
      <v>0 0 0 0 -1 0 0 -2 -1 0 -2 -1 0 -1 0 0</v>
      <v>0 0 0 0 -1 0 0 -1 -2 0 0 -1 -2 0 -1 0</v>
      <v>0 0 0 0 -1 0 0 -1 -1 0 -1 -2 0 -2 0 0</v>
      <v>0 0 0 0 -1 0 0 -1 -1 0 0 -2 -1 0 -2 0</v>
      <v>0 -2 0 -1 -2 0 0 -1 -1 0 0 -1 0 0 0 1</v>
      <v>0 -1 0 -2 -1 0 0 -2 -1 1 0 -1 0 0 0 0</v>
      <v>0 0 -2 0 -2 -1 0 -1 -1 0 0 -1 0 0 0 1</v>
      <v>0 0 -1 0 -1 -2 1 -1 -2 0 0 -1 0 0 0 0</v>
      <v>0 0 0 0 -1 0 0 -2 -1 1 -2 -1 0 -1 0 0</v>
      <v>0 0 0 0 -1 0 1 -1 -2 0 0 -1 -2 0 -1 0</v>
      <v>1 0 0 0 -1 0 0 -1 -1 0 -1 -2 0 -2 0 0</v>
      <v>1 0 0 0 -1 0 0 -1 -1 0 0 -2 -1 0 -2 0</v>
      <v>0 -2 0 -1 -2 0 0 -1 -1 0 0 -1 0 0 1 2</v>
      <v>0 -1 0 -2 -1 0 0 -2 -1 2 0 -1 1 0 0 0</v>
      <v>0 0 -2 0 -2 -1 0 -1 -1 0 0 -1 0 1 0 2</v>
      <v>0 0 -1 0 -1 -2 2 -1 -2 0 1 -1 0 0 0 0</v>
      <v>0 0 0 0 -1 1 0 -2 -1 2 -2 -1 0 -1 0 0</v>
      <v>0 0 0 1 -1 0 2 -1 -2 0 0 -1 -2 0 -1 0</v>
      <v>2 0 1 0 -1 0 0 -1 -1 0 -1 -2 0 -2 0 0</v>
      <v>2 1 0 0 -1 0 0 -1 -1 0 0 -2 -1 0 -2 0</v>
      <v>0 -2 0 -1 -2 0 0 -1 -2 0 0 -1 1 0 2 3</v>
      <v>0 -1 0 -2 -1 0 0 -2 -1 3 0 -2 2 0 1 0</v>
      <v>0 0 -2 0 -2 -1 0 -2 -1 0 1 -1 0 2 0 3</v>
      <v>0 0 -1 0 -1 -2 3 -1 -2 0 2 -2 0 1 0 0</v>
      <v>0 0 1 0 -2 2 0 -2 -1 3 -2 -1 0 -1 0 0</v>
      <v>0 1 0 2 -2 0 3 -1 -2 0 0 -1 -2 0 -1 0</v>
      <v>3 0 2 0 -1 1 0 -1 -2 0 -1 -2 0 -2 0 0</v>
      <v>3 2 0 1 -1 0 0 -2 -1 0 0 -2 -1 0 -2 0</v>
      <v>0 -2 0 -1 -2 0 0 -1 -1 0 0 -1 1 0 2 3</v>
      <v>0 -1 0 -2 -1 0 0 -2 -1 3 0 -1 2 0 1 0</v>
      <v>0 0 -2 0 -2 -1 0 -1 -1 0 1 -1 0 2 0 3</v>
      <v>0 0 -1 0 -1 -2 3 -1 -2 0 2 -1 0 1 0 0</v>
      <v>0 0 1 0 -1 2 0 -2 -1 3 -2 -1 0 -1 0 0</v>
      <v>0 1 0 2 -1 0 3 -1 -2 0 0 -1 -2 0 -1 0</v>
      <v>3 0 2 0 -1 1 0 -1 -1 0 -1 -2 0 -2 0 0</v>
      <v>3 2 0 1 -1 0 0 -1 -1 0 0 -2 -1 0 -2 0</v>
      <v>0 -10 0 -5 -10 0 0 -5 -4 0 0 -2 2 0 4 6</v>
      <v>0 -5 0 -10 -5 0 0 -10 -2 6 0 -4 4 0 2 0</v>
      <v>0 0 -10 0 -10 -5 0 -4 -5 0 2 -2 0 4 0 6</v>
      <v>0 0 -5 0 -5 -10 6 -2 -10 0 4 -4 0 2 0 0</v>
      <v>0 0 2 0 -4 4 0 -10 -2 6 -10 -5 0 -5 0 0</v>
      <v>0 2 0 4 -4 0 6 -2 -10 0 0 -5 -10 0 -5 0</v>
      <v>6 0 4 0 -2 2 0 -5 -4 0 -5 -10 0 -10 0 0</v>
      <v>6 4 0 2 -2 0 0 -4 -5 0 0 -10 -5 0 -10 0</v>
      <v>0 -2 0 -1 -2 0 0 -1 -1 0 0 -1 0 1 0 2</v>
      <v>0 -1 0 -2 -1 1 0 -2 -1 2 0 -1 0 0 0 0</v>
      <v>0 0 -2 0 -2 -1 0 -1 -1 0 0 -1 0 0 1 2</v>
      <v>0 0 -1 1 -1 -2 2 -1 -2 0 0 -1 0 0 0 0</v>
      <v>0 0 0 0 -1 0 0 -2 -1 2 -2 -1 1 -1 0 0</v>
      <v>0 0 0 0 -1 0 2 -1 -2 0 1 -1 -2 0 -1 0</v>
      <v>2 0 1 0 -1 0 0 -1 -1 0 0 -2 -1 0 -2 0</v>
      <v>2 1 0 0 -1 0 0 -1 -1 0 -1 -2 0 -2 0 0</v>
      <v>0 -4 0 -2 -4 0 0 -2 -4 0 0 -2 2 3 4 6</v>
      <v>0 -2 0 -4 -2 3 0 -4 -2 6 0 -4 4 0 2 0</v>
      <v>0 0 -4 0 -4 -2 0 -4 -2 0 2 -2 0 4 3 6</v>
      <v>0 0 -2 3 -2 -4 6 -2 -4 0 4 -4 0 2 0 0</v>
      <v>0 0 2 0 -4 4 0 -4 -2 6 -4 -2 3 -2 0 0</v>
      <v>0 2 0 4 -4 0 6 -2 -4 0 3 -2 -4 0 -2 0</v>
      <v>6 3 4 0 -2 2 0 -2 -4 0 -2 -4 0 -4 0 0</v>
      <v>6 4 3 2 -2 0 0 -4 -2 0 0 -4 -2 0 -4 0</v>
      <v>0 -4 0 -2 -4 0 0 -2 -1 0 0 1 2 3 4 6</v>
      <v>0 -2 0 -4 -2 3 0 -4 1 6 0 -1 4 0 2 0</v>
      <v>0 0 -4 0 -4 -2 0 -1 -2 0 2 1 0 4 3 6</v>
      <v>0 0 -2 3 -2 -4 6 1 -4 0 4 -1 0 2 0 0</v>
      <v>0 0 2 0 -1 4 0 -4 1 6 -4 -2 3 -2 0 0</v>
      <v>0 2 0 4 -1 0 6 1 -4 0 3 -2 -4 0 -2 0</v>
      <v>6 3 4 0 1 2 0 -2 -1 0 -2 -4 0 -4 0 0</v>
      <v>6 4 3 2 1 0 0 -1 -2 0 0 -4 -2 0 -4 0</v>
      <v>0 -2 0 -1 -2 0 0 -1 -2 0 0 -1 1 3 2 6</v>
      <v>0 -1 0 -2 -1 3 0 -2 -1 6 0 -2 2 0 1 0</v>
      <v>0 0 -2 0 -2 -1 0 -2 -1 0 1 -1 0 2 3 6</v>
      <v>0 0 -1 3 -1 -2 6 -1 -2 0 2 -2 0 1 0 0</v>
      <v>0 0 1 0 -2 2 0 -2 -1 6 -2 -1 3 -1 0 0</v>
      <v>0 1 0 2 -2 0 6 -1 -2 0 3 -1 -2 0 -1 0</v>
      <v>6 2 3 1 -1 0 0 -2 -1 0 0 -2 -1 0 -2 0</v>
      <v>6 3 2 0 -1 1 0 -1 -2 0 -1 -2 0 -2 0 0</v>
      <v>0 -2 0 -1 -2 0 0 -1 -2 0 0 2 4 6 8 12</v>
      <v>0 -1 0 -2 -1 6 0 -2 2 12 0 -2 8 0 4 0</v>
      <v>0 0 -2 0 -2 -1 0 -2 -1 0 4 2 0 8 6 12</v>
      <v>0 0 -1 6 -1 -2 12 2 -2 0 8 -2 0 4 0 0</v>
      <v>0 0 4 0 -2 8 0 -2 2 12 -2 -1 6 -1 0 0</v>
      <v>0 4 0 8 -2 0 12 2 -2 0 6 -1 -2 0 -1 0</v>
      <v>12 6 8 0 2 4 0 -1 -2 0 -1 -2 0 -2 0 0</v>
      <v>12 8 6 4 2 0 0 -2 -1 0 0 -2 -1 0 -2 0</v>
      <v>0 -5 0 -4 -5 0 0 -4 -2 0 0 -1 1 0 2 3</v>
      <v>0 -4 0 -5 -4 0 0 -5 -1 3 0 -2 2 0 1 0</v>
      <v>0 0 -5 0 -5 -4 0 -2 -4 0 1 -1 0 2 0 3</v>
      <v>0 0 -4 0 -4 -5 3 -1 -5 0 2 -2 0 1 0 0</v>
      <v>0 0 1 0 -2 2 0 -5 -1 3 -5 -4 0 -4 0 0</v>
      <v>0 1 0 2 -2 0 3 -1 -5 0 0 -4 -5 0 -4 0</v>
      <v>3 0 2 0 -1 1 0 -4 -2 0 -4 -5 0 -5 0 0</v>
      <v>3 2 0 1 -1 0 0 -2 -4 0 0 -5 -4 0 -5 0</v>
      <v>0 -1 0 -1 -1 0 0 -1 -1 0 0 -1 0 0 0 0</v>
      <v>0 0 -1 0 -1 -1 0 -1 -1 0 0 -1 0 0 0 0</v>
      <v>0 0 0 0 -1 0 0 -1 -1 0 -1 -1 0 -1 0 0</v>
      <v>0 0 0 0 -1 0 0 -1 -1 0 0 -1 -1 0 -1 0</v>
      <v>0 -2 0 -2 -2 0 0 -2 -1 0 0 -1 0 0 0 0</v>
      <v>0 0 -2 0 -2 -2 0 -1 -2 0 0 -1 0 0 0 0</v>
      <v>0 0 0 0 -1 0 0 -2 -1 0 -2 -2 0 -2 0 0</v>
      <v>0 0 0 0 -1 0 0 -1 -2 0 0 -2 -2 0 -2 0</v>
      <v>0 -2 0 -1 -2 0 0 -4 -2 6 0 -4 4 0 2 0</v>
      <v>0 -1 0 -2 -4 0 0 -2 -4 0 0 -2 2 0 4 6</v>
      <v>0 0 -2 0 -2 -1 6 -2 -4 0 4 -4 0 2 0 0</v>
      <v>0 0 -1 0 -4 -2 0 -4 -2 0 2 -2 0 4 0 6</v>
      <v>0 0 2 0 -4 4 0 -4 -2 6 -1 -2 0 -2 0 0</v>
      <v>0 2 0 4 -4 0 6 -2 -4 0 0 -2 -1 0 -2 0</v>
      <v>6 0 4 0 -2 2 0 -2 -4 0 -2 -4 0 -1 0 0</v>
      <v>6 4 0 2 -2 0 0 -4 -2 0 0 -4 -2 0 -1 0</v>
      <v>0 -2 0 -1 -2 0 0 -1 -2 3 0 -1 1 0 -1 0</v>
      <v>0 -1 0 -2 -1 0 0 -2 -1 0 0 -2 -1 0 1 3</v>
      <v>0 -1 0 1 -1 0 3 -2 -1 0 0 -2 -1 0 -2 0</v>
      <v>0 0 -2 0 -2 -1 3 -2 -1 0 1 -1 0 -1 0 0</v>
      <v>0 0 -1 0 -1 -2 0 -1 -2 0 -1 -2 0 1 0 3</v>
      <v>0 0 -1 0 -1 1 0 -1 -2 3 -1 -2 0 -2 0 0</v>
      <v>3 0 1 0 -2 -1 0 -2 -1 0 -2 -1 0 -1 0 0</v>
      <v>3 1 0 -1 -2 0 0 -1 -2 0 0 -1 -2 0 -1 0</v>
      <v>0 -2 0 -1 -2 0 0 -1 -2 6 0 -1 4 0 2 0</v>
      <v>0 -1 0 -2 -1 0 0 -2 -1 0 0 -2 2 0 4 6</v>
      <v>0 0 -2 0 -2 -1 6 -2 -1 0 4 -1 0 2 0 0</v>
      <v>0 0 -1 0 -1 -2 0 -1 -2 0 2 -2 0 4 0 6</v>
      <v>0 0 2 0 -1 4 0 -1 -2 6 -1 -2 0 -2 0 0</v>
      <v>0 2 0 4 -1 0 6 -2 -1 0 0 -2 -1 0 -2 0</v>
      <v>6 0 4 0 -2 2 0 -2 -1 0 -2 -1 0 -1 0 0</v>
      <v>6 4 0 2 -2 0 0 -1 -2 0 0 -1 -2 0 -1 0</v>
      <v>0 -2 0 -1 -2 0 0 -1 -1 1 0 -1 0 0 -1 0</v>
      <v>0 -1 0 -2 -1 0 0 -2 -1 0 0 -1 -1 0 0 1</v>
      <v>0 -1 0 0 -1 0 1 -1 -1 0 0 -2 -1 0 -2 0</v>
      <v>0 0 -2 0 -2 -1 1 -1 -1 0 0 -1 0 -1 0 0</v>
      <v>0 0 -1 0 -1 -2 0 -1 -2 0 -1 -1 0 0 0 1</v>
      <v>0 0 -1 0 -1 0 0 -1 -1 1 -1 -2 0 -2 0 0</v>
      <v>1 0 0 -1 -1 0 0 -1 -2 0 0 -1 -2 0 -1 0</v>
      <v>1 0 0 0 -1 -1 0 -2 -1 0 -2 -1 0 -1 0 0</v>
      <v>0 -4 0 -2 -4 0 0 -2 -1 3 0 -2 2 0 1 0</v>
      <v>0 -2 0 -4 -2 0 0 -4 -2 0 0 -1 1 0 2 3</v>
      <v>0 0 -4 0 -4 -2 3 -1 -2 0 2 -2 0 1 0 0</v>
      <v>0 0 -2 0 -2 -4 0 -2 -4 0 1 -1 0 2 0 3</v>
      <v>0 0 1 0 -2 2 0 -2 -1 3 -2 -4 0 -4 0 0</v>
      <v>0 1 0 2 -2 0 3 -1 -2 0 0 -4 -2 0 -4 0</v>
      <v>3 0 2 0 -1 1 0 -4 -2 0 -4 -2 0 -2 0 0</v>
      <v>3 2 0 1 -1 0 0 -2 -4 0 0 -2 -4 0 -2 0</v>
      <v>0 -4 0 -2 -4 3 0 -2 -1 6 0 -2 2 0 -2 0</v>
      <v>0 -2 0 -4 -2 0 0 -4 -2 0 0 -1 -2 3 2 6</v>
      <v>0 -2 0 2 -2 0 6 -1 -2 0 3 -4 -2 0 -4 0</v>
      <v>0 0 -4 3 -4 -2 6 -1 -2 0 2 -2 0 -2 0 0</v>
      <v>0 0 -2 0 -2 -4 0 -2 -4 0 -2 -1 0 2 3 6</v>
      <v>0 0 -2 0 -2 2 0 -2 -1 6 -2 -4 3 -4 0 0</v>
      <v>6 2 3 -2 -1 0 0 -2 -4 0 0 -2 -4 0 -2 0</v>
      <v>6 3 2 0 -1 -2 0 -4 -2 0 -4 -2 0 -2 0 0</v>
      <v>0 -2 0 -1 -2 3 0 -4 -2 6 0 -4 4 0 2 0</v>
      <v>0 -1 0 -2 -4 0 0 -2 -4 0 0 -2 2 3 4 6</v>
      <v>0 0 -2 3 -2 -1 6 -2 -4 0 4 -4 0 2 0 0</v>
      <v>0 0 -1 0 -4 -2 0 -4 -2 0 2 -2 0 4 3 6</v>
      <v>0 0 2 0 -4 4 0 -4 -2 6 -1 -2 3 -2 0 0</v>
      <v>0 2 0 4 -4 0 6 -2 -4 0 3 -2 -1 0 -2 0</v>
      <v>6 3 4 0 -2 2 0 -2 -4 0 -2 -4 0 -1 0 0</v>
      <v>6 4 3 2 -2 0 0 -4 -2 0 0 -4 -2 0 -1 0</v>
      <v>0 -2 0 -1 -2 3 0 -1 1 6 0 -1 4 0 2 0</v>
      <v>0 -1 0 -2 -1 0 0 -2 -1 0 0 1 2 3 4 6</v>
      <v>0 0 -2 3 -2 -1 6 1 -1 0 4 -1 0 2 0 0</v>
      <v>0 0 -1 0 -1 -2 0 -1 -2 0 2 1 0 4 3 6</v>
      <v>0 0 2 0 -1 4 0 -1 1 6 -1 -2 3 -2 0 0</v>
      <v>0 2 0 4 -1 0 6 1 -1 0 3 -2 -1 0 -2 0</v>
      <v>6 3 4 0 1 2 0 -2 -1 0 -2 -1 0 -1 0 0</v>
      <v>6 4 3 2 1 0 0 -1 -2 0 0 -1 -2 0 -1 0</v>
      <v>0 -2 0 -1 -2 6 0 -4 -2 12 0 -4 4 0 2 0</v>
      <v>0 -1 0 -2 -4 0 0 -2 -4 0 0 -2 2 6 4 12</v>
      <v>0 0 -2 6 -2 -1 12 -2 -4 0 4 -4 0 2 0 0</v>
      <v>0 0 -1 0 -4 -2 0 -4 -2 0 2 -2 0 4 6 12</v>
      <v>0 0 2 0 -4 4 0 -4 -2 12 -1 -2 6 -2 0 0</v>
      <v>0 2 0 4 -4 0 12 -2 -4 0 6 -2 -1 0 -2 0</v>
      <v>12 4 6 2 -2 0 0 -4 -2 0 0 -4 -2 0 -1 0</v>
      <v>12 6 4 0 -2 2 0 -2 -4 0 -2 -4 0 -1 0 0</v>
      <v>0 -4 1 -2 -3 2 0 -4 -2 3 -2 -3 2 -1 1 0</v>
      <v>0 -2 -2 -4 -4 -1 0 -3 -3 0 1 -2 1 2 2 3</v>
      <v>0 -2 -2 -1 -4 -4 0 -3 -3 0 1 -2 1 2 2 3</v>
      <v>0 -1 1 -2 -3 2 0 -4 -2 3 -2 -3 2 -4 1 0</v>
      <v>0 1 -4 2 -3 -2 3 -2 -4 0 2 -3 -2 1 -1 0</v>
      <v>0 1 -1 2 -3 -2 3 -2 -4 0 2 -3 -2 1 -4 0</v>
      <v>3 2 2 1 -2 1 0 -3 -3 0 -4 -4 -1 -2 -2 0</v>
      <v>3 2 2 1 -2 1 0 -3 -3 0 -1 -4 -4 -2 -2 0</v>
      <v>0 -4 -2 -2 -6 -4 0 -4 -2 0 1 0 2 2 4 6</v>
      <v>0 -4 2 -2 -2 4 0 -6 0 6 -4 -4 2 -2 1 0</v>
      <v>0 -2 -4 -4 -6 -2 0 -2 -4 0 2 0 1 4 2 6</v>
      <v>0 -2 1 -4 -4 2 0 -6 0 6 -2 -2 4 -4 2 0</v>
      <v>0 1 -2 2 -4 -4 6 0 -6 0 4 -2 -2 2 -4 0</v>
      <v>0 2 -4 4 -2 -2 6 0 -6 0 2 -4 -4 1 -2 0</v>
      <v>6 2 4 1 0 2 0 -4 -2 0 -2 -6 -4 -4 -2 0</v>
      <v>6 4 2 2 0 1 0 -2 -4 0 -4 -6 -2 -2 -4 0</v>
      <v>0 -2 -1 -1 -3 -2 0 -2 -1 0 1 0 1 2 2 3</v>
      <v>0 -2 1 -1 -1 2 0 -3 0 3 -2 -2 2 -1 1 0</v>
      <v>0 -1 -2 -2 -3 -1 0 -1 -2 0 1 0 1 2 2 3</v>
      <v>0 -1 1 -2 -2 2 0 -3 0 3 -1 -1 2 -2 1 0</v>
      <v>0 1 -2 2 -1 -1 3 0 -3 0 2 -2 -2 1 -1 0</v>
      <v>0 1 -1 2 -2 -2 3 0 -3 0 2 -1 -1 1 -2 0</v>
      <v>3 2 2 1 0 1 0 -2 -1 0 -1 -3 -2 -2 -1 0</v>
      <v>3 2 2 1 0 1 0 -1 -2 0 -2 -3 -1 -1 -2 0</v>
      <v>0 -2 -1 -1 -3 -2 0 -2 -1 0 2 0 1 4 2 6</v>
      <v>0 -2 1 -1 -1 2 0 -3 0 6 -2 -2 4 -1 2 0</v>
      <v>0 -1 -2 -2 -3 -1 0 -1 -2 0 1 0 2 2 4 6</v>
      <v>0 -1 2 -2 -2 4 0 -3 0 6 -1 -1 2 -2 1 0</v>
      <v>0 1 -2 2 -1 -1 6 0 -3 0 4 -2 -2 2 -1 0</v>
      <v>0 2 -1 4 -2 -2 6 0 -3 0 2 -1 -1 1 -2 0</v>
      <v>6 2 4 1 0 2 0 -1 -2 0 -2 -3 -1 -1 -2 0</v>
      <v>6 4 2 2 0 1 0 -2 -1 0 -1 -3 -2 -2 -1 0</v>
      <v>0 -4 -2 -2 -6 -4 0 -4 -2 0 4 0 2 8 7 12</v>
      <v>0 -4 2 -2 -2 7 0 -6 0 12 -4 -4 8 -2 4 0</v>
      <v>0 -2 -4 -4 -6 -2 0 -2 -4 0 2 0 4 7 8 12</v>
      <v>0 -2 4 -4 -4 8 0 -6 0 12 -2 -2 7 -4 2 0</v>
      <v>0 2 -4 7 -2 -2 12 0 -6 0 8 -4 -4 4 -2 0</v>
      <v>0 4 -2 8 -4 -4 12 0 -6 0 7 -2 -2 2 -4 0</v>
      <v>12 7 8 2 0 4 0 -2 -4 0 -4 -6 -2 -2 -4 0</v>
      <v>12 8 7 4 0 2 0 -4 -2 0 -2 -6 -4 -4 -2 0</v>
      <v>0 -2 -1 -1 -3 -2 0 -2 -1 0 2 0 1 4 5 9</v>
      <v>0 -2 1 -1 -1 5 0 -3 0 9 -2 -2 4 -1 2 0</v>
      <v>0 -1 -2 -2 -3 -1 0 -1 -2 0 1 0 2 5 4 9</v>
      <v>0 -1 2 -2 -2 4 0 -3 0 9 -1 -1 5 -2 1 0</v>
      <v>0 1 -2 5 -1 -1 9 0 -3 0 4 -2 -2 2 -1 0</v>
      <v>0 2 -1 4 -2 -2 9 0 -3 0 5 -1 -1 1 -2 0</v>
      <v>9 4 5 2 0 1 0 -2 -1 0 -1 -3 -2 -2 -1 0</v>
      <v>9 5 4 1 0 2 0 -1 -2 0 -2 -3 -1 -1 -2 0</v>
      <v>0 -8 0 -4 -8 0 0 -4 -2 0 3 2 4 6 8 12</v>
      <v>0 -4 3 -8 -4 6 0 -8 2 12 0 -2 8 0 4 0</v>
      <v>0 0 -8 0 -8 -4 0 -2 -4 0 4 2 3 8 6 12</v>
      <v>0 0 4 0 -2 8 0 -8 2 12 -8 -4 6 -4 3 0</v>
      <v>0 3 -4 6 -4 -8 12 2 -8 0 8 -2 0 4 0 0</v>
      <v>0 4 0 8 -2 0 12 2 -8 0 6 -4 -8 3 -4 0</v>
      <v>12 6 8 3 2 4 0 -4 -2 0 -4 -8 0 -8 0 0</v>
      <v>12 8 6 4 2 3 0 -2 -4 0 0 -8 -4 0 -8 0</v>
      <v>0 -2 -2 -1 -4 -1 0 -3 -3 0 1 -2 1 2 2 3</v>
      <v>0 -1 1 -2 -3 2 0 -4 -2 3 -2 -3 2 -1 1 0</v>
      <v>0 1 -1 2 -3 -2 3 -2 -4 0 2 -3 -2 1 -1 0</v>
      <v>3 2 2 1 -2 1 0 -3 -3 0 -1 -4 -1 -2 -2 0</v>
      <v>0 -4 -1 -2 -5 -2 0 -3 -3 0 2 -1 2 4 4 6</v>
      <v>0 -2 2 -4 -3 4 0 -5 -1 6 -1 -3 4 -2 2 0</v>
      <v>0 -2 2 -1 -3 4 0 -5 -1 6 -4 -3 4 -2 2 0</v>
      <v>0 -1 -4 -2 -5 -2 0 -3 -3 0 2 -1 2 4 4 6</v>
      <v>0 2 -2 4 -3 -4 6 -1 -5 0 4 -3 -1 2 -2 0</v>
      <v>0 2 -2 4 -3 -1 6 -1 -5 0 4 -3 -4 2 -2 0</v>
      <v>6 4 4 2 -1 2 0 -3 -3 0 -2 -5 -2 -4 -1 0</v>
      <v>6 4 4 2 -1 2 0 -3 -3 0 -2 -5 -2 -1 -4 0</v>
      <v>0 -2 0 -1 -2 0 0 -1 -2 0 1 -1 1 2 2 3</v>
      <v>0 -1 1 -2 -1 2 0 -2 -1 3 0 -2 2 0 1 0</v>
      <v>0 0 -2 0 -2 -1 0 -2 -1 0 1 -1 1 2 2 3</v>
      <v>0 0 1 0 -2 2 0 -2 -1 3 -2 -1 2 -1 1 0</v>
      <v>0 1 -1 2 -1 -2 3 -1 -2 0 2 -2 0 1 0 0</v>
      <v>0 1 0 2 -2 0 3 -1 -2 0 2 -1 -2 1 -1 0</v>
      <v>3 2 2 1 -1 1 0 -2 -1 0 0 -2 -1 0 -2 0</v>
      <v>3 2 2 1 -1 1 0 -1 -2 0 -1 -2 0 -2 0 0</v>
      <v>0 -2 0 -1 -2 0 0 -1 -1 0 1 0 1 2 2 3</v>
      <v>0 -1 1 -2 -1 2 0 -2 0 3 0 -1 2 0 1 0</v>
      <v>0 0 -2 0 -2 -1 0 -1 -1 0 1 0 1 2 2 3</v>
      <v>0 0 1 0 -1 2 0 -2 0 3 -2 -1 2 -1 1 0</v>
      <v>0 1 -1 2 -1 -2 3 0 -2 0 2 -1 0 1 0 0</v>
      <v>0 1 0 2 -1 0 3 0 -2 0 2 -1 -2 1 -1 0</v>
      <v>3 2 2 1 0 1 0 -1 -1 0 -1 -2 0 -2 0 0</v>
      <v>3 2 2 1 0 1 0 -1 -1 0 0 -2 -1 0 -2 0</v>
      <v>0 -4 0 -2 -4 0 0 -2 -1 0 2 1 2 4 4 6</v>
      <v>0 -2 2 -4 -2 4 0 -4 1 6 0 -1 4 0 2 0</v>
      <v>0 0 -4 0 -4 -2 0 -1 -2 0 2 1 2 4 4 6</v>
      <v>0 0 2 0 -1 4 0 -4 1 6 -4 -2 4 -2 2 0</v>
      <v>0 2 -2 4 -2 -4 6 1 -4 0 4 -1 0 2 0 0</v>
      <v>0 2 0 4 -1 0 6 1 -4 0 4 -2 -4 2 -2 0</v>
      <v>6 4 4 2 1 2 0 -2 -1 0 -2 -4 0 -4 0 0</v>
      <v>6 4 4 2 1 2 0 -1 -2 0 0 -4 -2 0 -4 0</v>
      <v>0 -2 -2 -1 -1 -1 0 0 0 0 1 1 1 2 2 3</v>
      <v>0 -1 1 -2 0 2 0 -1 1 3 -2 0 2 -1 1 0</v>
      <v>0 1 -1 2 0 -2 3 1 -1 0 2 0 -2 1 -1 0</v>
      <v>3 2 2 1 1 1 0 0 0 0 -1 -1 -1 -2 -2 0</v>
      <v>0 -4 -1 -2 -2 -2 0 0 0 0 2 2 2 4 4 6</v>
      <v>0 -2 2 -4 0 4 0 -2 2 6 -1 0 4 -2 2 0</v>
      <v>0 -2 2 -1 0 4 0 -2 2 6 -4 0 4 -2 2 0</v>
      <v>0 -1 -4 -2 -2 -2 0 0 0 0 2 2 2 4 4 6</v>
      <v>0 2 -2 4 0 -4 6 2 -2 0 4 0 -1 2 -2 0</v>
      <v>0 2 -2 4 0 -1 6 2 -2 0 4 0 -4 2 -2 0</v>
      <v>6 4 4 2 2 2 0 0 0 0 -2 -2 -2 -4 -1 0</v>
      <v>6 4 4 2 2 2 0 0 0 0 -2 -2 -2 -1 -4 0</v>
      <v>0 -2 0 -1 -1 0 0 0 0 0 1 1 1 2 2 3</v>
      <v>0 -1 1 -2 0 2 0 -1 1 3 0 0 2 0 1 0</v>
      <v>0 0 -2 0 -1 -1 0 0 0 0 1 1 1 2 2 3</v>
      <v>0 0 1 0 0 2 0 -1 1 3 -2 0 2 -1 1 0</v>
      <v>0 1 -1 2 0 -2 3 1 -1 0 2 0 0 1 0 0</v>
      <v>0 1 0 2 0 0 3 1 -1 0 2 0 -2 1 -1 0</v>
      <v>3 2 2 1 1 1 0 0 0 0 -1 -1 0 -2 0 0</v>
      <v>3 2 2 1 1 1 0 0 0 0 0 -1 -1 0 -2 0</v>
      <v>0 -1 0 -1 -1 0 0 0 0 0 1 1 1 2 2 3</v>
      <v>0 -1 1 -1 0 2 0 -1 1 3 0 0 2 0 1 0</v>
      <v>0 0 -1 0 -1 -1 0 0 0 0 1 1 1 2 2 3</v>
      <v>0 0 1 0 0 2 0 -1 1 3 -1 0 2 -1 1 0</v>
      <v>0 1 -1 2 0 -1 3 1 -1 0 2 0 0 1 0 0</v>
      <v>0 1 0 2 0 0 3 1 -1 0 2 0 -1 1 -1 0</v>
      <v>3 2 2 1 1 1 0 0 0 0 -1 -1 0 -1 0 0</v>
      <v>3 2 2 1 1 1 0 0 0 0 0 -1 -1 0 -1 0</v>
      <v>0 -2 2 -1 0 4 0 -2 2 6 -1 0 4 -2 2 0</v>
      <v>0 -1 -1 -2 -2 -2 0 0 0 0 2 2 2 4 4 6</v>
      <v>0 2 -2 4 0 -1 6 2 -2 0 4 0 -1 2 -2 0</v>
      <v>6 4 4 2 2 2 0 0 0 0 -2 -2 -2 -1 -1 0</v>
      <v>0 -4 4 -2 0 8 0 -4 4 12 -2 0 8 -1 4 0</v>
      <v>0 -2 -2 -4 -4 -1 0 0 0 0 4 4 4 8 8 12</v>
      <v>0 -2 -2 -1 -4 -4 0 0 0 0 4 4 4 8 8 12</v>
      <v>0 -1 4 -2 0 8 0 -4 4 12 -2 0 8 -4 4 0</v>
      <v>0 4 -4 8 0 -2 12 4 -4 0 8 0 -2 4 -1 0</v>
      <v>0 4 -1 8 0 -2 12 4 -4 0 8 0 -2 4 -4 0</v>
      <v>12 8 8 4 4 4 0 0 0 0 -4 -4 -1 -2 -2 0</v>
      <v>12 8 8 4 4 4 0 0 0 0 -1 -4 -4 -2 -2 0</v>
      <v>0 -2 2 -1 0 4 0 -2 2 6 0 0 4 0 2 0</v>
      <v>0 -1 0 -2 -2 0 0 0 0 0 2 2 2 4 4 6</v>
      <v>0 0 -1 0 -2 -2 0 0 0 0 2 2 2 4 4 6</v>
      <v>0 0 2 0 0 4 0 -2 2 6 -1 0 4 -2 2 0</v>
      <v>0 2 -2 4 0 -1 6 2 -2 0 4 0 0 2 0 0</v>
      <v>0 2 0 4 0 0 6 2 -2 0 4 0 -1 2 -2 0</v>
      <v>6 4 4 2 2 2 0 0 0 0 -2 -2 0 -1 0 0</v>
      <v>6 4 4 2 2 2 0 0 0 0 0 -2 -2 0 -1 0</v>
      <v>0 -2 3 -1 -2 6 0 -1 1 9 0 -1 4 0 -1 0</v>
      <v>0 -1 0 -2 -1 0 0 -2 -1 0 3 1 -1 6 4 9</v>
      <v>0 -1 0 4 -1 0 9 1 -1 0 6 -2 -1 3 -2 0</v>
      <v>0 0 -1 0 -1 -2 0 -1 -2 0 -1 1 3 4 6 9</v>
      <v>0 0 -1 0 -1 4 0 -1 1 9 -1 -2 6 -2 3 0</v>
      <v>0 3 -2 6 -2 -1 9 1 -1 0 4 -1 0 -1 0 0</v>
      <v>9 4 6 -1 1 3 0 -1 -2 0 0 -1 -2 0 -1 0</v>
      <v>9 6 4 3 1 -1 0 -2 -1 0 -2 -1 0 -1 0 0</v>
      <v>0 -2 0 -1 -2 0 0 0 0 0 2 2 2 4 4 6</v>
      <v>0 -1 2 -2 0 4 0 -2 2 6 0 0 4 0 2 0</v>
      <v>0 0 -2 0 -2 -1 0 0 0 0 2 2 2 4 4 6</v>
      <v>0 0 2 0 0 4 0 -2 2 6 -2 0 4 -1 2 0</v>
      <v>0 2 -1 4 0 -2 6 2 -2 0 4 0 0 2 0 0</v>
      <v>0 2 0 4 0 0 6 2 -2 0 4 0 -2 2 -1 0</v>
      <v>6 4 4 2 2 2 0 0 0 0 -1 -2 0 -2 0 0</v>
      <v>6 4 4 2 2 2 0 0 0 0 0 -2 -1 0 -2 0</v>
      <v>0 -2 0 -1 -2 0 0 -4 -2 0 6 2 -2 12 8 18</v>
      <v>0 -2 0 8 -2 0 18 2 -2 0 12 -4 -2 6 -1 0</v>
      <v>0 -1 6 -2 -4 12 0 -2 2 18 0 -2 8 0 -2 0</v>
      <v>0 0 -2 0 -2 -1 0 -2 -4 0 -2 2 6 8 12 18</v>
      <v>0 0 -2 0 -2 8 0 -2 2 18 -2 -4 12 -1 6 0</v>
      <v>0 6 -1 12 -4 -2 18 2 -2 0 8 -2 0 -2 0 0</v>
      <v>18 8 12 -2 2 6 0 -2 -4 0 0 -2 -1 0 -2 0</v>
      <v>18 12 8 6 2 -2 0 -4 -2 0 -1 -2 0 -2 0 0</v>
      <v>-3 -3 -2 -3 -3 -1 0 -3 -3 0 0 -3 0 0 0 0</v>
      <v>-3 -2 -3 -1 -3 -3 0 -3 -3 0 0 -3 0 0 0 0</v>
      <v>0 -3 0 -3 -3 0 -3 -3 -3 0 -2 -3 0 -1 0 0</v>
      <v>0 -1 0 -2 -3 0 -3 -3 -3 0 -3 -3 0 -3 0 0</v>
      <v>0 0 -3 0 -3 -3 0 -3 -3 -3 0 -3 -2 0 -1 0</v>
      <v>0 0 -1 0 -3 -2 0 -3 -3 -3 0 -3 -3 0 -3 0</v>
      <v>0 0 0 0 -3 0 0 -3 -3 0 -3 -3 -1 -3 -2 -3</v>
      <v>0 0 0 0 -3 0 0 -3 -3 0 -1 -3 -3 -2 -3 -3</v>
      <v>-6 -6 -4 -3 -6 -2 0 -6 -6 0 0 -6 0 0 0 0</v>
      <v>-6 -4 -6 -2 -6 -3 0 -6 -6 0 0 -6 0 0 0 0</v>
      <v>0 -3 0 -6 -6 0 -6 -6 -6 0 -4 -6 0 -2 0 0</v>
      <v>0 -2 0 -4 -6 0 -6 -6 -6 0 -6 -6 0 -3 0 0</v>
      <v>0 0 -3 0 -6 -6 0 -6 -6 -6 0 -6 -4 0 -2 0</v>
      <v>0 0 -2 0 -6 -4 0 -6 -6 -6 0 -6 -6 0 -3 0</v>
      <v>0 0 0 0 -6 0 0 -6 -6 0 -3 -6 -2 -6 -4 -6</v>
      <v>0 0 0 0 -6 0 0 -6 -6 0 -2 -6 -3 -4 -6 -6</v>
      <v>-3 -2 -2 -1 -3 -1 0 -3 -3 0 0 -3 0 0 0 0</v>
      <v>0 -1 0 -2 -3 0 -3 -3 -3 0 -2 -3 0 -1 0 0</v>
      <v>0 0 -1 0 -3 -2 0 -3 -3 -3 0 -3 -2 0 -1 0</v>
      <v>0 0 0 0 -3 0 0 -3 -3 0 -1 -3 -1 -2 -2 -3</v>
      <v>-3 -2 -2 -1 -4 -1 0 -3 -3 0 0 -2 0 0 0 0</v>
      <v>0 -1 0 -2 -3 0 -3 -4 -2 0 -2 -3 0 -1 0 0</v>
      <v>0 0 -1 0 -3 -2 0 -2 -4 -3 0 -3 -2 0 -1 0</v>
      <v>0 0 0 0 -2 0 0 -3 -3 0 -1 -4 -1 -2 -2 -3</v>
      <v>-3 -3 -2 -3 -3 -1 0 -3 -2 0 0 -2 0 0 0 0</v>
      <v>-3 -2 -3 -1 -3 -3 0 -2 -3 0 0 -2 0 0 0 0</v>
      <v>0 -3 0 -3 -3 0 -3 -3 -2 0 -2 -2 0 -1 0 0</v>
      <v>0 -1 0 -2 -2 0 -3 -3 -2 0 -3 -3 0 -3 0 0</v>
      <v>0 0 -3 0 -3 -3 0 -2 -3 -3 0 -2 -2 0 -1 0</v>
      <v>0 0 -1 0 -2 -2 0 -2 -3 -3 0 -3 -3 0 -3 0</v>
      <v>0 0 0 0 -2 0 0 -3 -2 0 -3 -3 -1 -3 -2 -3</v>
      <v>0 0 0 0 -2 0 0 -2 -3 0 -1 -3 -3 -2 -3 -3</v>
      <v>-3 -4 -2 -2 -3 -1 0 -2 -2 0 0 -2 0 0 0 0</v>
      <v>-3 -2 -4 -1 -3 -2 0 -2 -2 0 0 -2 0 0 0 0</v>
      <v>0 -2 0 -4 -2 0 -3 -3 -2 0 -2 -2 0 -1 0 0</v>
      <v>0 -1 0 -2 -2 0 -3 -3 -2 0 -4 -2 0 -2 0 0</v>
      <v>0 0 -2 0 -2 -4 0 -2 -3 -3 0 -2 -2 0 -1 0</v>
      <v>0 0 -1 0 -2 -2 0 -2 -3 -3 0 -2 -4 0 -2 0</v>
      <v>0 0 0 0 -2 0 0 -2 -2 0 -2 -3 -1 -4 -2 -3</v>
      <v>0 0 0 0 -2 0 0 -2 -2 0 -1 -3 -2 -2 -4 -3</v>
      <v>-2 -2 -2 -2 -2 -1 0 -2 -2 0 0 -2 0 0 0 0</v>
      <v>-2 -2 -2 -1 -2 -2 0 -2 -2 0 0 -2 0 0 0 0</v>
      <v>0 -2 0 -2 -2 0 -2 -2 -2 0 -2 -2 0 -1 0 0</v>
      <v>0 -1 0 -2 -2 0 -2 -2 -2 0 -2 -2 0 -2 0 0</v>
      <v>0 0 -2 0 -2 -2 0 -2 -2 -2 0 -2 -2 0 -1 0</v>
      <v>0 0 -1 0 -2 -2 0 -2 -2 -2 0 -2 -2 0 -2 0</v>
      <v>0 0 0 0 -2 0 0 -2 -2 0 -2 -2 -1 -2 -2 -2</v>
      <v>0 0 0 0 -2 0 0 -2 -2 0 -1 -2 -2 -2 -2 -2</v>
      <v>-2 -2 -2 -1 -2 -1 0 -2 -2 0 0 -2 0 0 0 0</v>
      <v>0 -1 0 -2 -2 0 -2 -2 -2 0 -2 -2 0 -1 0 0</v>
      <v>0 0 -1 0 -2 -2 0 -2 -2 -2 0 -2 -2 0 -1 0</v>
      <v>0 0 0 0 -2 0 0 -2 -2 0 -1 -2 -1 -2 -2 -2</v>
      <v>-3 -2 -2 -1 -2 -1 0 -2 -1 0 0 -1 0 0 0 0</v>
      <v>-3 -2 -2 -1 -2 -1 0 -1 -2 0 0 -1 0 0 0 0</v>
      <v>0 -1 0 -2 -2 0 -3 -2 -1 0 -2 -1 0 -1 0 0</v>
      <v>0 -1 0 -2 -1 0 -3 -2 -1 0 -2 -2 0 -1 0 0</v>
      <v>0 0 -1 0 -2 -2 0 -1 -2 -3 0 -1 -2 0 -1 0</v>
      <v>0 0 -1 0 -1 -2 0 -1 -2 -3 0 -2 -2 0 -1 0</v>
      <v>0 0 0 0 -1 0 0 -2 -1 0 -1 -2 -1 -2 -2 -3</v>
      <v>0 0 0 0 -1 0 0 -1 -2 0 -1 -2 -1 -2 -2 -3</v>
      <v>-9 -8 -6 -7 -8 -3 0 -7 -5 0 0 -4 0 0 0 0</v>
      <v>-9 -6 -8 -3 -8 -7 0 -5 -7 0 0 -4 0 0 0 0</v>
      <v>0 -7 0 -8 -7 0 -9 -8 -4 0 -6 -5 0 -3 0 0</v>
      <v>0 -3 0 -6 -5 0 -9 -8 -4 0 -8 -7 0 -7 0 0</v>
      <v>0 0 -7 0 -7 -8 0 -4 -8 -9 0 -5 -6 0 -3 0</v>
      <v>0 0 -3 0 -5 -6 0 -4 -8 -9 0 -7 -8 0 -7 0</v>
      <v>0 0 0 0 -4 0 0 -7 -5 0 -7 -8 -3 -8 -6 -9</v>
      <v>0 0 0 0 -4 0 0 -5 -7 0 -3 -8 -7 -6 -8 -9</v>
      <v>-6 -6 -4 -6 -6 -2 0 -6 -3 0 0 -3 0 0 0 0</v>
      <v>-6 -4 -6 -2 -6 -6 0 -3 -6 0 0 -3 0 0 0 0</v>
      <v>0 -6 0 -6 -6 0 -6 -6 -3 0 -4 -3 0 -2 0 0</v>
      <v>0 -2 0 -4 -3 0 -6 -6 -3 0 -6 -6 0 -6 0 0</v>
      <v>0 0 -6 0 -6 -6 0 -3 -6 -6 0 -3 -4 0 -2 0</v>
      <v>0 0 -2 0 -3 -4 0 -3 -6 -6 0 -6 -6 0 -6 0</v>
      <v>0 0 0 0 -3 0 0 -6 -3 0 -6 -6 -2 -6 -4 -6</v>
      <v>0 0 0 0 -3 0 0 -3 -6 0 -2 -6 -6 -4 -6 -6</v>
      <v>-12 -12 -8 -6 -9 -4 0 -6 -6 0 0 -6 0 0 0 0</v>
      <v>-12 -8 -12 -4 -9 -6 0 -6 -6 0 0 -6 0 0 0 0</v>
      <v>0 -6 0 -12 -6 0 -12 -9 -6 0 -8 -6 0 -4 0 0</v>
      <v>0 -4 0 -8 -6 0 -12 -9 -6 0 -12 -6 0 -6 0 0</v>
      <v>0 0 -6 0 -6 -12 0 -6 -9 -12 0 -6 -8 0 -4 0</v>
      <v>0 0 -4 0 -6 -8 0 -6 -9 -12 0 -6 -12 0 -6 0</v>
      <v>0 0 0 0 -6 0 0 -6 -6 0 -6 -9 -4 -12 -8 -12</v>
      <v>0 0 0 0 -6 0 0 -6 -6 0 -4 -9 -6 -8 -12 -12</v>
      <v>-9 -10 -6 -5 -7 -3 0 -5 -4 0 0 -5 0 0 0 0</v>
      <v>-9 -6 -10 -3 -7 -5 0 -4 -5 0 0 -5 0 0 0 0</v>
      <v>0 -5 0 -10 -5 0 -9 -7 -5 0 -6 -4 0 -3 0 0</v>
      <v>0 -3 0 -6 -4 0 -9 -7 -5 0 -10 -5 0 -5 0 0</v>
      <v>0 0 -5 0 -5 -10 0 -5 -7 -9 0 -4 -6 0 -3 0</v>
      <v>0 0 -3 0 -4 -6 0 -5 -7 -9 0 -5 -10 0 -5 0</v>
      <v>0 0 0 0 -5 0 0 -5 -4 0 -5 -7 -3 -10 -6 -9</v>
      <v>0 0 0 0 -5 0 0 -4 -5 0 -3 -7 -5 -6 -10 -9</v>
      <v>-8 -8 -6 -4 -6 -3 0 -4 -4 0 0 -4 0 0 0 0</v>
      <v>-8 -6 -8 -3 -6 -4 0 -4 -4 0 0 -4 0 0 0 0</v>
      <v>0 -4 0 -8 -4 0 -8 -6 -4 0 -6 -4 0 -3 0 0</v>
      <v>0 -3 0 -6 -4 0 -8 -6 -4 0 -8 -4 0 -4 0 0</v>
      <v>0 0 -4 0 -4 -8 0 -4 -6 -8 0 -4 -6 0 -3 0</v>
      <v>0 0 -3 0 -4 -6 0 -4 -6 -8 0 -4 -8 0 -4 0</v>
      <v>0 0 0 0 -4 0 0 -4 -4 0 -4 -6 -3 -8 -6 -8</v>
      <v>0 0 0 0 -4 0 0 -4 -4 0 -3 -6 -4 -6 -8 -8</v>
      <v>-6 -6 -4 -3 -4 -2 0 -4 -2 0 0 -2 0 0 0 0</v>
      <v>-6 -4 -6 -2 -4 -3 0 -2 -4 0 0 -2 0 0 0 0</v>
      <v>0 -3 0 -6 -4 0 -6 -4 -2 0 -4 -2 0 -2 0 0</v>
      <v>0 -2 0 -4 -2 0 -6 -4 -2 0 -6 -4 0 -3 0 0</v>
      <v>0 0 -3 0 -4 -6 0 -2 -4 -6 0 -2 -4 0 -2 0</v>
      <v>0 0 -2 0 -2 -4 0 -2 -4 -6 0 -4 -6 0 -3 0</v>
      <v>0 0 0 0 -2 0 0 -4 -2 0 -3 -4 -2 -6 -4 -6</v>
      <v>0 0 0 0 -2 0 0 -2 -4 0 -2 -4 -3 -4 -6 -6</v>
      <v>-3 -3 -2 -3 -2 -1 0 -2 -1 0 0 -1 0 0 0 0</v>
      <v>-3 -2 -3 -1 -2 -3 0 -1 -2 0 0 -1 0 0 0 0</v>
      <v>0 -3 0 -3 -2 0 -3 -2 -1 0 -2 -1 0 -1 0 0</v>
      <v>0 -1 0 -2 -1 0 -3 -2 -1 0 -3 -2 0 -3 0 0</v>
      <v>0 0 -3 0 -2 -3 0 -1 -2 -3 0 -1 -2 0 -1 0</v>
      <v>0 0 -1 0 -1 -2 0 -1 -2 -3 0 -2 -3 0 -3 0</v>
      <v>0 0 0 0 -1 0 0 -2 -1 0 -3 -2 -1 -3 -2 -3</v>
      <v>0 0 0 0 -1 0 0 -1 -2 0 -1 -2 -3 -2 -3 -3</v>
      <v>-3 -3 -2 -2 -2 -1 0 -2 -1 0 0 -1 0 0 0 0</v>
      <v>-3 -2 -3 -1 -2 -2 0 -1 -2 0 0 -1 0 0 0 0</v>
      <v>0 -2 0 -3 -2 0 -3 -2 -1 0 -2 -1 0 -1 0 0</v>
      <v>0 -1 0 -2 -1 0 -3 -2 -1 0 -3 -2 0 -2 0 0</v>
      <v>0 0 -2 0 -2 -3 0 -1 -2 -3 0 -1 -2 0 -1 0</v>
      <v>0 0 -1 0 -1 -2 0 -1 -2 -3 0 -2 -3 0 -2 0</v>
      <v>0 0 0 0 -1 0 0 -2 -1 0 -2 -2 -1 -3 -2 -3</v>
      <v>0 0 0 0 -1 0 0 -1 -2 0 -1 -2 -2 -2 -3 -3</v>
      <v>-6 -5 -4 -4 -4 -2 0 -4 -2 0 0 -2 0 0 0 0</v>
      <v>-6 -4 -5 -2 -4 -4 0 -2 -4 0 0 -2 0 0 0 0</v>
      <v>0 -4 0 -5 -4 0 -6 -4 -2 0 -4 -2 0 -2 0 0</v>
      <v>0 -2 0 -4 -2 0 -6 -4 -2 0 -5 -4 0 -4 0 0</v>
      <v>0 0 -4 0 -4 -5 0 -2 -4 -6 0 -2 -4 0 -2 0</v>
      <v>0 0 -2 0 -2 -4 0 -2 -4 -6 0 -4 -5 0 -4 0</v>
      <v>0 0 0 0 -2 0 0 -4 -2 0 -4 -4 -2 -5 -4 -6</v>
      <v>0 0 0 0 -2 0 0 -2 -4 0 -2 -4 -4 -4 -5 -6</v>
      <v>-6 -6 -4 -3 -4 -2 0 -3 -2 0 0 -2 0 0 0 0</v>
      <v>-6 -4 -6 -2 -4 -3 0 -2 -3 0 0 -2 0 0 0 0</v>
      <v>0 -3 0 -6 -3 0 -6 -4 -2 0 -4 -2 0 -2 0 0</v>
      <v>0 -2 0 -4 -2 0 -6 -4 -2 0 -6 -3 0 -3 0 0</v>
      <v>0 0 -3 0 -3 -6 0 -2 -4 -6 0 -2 -4 0 -2 0</v>
      <v>0 0 -2 0 -2 -4 0 -2 -4 -6 0 -3 -6 0 -3 0</v>
      <v>0 0 0 0 -2 0 0 -3 -2 0 -3 -4 -2 -6 -4 -6</v>
      <v>0 0 0 0 -2 0 0 -2 -3 0 -2 -4 -3 -4 -6 -6</v>
      <v>-3 -2 -2 -1 -2 -1 0 -1 -1 0 0 -1 0 0 0 0</v>
      <v>0 -1 0 -2 -1 0 -3 -2 -1 0 -2 -1 0 -1 0 0</v>
      <v>0 0 -1 0 -1 -2 0 -1 -2 -3 0 -1 -2 0 -1 0</v>
      <v>0 0 0 0 -1 0 0 -1 -1 0 -1 -2 -1 -2 -2 -3</v>
      <v>-2 -2 -2 -2 -2 -1 0 -2 -1 0 0 -1 0 0 0 0</v>
      <v>-2 -2 -2 -1 -2 -2 0 -1 -2 0 0 -1 0 0 0 0</v>
      <v>0 -2 0 -2 -2 0 -2 -2 -1 0 -2 -1 0 -1 0 0</v>
      <v>0 -1 0 -2 -1 0 -2 -2 -1 0 -2 -2 0 -2 0 0</v>
      <v>0 0 -2 0 -2 -2 0 -1 -2 -2 0 -1 -2 0 -1 0</v>
      <v>0 0 -1 0 -1 -2 0 -1 -2 -2 0 -2 -2 0 -2 0</v>
      <v>0 0 0 0 -1 0 0 -2 -1 0 -2 -2 -1 -2 -2 -2</v>
      <v>0 0 0 0 -1 0 0 -1 -2 0 -1 -2 -2 -2 -2 -2</v>
      <v>-2 -2 -2 -1 -2 -1 0 -1 -1 0 0 -1 0 0 0 0</v>
      <v>0 -1 0 -2 -1 0 -2 -2 -1 0 -2 -1 0 -1 0 0</v>
      <v>0 0 -1 0 -1 -2 0 -1 -2 -2 0 -1 -2 0 -1 0</v>
      <v>0 0 0 0 -1 0 0 -1 -1 0 -1 -2 -1 -2 -2 -2</v>
      <v>-1 -2 -1 -1 -2 -1 0 -1 -1 0 0 -1 0 0 0 0</v>
      <v>-1 -1 -2 -1 -2 -1 0 -1 -1 0 0 -1 0 0 0 0</v>
      <v>0 -1 0 -2 -1 0 -1 -2 -1 0 -1 -1 0 -1 0 0</v>
      <v>0 -1 0 -1 -1 0 -1 -2 -1 0 -2 -1 0 -1 0 0</v>
      <v>0 0 -1 0 -1 -2 0 -1 -2 -1 0 -1 -1 0 -1 0</v>
      <v>0 0 -1 0 -1 -1 0 -1 -2 -1 0 -1 -2 0 -1 0</v>
      <v>0 0 0 0 -1 0 0 -1 -1 0 -1 -2 -1 -2 -1 -1</v>
      <v>0 0 0 0 -1 0 0 -1 -1 0 -1 -2 -1 -1 -2 -1</v>
      <v>-7 -6 -6 -3 -5 -3 0 -3 -3 0 0 -3 0 0 0 0</v>
      <v>0 -3 0 -6 -3 0 -7 -5 -3 0 -6 -3 0 -3 0 0</v>
      <v>0 0 -3 0 -3 -6 0 -3 -5 -7 0 -3 -6 0 -3 0</v>
      <v>0 0 0 0 -3 0 0 -3 -3 0 -3 -5 -3 -6 -6 -7</v>
      <v>-4 -4 -3 -2 -3 -2 0 -2 -2 0 0 -2 0 0 0 0</v>
      <v>-4 -3 -4 -2 -3 -2 0 -2 -2 0 0 -2 0 0 0 0</v>
      <v>0 -2 0 -4 -2 0 -4 -3 -2 0 -3 -2 0 -2 0 0</v>
      <v>0 -2 0 -3 -2 0 -4 -3 -2 0 -4 -2 0 -2 0 0</v>
      <v>0 0 -2 0 -2 -4 0 -2 -3 -4 0 -2 -3 0 -2 0</v>
      <v>0 0 -2 0 -2 -3 0 -2 -3 -4 0 -2 -4 0 -2 0</v>
      <v>0 0 0 0 -2 0 0 -2 -2 0 -2 -3 -2 -4 -3 -4</v>
      <v>0 0 0 0 -2 0 0 -2 -2 0 -2 -3 -2 -3 -4 -4</v>
      <v>-4 -4 -3 -4 -4 -2 0 -4 -2 0 0 -2 0 0 0 0</v>
      <v>-4 -3 -4 -2 -4 -4 0 -2 -4 0 0 -2 0 0 0 0</v>
      <v>0 -4 0 -4 -4 0 -4 -4 -2 0 -3 -2 0 -2 0 0</v>
      <v>0 -2 0 -3 -2 0 -4 -4 -2 0 -4 -4 0 -4 0 0</v>
      <v>0 0 -4 0 -4 -4 0 -2 -4 -4 0 -2 -3 0 -2 0</v>
      <v>0 0 -2 0 -2 -3 0 -2 -4 -4 0 -4 -4 0 -4 0</v>
      <v>0 0 0 0 -2 0 0 -4 -2 0 -4 -4 -2 -4 -3 -4</v>
      <v>0 0 0 0 -2 0 0 -2 -4 0 -2 -4 -4 -3 -4 -4</v>
      <v>-5 -4 -4 -3 -4 -3 0 -3 -3 0 0 -2 0 0 0 0</v>
      <v>0 -3 0 -4 -3 0 -5 -4 -2 0 -4 -3 0 -3 0 0</v>
      <v>0 0 -3 0 -3 -4 0 -2 -4 -5 0 -3 -4 0 -3 0</v>
      <v>0 0 0 0 -2 0 0 -3 -3 0 -3 -4 -3 -4 -4 -5</v>
      <v>-1 -2 -1 -2 -2 -1 0 -2 -1 0 0 -1 0 0 0 0</v>
      <v>-1 -1 -2 -1 -2 -2 0 -1 -2 0 0 -1 0 0 0 0</v>
      <v>0 -2 0 -2 -2 0 -1 -2 -1 0 -1 -1 0 -1 0 0</v>
      <v>0 -1 0 -1 -1 0 -1 -2 -1 0 -2 -2 0 -2 0 0</v>
      <v>0 0 -2 0 -2 -2 0 -1 -2 -1 0 -1 -1 0 -1 0</v>
      <v>0 0 -1 0 -1 -1 0 -1 -2 -1 0 -2 -2 0 -2 0</v>
      <v>0 0 0 0 -1 0 0 -2 -1 0 -2 -2 -1 -2 -1 -1</v>
      <v>0 0 0 0 -1 0 0 -1 -2 0 -1 -2 -2 -1 -2 -1</v>
      <v>-2 -3 -2 -4 -3 -2 0 -4 -2 0 0 -2 0 0 0 0</v>
      <v>-2 -2 -3 -2 -3 -4 0 -2 -4 0 0 -2 0 0 0 0</v>
      <v>0 -4 0 -3 -4 0 -2 -3 -2 0 -2 -2 0 -2 0 0</v>
      <v>0 -2 0 -2 -2 0 -2 -3 -2 0 -3 -4 0 -4 0 0</v>
      <v>0 0 -4 0 -4 -3 0 -2 -3 -2 0 -2 -2 0 -2 0</v>
      <v>0 0 -2 0 -2 -2 0 -2 -3 -2 0 -4 -3 0 -4 0</v>
      <v>0 0 0 0 -2 0 0 -4 -2 0 -4 -3 -2 -3 -2 -2</v>
      <v>0 0 0 0 -2 0 0 -2 -4 0 -2 -3 -4 -2 -3 -2</v>
      <v>-1 -1 -1 -1 -1 -1 0 -1 -1 0 0 -1 0 0 0 0</v>
      <v>0 -1 0 -1 -1 0 -1 -1 -1 0 -1 -1 0 -1 0 0</v>
      <v>0 0 -1 0 -1 -1 0 -1 -1 -1 0 -1 -1 0 -1 0</v>
      <v>0 0 0 0 -1 0 0 -1 -1 0 -1 -1 -1 -1 -1 -1</v>
      <v>-3 -3 -3 -3 -3 -3 0 -3 -3 0 0 -2 0 0 0 0</v>
      <v>0 -3 0 -3 -3 0 -3 -3 -2 0 -3 -3 0 -3 0 0</v>
      <v>0 0 -3 0 -3 -3 0 -2 -3 -3 0 -3 -3 0 -3 0</v>
      <v>0 0 0 0 -2 0 0 -3 -3 0 -3 -3 -3 -3 -3 -3</v>
      <v>0 -1 0 0 -1 0 1 -1 -1 0 0 -1 0 0 0 0</v>
      <v>0 0 -1 0 -1 0 0 -1 -1 1 0 -1 0 0 0 0</v>
      <v>0 0 0 0 -1 0 0 -1 -1 0 -1 -1 0 0 0 1</v>
      <v>0 0 0 0 -1 0 0 -1 -1 0 0 -1 -1 0 0 1</v>
      <v>0 0 0 0 -1 0 0 -1 -1 1 0 -1 0 0 -1 0</v>
      <v>0 0 0 0 -1 0 1 -1 -1 0 0 -1 0 -1 0 0</v>
      <v>1 0 0 -1 -1 0 0 -1 -1 0 0 -1 0 0 0 0</v>
      <v>1 0 0 0 -1 -1 0 -1 -1 0 0 -1 0 0 0 0</v>
      <v>0 -1 0 1 -1 0 3 -2 -1 0 0 -2 0 0 0 0</v>
      <v>0 0 -1 0 -1 1 0 -1 -2 3 0 -2 0 0 0 0</v>
      <v>0 0 0 0 -2 0 0 -1 -2 3 0 -1 1 0 -1 0</v>
      <v>0 0 0 0 -2 0 3 -2 -1 0 1 -1 0 -1 0 0</v>
      <v>0 0 0 0 -1 0 0 -2 -1 0 0 -2 -1 0 1 3</v>
      <v>0 0 0 0 -1 0 0 -1 -2 0 -1 -2 0 1 0 3</v>
      <v>3 0 1 0 -2 -1 0 -2 -1 0 0 -1 0 0 0 0</v>
      <v>3 1 0 -1 -2 0 0 -1 -2 0 0 -1 0 0 0 0</v>
      <v>0 -2 1 -1 -1 2 0 -1 0 3 0 -1 1 0 -1 0</v>
      <v>0 -1 0 -2 -1 0 0 -1 -1 0 1 0 -1 2 1 3</v>
      <v>0 -1 0 1 -1 0 3 0 -1 0 2 -1 -1 1 -2 0</v>
      <v>0 0 -1 0 -1 -2 0 -1 -1 0 -1 0 1 1 2 3</v>
      <v>0 0 -1 0 -1 1 0 -1 0 3 -1 -1 2 -2 1 0</v>
      <v>0 1 -2 2 -1 -1 3 0 -1 0 1 -1 0 -1 0 0</v>
      <v>3 1 2 -1 0 1 0 -1 -1 0 0 -1 -2 0 -1 0</v>
      <v>3 2 1 1 0 -1 0 -1 -1 0 -2 -1 0 -1 0 0</v>
      <v>0 -1 0 1 -1 0 3 0 -1 0 2 -1 0 1 0 0</v>
      <v>0 0 -1 0 -1 1 0 -1 0 3 0 -1 2 0 1 0</v>
      <v>0 0 0 0 -1 0 0 -1 -1 0 -1 0 1 1 2 3</v>
      <v>0 0 0 0 -1 0 0 -1 -1 0 1 0 -1 2 1 3</v>
      <v>0 0 1 0 -1 2 0 -1 0 3 0 -1 1 0 -1 0</v>
      <v>0 1 0 2 -1 0 3 0 -1 0 1 -1 0 -1 0 0</v>
      <v>3 1 2 -1 0 1 0 -1 -1 0 0 -1 0 0 0 0</v>
      <v>3 2 1 1 0 -1 0 -1 -1 0 0 -1 0 0 0 0</v>
      <v>0 -1 0 4 -1 0 9 1 -1 0 6 -2 0 3 0 0</v>
      <v>0 0 -1 0 -1 4 0 -1 1 9 0 -2 6 0 3 0</v>
      <v>0 0 0 0 -1 0 0 -2 -1 0 3 1 -1 6 4 9</v>
      <v>0 0 0 0 -1 0 0 -1 -2 0 -1 1 3 4 6 9</v>
      <v>0 0 3 0 -2 6 0 -1 1 9 0 -1 4 0 -1 0</v>
      <v>0 3 0 6 -2 0 9 1 -1 0 4 -1 0 -1 0 0</v>
      <v>9 4 6 -1 1 3 0 -1 -2 0 0 -1 0 0 0 0</v>
      <v>9 6 4 3 1 -1 0 -2 -1 0 0 -1 0 0 0 0</v>
      <v>0 0 0 0 -2 0 0 -2 -1 0 0 -1 0 0 0 0</v>
      <v>0 0 0 0 -2 0 0 -1 -2 0 0 -1 0 0 0 0</v>
      <v>0 0 0 0 -1 0 0 -2 -1 0 0 -2 0 0 0 0</v>
      <v>0 0 0 0 -1 0 0 -1 -2 0 0 -2 0 0 0 0</v>
      <v>0 -2 0 -1 -2 0 0 -1 -1 0 1 -1 0 2 0 3</v>
      <v>0 -1 1 -2 -1 2 0 -2 -1 3 0 -1 0 0 0 0</v>
      <v>0 0 -2 0 -2 -1 0 -1 -1 0 0 -1 1 0 2 3</v>
      <v>0 0 0 0 -1 0 0 -2 -1 3 -2 -1 2 -1 1 0</v>
      <v>0 0 0 0 -1 0 3 -1 -2 0 2 -1 -2 1 -1 0</v>
      <v>0 1 -1 2 -1 -2 3 -1 -2 0 0 -1 0 0 0 0</v>
      <v>3 0 2 0 -1 1 0 -1 -1 0 0 -2 -1 0 -2 0</v>
      <v>3 2 0 1 -1 0 0 -1 -1 0 -1 -2 0 -2 0 0</v>
      <v>0 0 0 0 -2 0 0 -2 -1 0 1 -1 0 2 0 3</v>
      <v>0 0 0 0 -2 0 0 -1 -2 0 0 -1 1 0 2 3</v>
      <v>0 0 0 0 -1 0 0 -2 -1 3 0 -2 2 0 1 0</v>
      <v>0 0 0 0 -1 0 3 -1 -2 0 2 -2 0 1 0 0</v>
      <v>0 0 1 0 -2 2 0 -2 -1 3 0 -1 0 0 0 0</v>
      <v>0 1 0 2 -2 0 3 -1 -2 0 0 -1 0 0 0 0</v>
      <v>3 0 2 0 -1 1 0 -1 -2 0 0 -2 0 0 0 0</v>
      <v>3 2 0 1 -1 0 0 -2 -1 0 0 -2 0 0 0 0</v>
      <v>0 0 0 0 -1 0 0 -1 -1 0 0 -1 0 0 0 0</v>
      <v>0 0 0 0 -1 0 0 -1 -1 0 0 -1 0 0 0 1</v>
      <v>0 0 0 0 -1 0 0 -1 -1 1 0 -1 0 0 0 0</v>
      <v>0 0 0 0 -1 0 1 -1 -1 0 0 -1 0 0 0 0</v>
      <v>1 0 0 0 -1 0 0 -1 -1 0 0 -1 0 0 0 0</v>
      <v>0 0 0 0 -1 0 0 -1 -1 0 0 -1 0 0 1 2</v>
      <v>0 0 0 0 -1 0 0 -1 -1 0 0 -1 0 1 0 2</v>
      <v>0 0 0 0 -1 0 0 -1 -1 2 0 -1 1 0 0 0</v>
      <v>0 0 0 0 -1 0 2 -1 -1 0 1 -1 0 0 0 0</v>
      <v>0 0 0 0 -1 1 0 -1 -1 2 0 -1 0 0 0 0</v>
      <v>0 0 0 1 -1 0 2 -1 -1 0 0 -1 0 0 0 0</v>
      <v>2 0 1 0 -1 0 0 -1 -1 0 0 -1 0 0 0 0</v>
      <v>2 1 0 0 -1 0 0 -1 -1 0 0 -1 0 0 0 0</v>
      <v>0 0 0 0 -1 0 0 -1 -1 0 0 -1 1 0 2 3</v>
      <v>0 0 0 0 -1 0 0 -1 -1 0 1 -1 0 2 0 3</v>
      <v>0 0 0 0 -1 0 0 -1 -1 3 0 -1 2 0 1 0</v>
      <v>0 0 0 0 -1 0 3 -1 -1 0 2 -1 0 1 0 0</v>
      <v>0 0 1 0 -1 2 0 -1 -1 3 0 -1 0 0 0 0</v>
      <v>0 1 0 2 -1 0 3 -1 -1 0 0 -1 0 0 0 0</v>
      <v>3 0 2 0 -1 1 0 -1 -1 0 0 -1 0 0 0 0</v>
      <v>3 2 0 1 -1 0 0 -1 -1 0 0 -1 0 0 0 0</v>
      <v>0 0 0 0 -2 0 0 -1 -2 6 0 -1 4 0 2 0</v>
      <v>0 0 0 0 -2 0 6 -2 -1 0 4 -1 0 2 0 0</v>
      <v>0 0 0 0 -1 0 0 -2 -1 0 0 -2 2 0 4 6</v>
      <v>0 0 0 0 -1 0 0 -1 -2 0 2 -2 0 4 0 6</v>
      <v>0 0 2 0 -1 4 0 -1 -2 6 0 -2 0 0 0 0</v>
      <v>0 2 0 4 -1 0 6 -2 -1 0 0 -2 0 0 0 0</v>
      <v>6 0 4 0 -2 2 0 -2 -1 0 0 -1 0 0 0 0</v>
      <v>6 4 0 2 -2 0 0 -1 -2 0 0 -1 0 0 0 0</v>
      <v>0 0 0 0 0 0 0 0 0 0 0 0 0 0 0 1</v>
      <v>0 0 0 0 0 0 0 0 0 1 0 0 0 0 0 0</v>
      <v>0 0 0 0 0 0 1 0 0 0 0 0 0 0 0 0</v>
      <v>1 0 0 0 0 0 0 0 0 0 0 0 0 0 0 0</v>
      <v>0 0 0 0 0 0 0 0 0 0 0 0 0 0 1 2</v>
      <v>0 0 0 0 0 0 0 0 0 0 0 0 0 1 0 2</v>
      <v>0 0 0 0 0 0 0 0 0 2 0 0 1 0 0 0</v>
      <v>0 0 0 0 0 0 2 0 0 0 1 0 0 0 0 0</v>
      <v>0 0 0 0 0 1 0 0 0 2 0 0 0 0 0 0</v>
      <v>0 0 0 1 0 0 2 0 0 0 0 0 0 0 0 0</v>
      <v>2 0 1 0 0 0 0 0 0 0 0 0 0 0 0 0</v>
      <v>2 1 0 0 0 0 0 0 0 0 0 0 0 0 0 0</v>
      <v>0 0 0 0 0 0 0 0 0 0 0 0 1 0 2 3</v>
      <v>0 0 0 0 0 0 0 0 0 0 1 0 0 2 0 3</v>
      <v>0 0 0 0 0 0 0 0 0 3 0 0 2 0 1 0</v>
      <v>0 0 0 0 0 0 3 0 0 0 2 0 0 1 0 0</v>
      <v>0 0 1 0 0 2 0 0 0 3 0 0 0 0 0 0</v>
      <v>0 1 0 2 0 0 3 0 0 0 0 0 0 0 0 0</v>
      <v>3 0 2 0 0 1 0 0 0 0 0 0 0 0 0 0</v>
      <v>3 2 0 1 0 0 0 0 0 0 0 0 0 0 0 0</v>
      <v>0 0 0 0 0 0 0 0 0 0 0 0 0 1 1 2</v>
      <v>0 0 0 0 0 1 0 0 0 2 0 0 1 0 0 0</v>
      <v>0 0 0 1 0 0 2 0 0 0 1 0 0 0 0 0</v>
      <v>2 1 1 0 0 0 0 0 0 0 0 0 0 0 0 0</v>
      <v>0 0 0 0 0 0 0 0 0 0 0 0 1 2 2 4</v>
      <v>0 0 0 0 0 0 0 0 0 0 1 0 0 2 2 4</v>
      <v>0 0 0 0 0 2 0 0 0 4 0 0 2 0 1 0</v>
      <v>0 0 0 2 0 0 4 0 0 0 2 0 0 1 0 0</v>
      <v>0 0 1 0 0 2 0 0 0 4 0 0 2 0 0 0</v>
      <v>0 1 0 2 0 0 4 0 0 0 2 0 0 0 0 0</v>
      <v>4 2 2 0 0 1 0 0 0 0 0 0 0 0 0 0</v>
      <v>4 2 2 1 0 0 0 0 0 0 0 0 0 0 0 0</v>
      <v>0 0 0 0 0 0 0 0 0 0 0 0 2 3 4 6</v>
      <v>0 0 0 0 0 0 0 0 0 0 2 0 0 4 3 6</v>
      <v>0 0 0 0 0 3 0 0 0 6 0 0 4 0 2 0</v>
      <v>0 0 0 3 0 0 6 0 0 0 4 0 0 2 0 0</v>
      <v>0 0 2 0 0 4 0 0 0 6 0 0 3 0 0 0</v>
      <v>0 2 0 4 0 0 6 0 0 0 3 0 0 0 0 0</v>
      <v>6 3 4 0 0 2 0 0 0 0 0 0 0 0 0 0</v>
      <v>6 4 3 2 0 0 0 0 0 0 0 0 0 0 0 0</v>
      <v>0 0 0 0 0 0 0 0 0 0 0 0 1 1 2 3</v>
      <v>0 0 0 0 0 0 0 0 0 0 1 0 0 2 1 3</v>
      <v>0 0 0 0 0 1 0 0 0 3 0 0 2 0 1 0</v>
      <v>0 0 0 1 0 0 3 0 0 0 2 0 0 1 0 0</v>
      <v>0 0 1 0 0 2 0 0 0 3 0 0 1 0 0 0</v>
      <v>0 1 0 2 0 0 3 0 0 0 1 0 0 0 0 0</v>
      <v>3 1 2 0 0 1 0 0 0 0 0 0 0 0 0 0</v>
      <v>3 2 1 1 0 0 0 0 0 0 0 0 0 0 0 0</v>
      <v>0 -2 2 -1 -2 4 0 -4 -2 6 0 -4 4 0 2 0</v>
      <v>0 -1 0 -2 -4 0 0 -2 -4 0 2 -2 2 4 4 6</v>
      <v>0 0 -1 0 -4 -2 0 -4 -2 0 2 -2 2 4 4 6</v>
      <v>0 0 2 0 -4 4 0 -4 -2 6 -1 -2 4 -2 2 0</v>
      <v>0 2 -2 4 -2 -1 6 -2 -4 0 4 -4 0 2 0 0</v>
      <v>0 2 0 4 -4 0 6 -2 -4 0 4 -2 -1 2 -2 0</v>
      <v>6 4 4 2 -2 2 0 -4 -2 0 0 -4 -2 0 -1 0</v>
      <v>6 4 4 2 -2 2 0 -2 -4 0 -2 -4 0 -1 0 0</v>
      <v>0 0 0 0 -4 0 0 -4 -2 0 2 -2 0 4 3 6</v>
      <v>0 0 0 0 -4 0 0 -2 -4 0 0 -2 2 3 4 6</v>
      <v>0 0 0 0 -2 3 0 -4 -2 6 0 -4 4 0 2 0</v>
      <v>0 0 0 3 -2 0 6 -2 -4 0 4 -4 0 2 0 0</v>
      <v>0 0 2 0 -4 4 0 -4 -2 6 0 -2 3 0 0 0</v>
      <v>0 2 0 4 -4 0 6 -2 -4 0 3 -2 0 0 0 0</v>
      <v>6 3 4 0 -2 2 0 -2 -4 0 0 -4 0 0 0 0</v>
      <v>6 4 3 2 -2 0 0 -4 -2 0 0 -4 0 0 0 0</v>
      <v>0 0 0 0 -2 0 0 -2 -1 0 1 -1 1 2 2 3</v>
      <v>0 0 0 0 -2 0 0 -1 -2 0 1 -1 1 2 2 3</v>
      <v>0 0 1 0 -2 2 0 -2 -1 3 0 -1 2 0 1 0</v>
      <v>0 0 1 0 -1 2 0 -2 -1 3 0 -2 2 0 1 0</v>
      <v>0 1 0 2 -2 0 3 -1 -2 0 2 -1 0 1 0 0</v>
      <v>0 1 0 2 -1 0 3 -1 -2 0 2 -2 0 1 0 0</v>
      <v>3 2 2 1 -1 1 0 -2 -1 0 0 -2 0 0 0 0</v>
      <v>3 2 2 1 -1 1 0 -1 -2 0 0 -2 0 0 0 0</v>
      <v>0 0 0 0 -2 0 0 -2 -1 0 1 -1 0 2 3 6</v>
      <v>0 0 0 0 -2 0 0 -1 -2 0 0 -1 1 3 2 6</v>
      <v>0 0 0 0 -1 3 0 -2 -1 6 0 -2 2 0 1 0</v>
      <v>0 0 0 3 -1 0 6 -1 -2 0 2 -2 0 1 0 0</v>
      <v>0 0 1 0 -2 2 0 -2 -1 6 0 -1 3 0 0 0</v>
      <v>0 1 0 2 -2 0 6 -1 -2 0 3 -1 0 0 0 0</v>
      <v>6 2 3 1 -1 0 0 -2 -1 0 0 -2 0 0 0 0</v>
      <v>6 3 2 0 -1 1 0 -1 -2 0 0 -2 0 0 0 0</v>
      <v>0 -2 0 -1 -2 0 0 -1 -2 0 3 -1 1 6 2 9</v>
      <v>0 -1 3 -2 -1 6 0 -2 -1 9 0 -2 2 0 1 0</v>
      <v>0 0 -2 0 -2 -1 0 -2 -1 0 1 -1 3 2 6 9</v>
      <v>0 0 1 0 -2 2 0 -2 -1 9 -2 -1 6 -1 3 0</v>
      <v>0 1 0 2 -2 0 9 -1 -2 0 6 -1 -2 3 -1 0</v>
      <v>0 3 -1 6 -1 -2 9 -1 -2 0 2 -2 0 1 0 0</v>
      <v>9 2 6 1 -1 3 0 -2 -1 0 0 -2 -1 0 -2 0</v>
      <v>9 6 2 3 -1 1 0 -1 -2 0 -1 -2 0 -2 0 0</v>
      <v>0 -2 6 -1 -2 12 0 -4 -2 18 0 -4 4 0 2 0</v>
      <v>0 -1 0 -2 -4 0 0 -2 -4 0 6 -2 2 12 4 18</v>
      <v>0 0 -1 0 -4 -2 0 -4 -2 0 2 -2 6 4 12 18</v>
      <v>0 0 2 0 -4 4 0 -4 -2 18 -1 -2 12 -2 6 0</v>
      <v>0 2 0 4 -4 0 18 -2 -4 0 12 -2 -1 6 -2 0</v>
      <v>0 6 -2 12 -2 -1 18 -2 -4 0 4 -4 0 2 0 0</v>
      <v>18 4 12 2 -2 6 0 -4 -2 0 0 -4 -2 0 -1 0</v>
      <v>18 12 4 6 -2 2 0 -2 -4 0 -2 -4 0 -1 0 0</v>
      <v>0 0 0 0 -2 0 0 -2 -1 0 1 -1 3 2 6 9</v>
      <v>0 0 0 0 -2 0 0 -1 -2 0 3 -1 1 6 2 9</v>
      <v>0 0 1 0 -2 2 0 -2 -1 9 0 -1 6 0 3 0</v>
      <v>0 0 3 0 -1 6 0 -2 -1 9 0 -2 2 0 1 0</v>
      <v>0 1 0 2 -2 0 9 -1 -2 0 6 -1 0 3 0 0</v>
      <v>0 3 0 6 -1 0 9 -1 -2 0 2 -2 0 1 0 0</v>
      <v>9 2 6 1 -1 3 0 -2 -1 0 0 -2 0 0 0 0</v>
      <v>9 6 2 3 -1 1 0 -1 -2 0 0 -2 0 0 0 0</v>
      <v>0 -4 3 -2 -1 6 0 -2 2 9 0 -2 5 0 1 0</v>
      <v>0 -2 0 -4 -2 0 0 -1 -2 0 3 2 1 6 5 9</v>
      <v>0 0 -2 0 -2 -4 0 -2 -1 0 1 2 3 5 6 9</v>
      <v>0 0 1 0 -2 5 0 -2 2 9 -2 -1 6 -4 3 0</v>
      <v>0 1 0 5 -2 0 9 2 -2 0 6 -1 -2 3 -4 0</v>
      <v>0 3 -4 6 -1 -2 9 2 -2 0 5 -2 0 1 0 0</v>
      <v>9 5 6 1 2 3 0 -2 -1 0 0 -2 -4 0 -2 0</v>
      <v>9 6 5 3 2 1 0 -1 -2 0 -4 -2 0 -2 0 0</v>
      <v>0 -2 1 -1 -1 2 0 -1 0 3 0 -1 2 0 1 0</v>
      <v>0 -1 0 -2 -1 0 0 -1 -1 0 1 0 1 2 2 3</v>
      <v>0 0 -1 0 -1 -2 0 -1 -1 0 1 0 1 2 2 3</v>
      <v>0 0 1 0 -1 2 0 -1 0 3 -1 -1 2 -2 1 0</v>
      <v>0 1 -2 2 -1 -1 3 0 -1 0 2 -1 0 1 0 0</v>
      <v>0 1 0 2 -1 0 3 0 -1 0 2 -1 -1 1 -2 0</v>
      <v>3 2 2 1 0 1 0 -1 -1 0 -2 -1 0 -1 0 0</v>
      <v>3 2 2 1 0 1 0 -1 -1 0 0 -1 -2 0 -1 0</v>
      <v>0 -8 6 -4 -2 12 0 -4 4 18 0 -4 10 0 5 0</v>
      <v>0 -4 0 -8 -4 0 0 -2 -4 0 6 4 5 12 10 18</v>
      <v>0 0 -4 0 -4 -8 0 -4 -2 0 5 4 6 10 12 18</v>
      <v>0 0 5 0 -4 10 0 -4 4 18 -4 -2 12 -8 6 0</v>
      <v>0 5 0 10 -4 0 18 4 -4 0 12 -2 -4 6 -8 0</v>
      <v>0 6 -8 12 -2 -4 18 4 -4 0 10 -4 0 5 0 0</v>
      <v>18 10 12 5 4 6 0 -4 -2 0 0 -4 -8 0 -4 0</v>
      <v>18 12 10 6 4 5 0 -2 -4 0 -8 -4 0 -4 0 0</v>
      <v>0 -4 3 -2 -1 6 0 -2 2 9 0 -2 6 0 3 0</v>
      <v>0 -2 0 -4 -2 0 0 -1 -2 0 3 2 3 6 6 9</v>
      <v>0 0 -2 0 -2 -4 0 -2 -1 0 3 2 3 6 6 9</v>
      <v>0 0 3 0 -2 6 0 -2 2 9 -2 -1 6 -4 3 0</v>
      <v>0 3 -4 6 -1 -2 9 2 -2 0 6 -2 0 3 0 0</v>
      <v>0 3 0 6 -2 0 9 2 -2 0 6 -1 -2 3 -4 0</v>
      <v>9 6 6 3 2 3 0 -2 -1 0 0 -2 -4 0 -2 0</v>
      <v>9 6 6 3 2 3 0 -1 -2 0 -4 -2 0 -2 0 0</v>
      <v>0 -4 0 -2 -4 0 0 -2 -1 0 3 1 2 6 4 9</v>
      <v>0 -2 3 -4 -2 6 0 -4 1 9 0 -1 4 0 2 0</v>
      <v>0 0 -4 0 -4 -2 0 -1 -2 0 2 1 3 4 6 9</v>
      <v>0 0 2 0 -1 4 0 -4 1 9 -4 -2 6 -2 3 0</v>
      <v>0 2 0 4 -1 0 9 1 -4 0 6 -2 -4 3 -2 0</v>
      <v>0 3 -2 6 -2 -4 9 1 -4 0 4 -1 0 2 0 0</v>
      <v>9 4 6 2 1 3 0 -1 -2 0 0 -4 -2 0 -4 0</v>
      <v>9 6 4 3 1 2 0 -2 -1 0 -2 -4 0 -4 0 0</v>
      <v>0 -4 3 -2 -1 6 0 -2 2 12 0 -2 8 0 4 0</v>
      <v>0 -2 0 -4 -2 0 0 -1 -2 0 3 2 4 6 8 12</v>
      <v>0 0 -2 0 -2 -4 0 -2 -1 0 4 2 3 8 6 12</v>
      <v>0 0 4 0 -2 8 0 -2 2 12 -2 -1 6 -4 3 0</v>
      <v>0 3 -4 6 -1 -2 12 2 -2 0 8 -2 0 4 0 0</v>
      <v>0 4 0 8 -2 0 12 2 -2 0 6 -1 -2 3 -4 0</v>
      <v>12 6 8 3 2 4 0 -1 -2 0 -4 -2 0 -2 0 0</v>
      <v>12 8 6 4 2 3 0 -2 -1 0 0 -2 -4 0 -2 0</v>
      <v>0 -8 6 -4 -2 15 0 -4 4 24 0 -4 16 0 8 0</v>
      <v>0 -4 0 -8 -4 0 0 -2 -4 0 6 4 8 15 16 24</v>
      <v>0 0 -4 0 -4 -8 0 -4 -2 0 8 4 6 16 15 24</v>
      <v>0 0 8 0 -4 16 0 -4 4 24 -4 -2 15 -8 6 0</v>
      <v>0 6 -8 15 -2 -4 24 4 -4 0 16 -4 0 8 0 0</v>
      <v>0 8 0 16 -4 0 24 4 -4 0 15 -2 -4 6 -8 0</v>
      <v>24 15 16 6 4 8 0 -2 -4 0 -8 -4 0 -4 0 0</v>
      <v>24 16 15 8 4 6 0 -4 -2 0 0 -4 -8 0 -4 0</v>
      <v>0 -2 0 -1 -2 12 0 -4 4 24 0 -4 16 0 8 0</v>
      <v>0 -1 0 -2 -4 0 0 -2 -4 0 0 4 8 12 16 24</v>
      <v>0 0 -2 12 -2 -1 24 4 -4 0 16 -4 0 8 0 0</v>
      <v>0 0 -1 0 -4 -2 0 -4 -2 0 8 4 0 16 12 24</v>
      <v>0 0 8 0 -4 16 0 -4 4 24 -1 -2 12 -2 0 0</v>
      <v>0 8 0 16 -4 0 24 4 -4 0 12 -2 -1 0 -2 0</v>
      <v>24 12 16 0 4 8 0 -2 -4 0 -2 -4 0 -1 0 0</v>
      <v>24 16 12 8 4 0 0 -4 -2 0 0 -4 -2 0 -1 0</v>
      <v>0 -4 3 -2 -1 9 0 -2 2 15 0 -2 8 0 4 0</v>
      <v>0 -2 0 -4 -2 0 0 -1 -2 0 3 2 4 9 8 15</v>
      <v>0 0 -2 0 -2 -4 0 -2 -1 0 4 2 3 8 9 15</v>
      <v>0 0 4 0 -2 8 0 -2 2 15 -2 -1 9 -4 3 0</v>
      <v>0 3 -4 9 -1 -2 15 2 -2 0 8 -2 0 4 0 0</v>
      <v>0 4 0 8 -2 0 15 2 -2 0 9 -1 -2 3 -4 0</v>
      <v>15 8 9 4 2 3 0 -2 -1 0 0 -2 -4 0 -2 0</v>
      <v>15 9 8 3 2 4 0 -1 -2 0 -4 -2 0 -2 0 0</v>
      <v>0 -4 3 -2 -1 12 0 -2 5 21 0 -2 14 0 7 0</v>
      <v>0 -2 0 -4 -2 0 0 -1 -2 0 3 5 7 12 14 21</v>
      <v>0 0 -2 0 -2 -4 0 -2 -1 0 7 5 3 14 12 21</v>
      <v>0 0 7 0 -2 14 0 -2 5 21 -2 -1 12 -4 3 0</v>
      <v>0 3 -4 12 -1 -2 21 5 -2 0 14 -2 0 7 0 0</v>
      <v>0 7 0 14 -2 0 21 5 -2 0 12 -1 -2 3 -4 0</v>
      <v>21 12 14 3 5 7 0 -1 -2 0 -4 -2 0 -2 0 0</v>
      <v>21 14 12 7 5 3 0 -2 -1 0 0 -2 -4 0 -2 0</v>
      <v>0 0 0 0 -1 0 0 0 0 0 1 1 1 2 2 3</v>
      <v>0 0 1 0 0 2 0 -1 1 3 0 0 2 0 1 0</v>
      <v>0 1 0 2 0 0 3 1 -1 0 2 0 0 1 0 0</v>
      <v>3 2 2 1 1 1 0 0 0 0 0 -1 0 0 0 0</v>
      <v>0 0 0 0 0 0 0 0 0 0 1 0 2 2 4 6</v>
      <v>0 0 0 0 0 0 0 0 0 0 2 0 1 4 2 6</v>
      <v>0 0 1 0 0 2 0 0 0 6 0 0 4 0 2 0</v>
      <v>0 0 2 0 0 4 0 0 0 6 0 0 2 0 1 0</v>
      <v>0 1 0 2 0 0 6 0 0 0 4 0 0 2 0 0</v>
      <v>0 2 0 4 0 0 6 0 0 0 2 0 0 1 0 0</v>
      <v>6 2 4 1 0 2 0 0 0 0 0 0 0 0 0 0</v>
      <v>6 4 2 2 0 1 0 0 0 0 0 0 0 0 0 0</v>
      <v>0 0 0 0 0 0 0 0 0 0 1 0 1 2 2 3</v>
      <v>0 0 1 0 0 2 0 0 0 3 0 0 2 0 1 0</v>
      <v>0 1 0 2 0 0 3 0 0 0 2 0 0 1 0 0</v>
      <v>3 2 2 1 0 1 0 0 0 0 0 0 0 0 0 0</v>
      <v>0 0 0 0 0 0 0 0 0 0 1 1 1 2 2 3</v>
      <v>0 0 1 0 0 2 0 0 1 3 0 0 2 0 1 0</v>
      <v>0 1 0 2 0 0 3 1 0 0 2 0 0 1 0 0</v>
      <v>3 2 2 1 1 1 0 0 0 0 0 0 0 0 0 0</v>
    </m>
    <m>
      <v>0 1 2 3 4 5 6 7</v>
      <v>8 9 10 11 12 13 14 15</v>
      <v>16 17 18 19 20 21 22 23</v>
      <v>24 25 26 27 28 29 30 31</v>
      <v>32 33 34 35 36 37 38 39</v>
      <v>40 41 42 43 44 45 46 47</v>
      <v>48 49 50 51 52 53 54 55</v>
      <v>56 57 58 59 60 61 62 63</v>
      <v>64 65 66 67</v>
      <v>68 69 70 71 72 73 74 75</v>
      <v>76 77 78 79</v>
      <v>80 81 82 83 84 85 86 87</v>
      <v>88 89 90 91 92 93 94 95</v>
      <v>96 97 98 99 100 101 102 103</v>
      <v>104 105 106 107 108 109 110 111</v>
      <v>112 113 114 115 116 117 118 119</v>
      <v>120 121 122 123 124 125 126 127</v>
      <v>128 129 130 131</v>
      <v>132 133 134 135 136 137 138 139</v>
      <v>140 141 142 143 144 145 146 147</v>
      <v>148 149 150 151 152 153 154 155</v>
      <v>156 157 158 159 160 161 162 163</v>
      <v>164 165 166 167 168 169 170 171</v>
      <v>172 173 174 175 176 177 178 179</v>
      <v>180 181 182 183 184 185 186 187</v>
      <v>188 189 190 191</v>
      <v>192 193 194 195 196 197 198 199</v>
      <v>200 201 202 203 204 205 206 207</v>
      <v>208 209 210 211 212 213 214 215</v>
      <v>216 217 218 219 220 221 222 223</v>
      <v>224 225 226 227 228 229 230 231</v>
      <v>232 233 234 235 236 237 238 239</v>
      <v>240 241 242 243 244 245 246 247</v>
      <v>248 249 250 251 252 253 254 255</v>
      <v>256 257 258 259</v>
      <v>260 261 262 263 264 265 266 267</v>
      <v>268 269 270 271 272 273 274 275</v>
      <v>276 277 278 279 280 281 282 283</v>
      <v>284 285 286 287</v>
      <v>288 289 290 291</v>
      <v>292 293 294 295 296 297 298 299</v>
      <v>300 301 302 303 304 305 306 307</v>
      <v>308 309 310 311 312 313 314 315</v>
      <v>316 317 318 319 320 321 322 323</v>
      <v>324 325 326 327 328 329 330 331</v>
      <v>332 333 334 335</v>
      <v>336 337 338 339 340 341 342 343</v>
      <v>344 345 346 347 348 349 350 351</v>
      <v>352 353 354 355 356 357 358 359</v>
      <v>360 361 362 363 364 365 366 367</v>
      <v>368 369 370 371 372 373 374 375</v>
      <v>376 377 378 379 380 381 382 383</v>
      <v>384 385 386 387 388 389 390 391</v>
      <v>392 393 394 395 396 397 398 399</v>
      <v>400 401 402 403 404 405 406 407</v>
      <v>408 409 410 411 412 413 414 415</v>
      <v>416 417 418 419 420 421 422 423</v>
      <v>424 425 426 427 428 429 430 431</v>
      <v>432 433 434 435 436 437 438 439</v>
      <v>440 441 442 443 444 445 446 447</v>
      <v>448 449 450 451 452 453 454 455</v>
      <v>456 457 458 459 460 461 462 463</v>
      <v>464 465 466 467 468 469 470 471</v>
      <v>472 473 474 475 476 477 478 479</v>
      <v>480 481 482 483</v>
      <v>484 485 486 487 488 489 490 491</v>
      <v>492 493 494 495 496 497 498 499</v>
      <v>500 501 502 503 504 505 506 507</v>
      <v>508 509 510 511 512 513 514 515</v>
      <v>516 517 518 519 520 521 522 523</v>
      <v>524 525 526 527 528 529 530 531</v>
      <v>532 533 534 535 536 537 538 539</v>
      <v>540 541 542 543 544 545 546 547</v>
      <v>548 549 550 551 552 553 554 555</v>
      <v>556 557 558 559 560 561 562 563</v>
      <v>564 565 566 567 568 569 570 571</v>
      <v>572 573 574 575 576 577 578 579</v>
      <v>580 581 582 583 584 585 586 587</v>
      <v>588 589 590 591 592 593 594 595</v>
      <v>596 597 598 599 600 601 602 603</v>
      <v>604 605 606 607 608 609 610 611</v>
      <v>612 613 614 615 616 617 618 619</v>
      <v>620 621 622 623 624 625 626 627</v>
      <v>628 629 630 631 632 633 634 635</v>
      <v>636 637 638 639 640 641 642 643</v>
      <v>644 645 646 647 648 649 650 651</v>
      <v>652 653 654 655 656 657 658 659</v>
      <v>660 661 662 663 664 665 666 667</v>
      <v>668 669 670 671</v>
      <v>672 673 674 675 676 677 678 679</v>
      <v>680 681 682 683</v>
      <v>684 685 686 687 688 689 690 691</v>
      <v>692 693 694 695 696 697 698 699</v>
      <v>700 701 702 703 704 705 706 707</v>
      <v>708 709 710 711</v>
      <v>712 713 714 715</v>
      <v>716 717 718 719 720 721 722 723</v>
      <v>724 725 726 727 728 729 730 731</v>
      <v>732 733 734 735</v>
      <v>736 737 738 739 740 741 742 743</v>
      <v>744 745 746 747 748 749 750 751</v>
      <v>752 753 754 755 756 757 758 759</v>
      <v>760 761 762 763 764 765 766 767</v>
      <v>768 769 770 771</v>
      <v>772 773 774 775 776 777 778 779</v>
      <v>780 781 782 783 784 785 786 787</v>
      <v>788 789 790 791 792 793 794 795</v>
      <v>796 797 798 799 800 801 802 803</v>
      <v>804 805 806 807 808 809 810 811</v>
      <v>812 813 814 815 816 817 818 819</v>
      <v>820 821 822 823 824 825 826 827</v>
      <v>828 829 830 831 832 833 834 835</v>
      <v>836 837 838 839 840 841 842 843</v>
      <v>844 845 846 847 848 849 850 851</v>
      <v>852 853 854 855 856 857 858 859</v>
      <v>860 861 862 863 864 865 866 867</v>
      <v>868 869 870 871 872 873 874 875</v>
      <v>876 877 878 879 880 881 882 883</v>
      <v>884 885 886 887</v>
      <v>888 889 890 891</v>
      <v>892 893 894 895 896 897 898 899</v>
      <v>900 901 902 903 904 905 906 907</v>
      <v>908 909 910 911 912 913 914 915</v>
      <v>916 917 918 919 920 921 922 923</v>
      <v>924 925 926 927 928 929 930 931</v>
      <v>932 933 934 935 936 937 938 939</v>
      <v>940 941 942 943 944 945 946 947</v>
      <v>948 949 950 951 952 953 954 955</v>
      <v>956 957 958 959 960 961 962 963</v>
      <v>964 965 966 967 968 969 970 971</v>
      <v>972 973 974 975 976 977 978 979</v>
      <v>980 981 982 983 984 985 986 987</v>
      <v>988 989 990 991 992 993 994 995</v>
      <v>996 997 998 999 1000 1001 1002 1003</v>
      <v>1004 1005 1006 1007 1008 1009 1010 1011</v>
      <v>1012 1013 1014 1015 1016 1017 1018 1019</v>
      <v>1020 1021 1022 1023</v>
      <v>1024 1025 1026 1027 1028 1029 1030 1031</v>
      <v>1032 1033 1034 1035 1036 1037 1038 1039</v>
      <v>1040 1041 1042 1043 1044 1045 1046 1047</v>
      <v>1048 1049 1050 1051 1052 1053 1054 1055</v>
      <v>1056 1057 1058 1059</v>
      <v>1060 1061 1062 1063 1064 1065 1066 1067</v>
      <v>1068 1069 1070 1071 1072 1073 1074 1075</v>
      <v>1076 1077 1078 1079 1080 1081 1082 1083</v>
      <v>1084 1085 1086 1087</v>
      <v>1088 1089 1090 1091 1092 1093 1094 1095</v>
      <v>1096 1097 1098 1099 1100 1101 1102 1103</v>
      <v>1104 1105 1106 1107 1108 1109 1110 1111</v>
      <v>1112 1113 1114 1115 1116 1117 1118 1119</v>
      <v>1120 1121 1122 1123 1124 1125 1126 1127</v>
      <v>1128 1129 1130 1131 1132 1133 1134 1135</v>
      <v>1136 1137 1138 1139 1140 1141 1142 1143</v>
      <v>1144 1145 1146 1147</v>
      <v>1148 1149 1150 1151</v>
      <v>1152 1153 1154 1155 1156 1157 1158 1159</v>
      <v>1160 1161 1162 1163 1164 1165 1166 1167</v>
      <v>1168 1169 1170 1171 1172 1173 1174 1175</v>
      <v>1176 1177 1178 1179</v>
      <v>1180 1181 1182 1183 1184 1185 1186 1187</v>
      <v>1188 1189 1190 1191 1192 1193 1194 1195</v>
      <v>1196 1197 1198 1199 1200 1201 1202 1203</v>
      <v>1204 1205 1206 1207 1208 1209 1210 1211</v>
      <v>1212 1213 1214 1215 1216 1217 1218 1219</v>
      <v>1220 1221 1222 1223 1224 1225 1226 1227</v>
      <v>1228 1229 1230 1231 1232 1233 1234 1235</v>
      <v>1236 1237 1238 1239 1240 1241 1242 1243</v>
      <v>1244 1245 1246 1247 1248 1249 1250 1251</v>
      <v>1252 1253 1254 1255 1256 1257 1258 1259</v>
      <v>1260 1261 1262 1263 1264 1265 1266 1267</v>
      <v>1268 1269 1270 1271</v>
      <v>1272 1273 1274 1275 1276 1277 1278 1279</v>
      <v>1280 1281 1282 1283</v>
      <v>1284 1285 1286 1287 1288 1289 1290 1291</v>
      <v>1292 1293 1294 1295</v>
      <v>1296 1297 1298 1299 1300 1301 1302 1303</v>
      <v>1304 1305 1306 1307 1308 1309 1310 1311</v>
      <v>1312 1313 1314 1315</v>
      <v>1316 1317 1318 1319 1320 1321 1322 1323</v>
      <v>1324 1325 1326 1327 1328 1329 1330 1331</v>
      <v>1332 1333 1334 1335</v>
      <v>1336 1337 1338 1339</v>
      <v>1340 1341 1342 1343 1344 1345 1346 1347</v>
      <v>1348 1349 1350 1351 1352 1353 1354 1355</v>
      <v>1356 1357 1358 1359 1360 1361 1362 1363</v>
      <v>1364 1365 1366 1367 1368 1369 1370 1371</v>
      <v>1372 1373 1374 1375 1376 1377 1378 1379</v>
      <v>1380 1381 1382 1383</v>
      <v>1384 1385 1386 1387 1388 1389 1390 1391</v>
      <v>1392 1393 1394 1395 1396 1397 1398 1399</v>
      <v>1400</v>
      <v>1401 1402 1403 1404</v>
      <v>1405 1406 1407 1408 1409 1410 1411 1412</v>
      <v>1413 1414 1415 1416 1417 1418 1419 1420</v>
      <v>1421 1422 1423 1424 1425 1426 1427 1428</v>
      <v>1429 1430 1431 1432</v>
      <v>1433 1434 1435 1436 1437 1438 1439 1440</v>
      <v>1441 1442 1443 1444 1445 1446 1447 1448</v>
      <v>1449 1450 1451 1452</v>
      <v>1453 1454 1455 1456 1457 1458 1459 1460</v>
      <v>1461 1462 1463 1464 1465 1466 1467 1468</v>
      <v>1469 1470 1471 1472 1473 1474 1475 1476</v>
      <v>1477 1478 1479 1480 1481 1482 1483 1484</v>
      <v>1485 1486 1487 1488 1489 1490 1491 1492</v>
      <v>1493 1494 1495 1496 1497 1498 1499 1500</v>
      <v>1501 1502 1503 1504 1505 1506 1507 1508</v>
      <v>1509 1510 1511 1512 1513 1514 1515 1516</v>
      <v>1517 1518 1519 1520 1521 1522 1523 1524</v>
      <v>1525 1526 1527 1528 1529 1530 1531 1532</v>
      <v>1533 1534 1535 1536 1537 1538 1539 1540</v>
      <v>1541 1542 1543 1544 1545 1546 1547 1548</v>
      <v>1549 1550 1551 1552 1553 1554 1555 1556</v>
      <v>1557 1558 1559 1560 1561 1562 1563 1564</v>
      <v>1565 1566 1567 1568 1569 1570 1571 1572</v>
      <v>1573 1574 1575 1576 1577 1578 1579 1580</v>
      <v>1581 1582 1583 1584 1585 1586 1587 1588</v>
      <v>1589 1590 1591 1592 1593 1594 1595 1596</v>
      <v>1597 1598 1599 1600 1601 1602 1603 1604</v>
      <v>1605 1606 1607 1608 1609 1610 1611 1612</v>
      <v>1613 1614 1615 1616</v>
      <v>1617 1618 1619 1620 1621 1622 1623 1624</v>
      <v>1625 1626 1627 1628</v>
      <v>1629 1630 1631 1632</v>
    </m>
  </t>
</data>
