([15], [5, 8, 14, 15, 16, 17], [(5, 8), (5, 17), (5, 15), (8, 16), (8, 14), (14, 15), (14, 15), (16, 17), (16, 17)])
([32], [5, 8, 14, 15, 16, 17], [(5, 8), (5, 17), (5, 15), (8, 16), (8, 14), (14, 15), (14, 15), (16, 17), (16, 17)])
([39], [5, 7, 13, 14, 15, 16], [(5, 15), (5, 14), (5, 7), (7, 16), (7, 13), (13, 14), (13, 14), (15, 16), (15, 16)])
([47], [5, 8, 14, 15, 16, 17], [(5, 8), (5, 17), (5, 15), (8, 16), (8, 14), (14, 15), (14, 15), (16, 17), (16, 17)])
([53], [4, 7, 14, 15, 16, 17], [(4, 16), (4, 15), (4, 7), (7, 17), (7, 14), (14, 15), (14, 15), (16, 17), (16, 17)])
([70], [3, 6, 14, 15, 16, 17], [(3, 17), (3, 6), (3, 15), (6, 16), (6, 14), (14, 15), (14, 15), (16, 17), (16, 17)])
([76], [3, 6, 14, 15, 16, 17], [(3, 17), (3, 6), (3, 15), (6, 16), (6, 14), (14, 15), (14, 15), (16, 17), (16, 17)])
([83], [5, 8, 14, 15, 16, 17], [(5, 8), (5, 16), (5, 17), (8, 14), (8, 15), (14, 17), (14, 17), (15, 16), (15, 16)])
([90], [4, 7, 14, 15, 16, 17], [(4, 16), (4, 15), (4, 7), (7, 17), (7, 14), (14, 15), (14, 15), (16, 17), (16, 17)])
([93], [3, 6, 14, 15, 16, 17], [(3, 16), (3, 17), (3, 6), (6, 14), (6, 15), (14, 17), (14, 17), (15, 16), (15, 16)])
([94], [5, 8, 14, 15, 16, 17], [(5, 8), (5, 16), (5, 17), (8, 14), (8, 15), (14, 17), (14, 17), (15, 16), (15, 16)])
([96], [3, 6, 14, 15, 16, 17], [(3, 16), (3, 17), (3, 6), (6, 14), (6, 15), (14, 17), (14, 17), (15, 16), (15, 16)])
([97], [4, 7, 14, 15, 16, 17], [(4, 17), (4, 15), (4, 7), (7, 16), (7, 14), (14, 17), (14, 17), (15, 16), (15, 16)])
([98], [5, 7, 13, 14, 15, 17], [(5, 17), (5, 14), (5, 7), (7, 15), (7, 13), (13, 17), (13, 17), (14, 15), (14, 15)])
([115], [3, 6, 14, 15, 16, 17], [(3, 17), (3, 6), (3, 15), (6, 16), (6, 14), (14, 15), (14, 15), (16, 17), (16, 17)])
([128], [3, 6, 14, 15, 16, 17], [(3, 17), (3, 6), (3, 15), (6, 16), (6, 14), (14, 15), (14, 15), (16, 17), (16, 17)])
([134], [5, 7, 13, 14, 15, 16], [(5, 15), (5, 14), (5, 7), (7, 16), (7, 13), (13, 14), (13, 14), (15, 16), (15, 16)])
([145], [12, 13, 14, 15, 16, 17], [(12, 16), (12, 16), (12, 15), (13, 14), (13, 14), (13, 15), (14, 17), (15, 17), (16, 17)])
([154], [5, 7, 13, 14, 15, 16], [(5, 15), (5, 14), (5, 7), (7, 16), (7, 13), (13, 14), (13, 14), (15, 16), (15, 16)])
([159], [5, 8, 14, 15, 16, 17], [(5, 8), (5, 17), (5, 15), (8, 16), (8, 14), (14, 15), (14, 15), (16, 17), (16, 17)])
([164], [2, 5, 14, 15, 16, 17], [(2, 16), (2, 5), (2, 15), (5, 17), (5, 14), (14, 15), (14, 15), (16, 17), (16, 17)])
([166], [2, 5, 14, 15, 16, 17], [(2, 17), (2, 5), (2, 15), (5, 16), (5, 14), (14, 15), (14, 15), (16, 17), (16, 17)])
([167], [3, 5, 13, 14, 15, 16], [(3, 5), (3, 14), (3, 15), (5, 16), (5, 13), (13, 14), (13, 14), (15, 16), (15, 16)])
([168], [3, 6, 14, 15, 16, 17], [(3, 17), (3, 6), (3, 15), (6, 16), (6, 14), (14, 15), (14, 15), (16, 17), (16, 17)])
([169], [2, 5, 12, 13, 14, 15], [(2, 13), (2, 5), (2, 15), (5, 12), (5, 14), (12, 13), (12, 13), (14, 15), (14, 15)])
([170], [3, 6, 14, 15, 16, 17], [(3, 17), (3, 6), (3, 15), (6, 16), (6, 14), (14, 15), (14, 15), (16, 17), (16, 17)])
([182], [3, 5, 13, 14, 15, 16], [(3, 5), (3, 14), (3, 15), (5, 16), (5, 13), (13, 14), (13, 14), (15, 16), (15, 16)])
([191], [5, 8, 12, 13, 14, 15], [(5, 8), (5, 13), (5, 15), (8, 12), (8, 14), (12, 13), (12, 13), (14, 15), (14, 15)])
([219], [4, 7, 14, 15, 16, 17], [(4, 16), (4, 15), (4, 7), (7, 17), (7, 14), (14, 15), (14, 15), (16, 17), (16, 17)])
([229], [2, 5, 14, 15, 16, 17], [(2, 17), (2, 5), (2, 15), (5, 16), (5, 14), (14, 15), (14, 15), (16, 17), (16, 17)])
([232], [3, 5, 13, 14, 15, 16], [(3, 5), (3, 14), (3, 15), (5, 16), (5, 13), (13, 14), (13, 14), (15, 16), (15, 16)])
([234], [3, 5, 13, 14, 15, 16], [(3, 5), (3, 14), (3, 15), (5, 16), (5, 13), (13, 14), (13, 14), (15, 16), (15, 16)])
([245], [1, 4, 12, 13, 14, 15], [(1, 4), (1, 13), (1, 14), (4, 12), (4, 15), (12, 13), (12, 13), (14, 15), (14, 15)])
([247], [3, 5, 13, 14, 15, 16], [(3, 5), (3, 14), (3, 15), (5, 16), (5, 13), (13, 14), (13, 14), (15, 16), (15, 16)])
([249], [3, 5, 13, 14, 15, 16], [(3, 5), (3, 14), (3, 15), (5, 16), (5, 13), (13, 14), (13, 14), (15, 16), (15, 16)])
([250], [5, 7, 11, 12, 13, 14], [(5, 12), (5, 13), (5, 7), (7, 11), (7, 14), (11, 12), (11, 12), (13, 14), (13, 14)])
([251], [5, 7, 13, 14, 15, 17], [(5, 17), (5, 14), (5, 7), (7, 15), (7, 13), (13, 17), (13, 17), (14, 15), (14, 15)])
([252], [5, 7, 13, 14, 15, 16], [(5, 15), (5, 14), (5, 7), (7, 16), (7, 13), (13, 14), (13, 14), (15, 16), (15, 16)])
([264], [12, 13, 14, 15, 16, 17], [(12, 13), (12, 13), (12, 15), (13, 17), (14, 16), (14, 16), (14, 15), (15, 17), (16, 17)])
([282], [12, 13, 14, 15, 16, 17], [(12, 16), (12, 16), (12, 15), (13, 14), (13, 14), (13, 15), (14, 17), (15, 17), (16, 17)])
([285], [12, 13, 14, 15, 16, 17], [(12, 16), (12, 16), (12, 15), (13, 14), (13, 14), (13, 15), (14, 17), (15, 17), (16, 17)])
([290], [2, 4, 13, 14, 15, 16], [(2, 4), (2, 14), (2, 15), (4, 16), (4, 13), (13, 14), (13, 14), (15, 16), (15, 16)])
([304], [3, 6, 12, 13, 14, 15], [(3, 13), (3, 6), (3, 15), (6, 12), (6, 14), (12, 13), (12, 13), (14, 15), (14, 15)])
([314], [3, 6, 12, 13, 14, 15], [(3, 13), (3, 6), (3, 15), (6, 12), (6, 14), (12, 13), (12, 13), (14, 15), (14, 15)])
([318], [3, 6, 14, 15, 16, 17], [(3, 17), (3, 6), (3, 15), (6, 16), (6, 14), (14, 15), (14, 15), (16, 17), (16, 17)])
([323], [12, 13, 14, 15, 16, 17], [(12, 16), (12, 16), (12, 15), (13, 14), (13, 14), (13, 15), (14, 17), (15, 17), (16, 17)])
([328], [12, 13, 14, 15, 16, 17], [(12, 16), (12, 16), (12, 15), (13, 14), (13, 14), (13, 15), (14, 17), (15, 17), (16, 17)])
([347], [3, 6, 14, 15, 16, 17], [(3, 17), (3, 6), (3, 15), (6, 16), (6, 14), (14, 15), (14, 15), (16, 17), (16, 17)])
([353], [2, 5, 13, 14, 15, 16], [(2, 5), (2, 14), (2, 15), (5, 16), (5, 13), (13, 14), (13, 14), (15, 16), (15, 16)])
([371], [4, 7, 12, 13, 14, 15], [(4, 13), (4, 14), (4, 7), (7, 12), (7, 15), (12, 13), (12, 13), (14, 15), (14, 15)])
([381], [11, 12, 13, 15, 16, 17], [(11, 16), (11, 16), (11, 15), (12, 17), (12, 13), (12, 13), (13, 15), (15, 17), (16, 17)])
([383], [4, 7, 14, 15, 16, 17], [(4, 16), (4, 15), (4, 7), (7, 17), (7, 14), (14, 15), (14, 15), (16, 17), (16, 17)])
([386], [5, 8, 12, 13, 14, 15], [(5, 8), (5, 14), (5, 15), (8, 12), (8, 13), (12, 15), (12, 15), (13, 14), (13, 14)])
([398], [2, 5, 12, 13, 14, 15], [(2, 13), (2, 5), (2, 15), (5, 12), (5, 14), (12, 13), (12, 13), (14, 15), (14, 15)])
([400], [2, 5, 12, 13, 14, 15], [(2, 13), (2, 5), (2, 15), (5, 12), (5, 14), (12, 13), (12, 13), (14, 15), (14, 15)])
([402], [2, 5, 12, 13, 14, 15], [(2, 5), (2, 14), (2, 15), (5, 12), (5, 13), (12, 15), (12, 15), (13, 14), (13, 14)])
([403], [2, 4, 11, 12, 13, 14], [(2, 12), (2, 4), (2, 13), (4, 11), (4, 14), (11, 12), (11, 12), (13, 14), (13, 14)])
([406], [5, 8, 14, 15, 16, 17], [(5, 8), (5, 16), (5, 17), (8, 14), (8, 15), (14, 17), (14, 17), (15, 16), (15, 16)])
([410], [2, 5, 14, 15, 16, 17], [(2, 16), (2, 5), (2, 15), (5, 17), (5, 14), (14, 15), (14, 15), (16, 17), (16, 17)])
([412], [2, 5, 14, 15, 16, 17], [(2, 17), (2, 5), (2, 15), (5, 16), (5, 14), (14, 17), (14, 17), (15, 16), (15, 16)])
([414], [1, 4, 14, 15, 16, 17], [(1, 16), (1, 4), (1, 15), (4, 14), (4, 17), (14, 15), (14, 15), (16, 17), (16, 17)])
([415], [2, 5, 14, 15, 16, 17], [(2, 16), (2, 5), (2, 15), (5, 17), (5, 14), (14, 15), (14, 15), (16, 17), (16, 17)])
([416], [3, 6, 14, 15, 16, 17], [(3, 16), (3, 17), (3, 6), (6, 14), (6, 15), (14, 17), (14, 17), (15, 16), (15, 16)])
([417], [2, 5, 14, 15, 16, 17], [(2, 16), (2, 17), (2, 5), (5, 14), (5, 15), (14, 17), (14, 17), (15, 16), (15, 16)])
([419], [3, 5, 13, 14, 15, 17], [(3, 17), (3, 5), (3, 14), (5, 13), (5, 15), (13, 17), (13, 17), (14, 15), (14, 15)])
([421], [2, 5, 14, 15, 16, 17], [(2, 17), (2, 5), (2, 15), (5, 16), (5, 14), (14, 15), (14, 15), (16, 17), (16, 17)])
([423], [3, 6, 14, 15, 16, 17], [(3, 16), (3, 17), (3, 6), (6, 14), (6, 15), (14, 17), (14, 17), (15, 16), (15, 16)])
([425], [3, 5, 13, 14, 15, 17], [(3, 17), (3, 5), (3, 14), (5, 13), (5, 15), (13, 17), (13, 17), (14, 15), (14, 15)])
([456], [4, 7, 14, 15, 16, 17], [(4, 17), (4, 15), (4, 7), (7, 16), (7, 14), (14, 17), (14, 17), (15, 16), (15, 16)])
([467], [5, 8, 13, 14, 15, 17], [(5, 8), (5, 17), (5, 15), (8, 13), (8, 14), (13, 17), (13, 17), (14, 15), (14, 15)])
([472], [11, 12, 13, 14, 16, 17], [(11, 16), (11, 16), (11, 14), (12, 13), (12, 13), (12, 14), (13, 17), (14, 17), (16, 17)])
([477], [3, 5, 12, 13, 14, 15], [(3, 5), (3, 14), (3, 13), (5, 12), (5, 15), (12, 13), (12, 13), (14, 15), (14, 15)])
([488], [12, 13, 14, 15, 16, 17], [(12, 16), (12, 16), (12, 15), (13, 14), (13, 14), (13, 15), (14, 17), (15, 17), (16, 17)])
([491], [12, 13, 14, 15, 16, 17], [(12, 16), (12, 16), (12, 15), (13, 17), (13, 14), (13, 14), (14, 15), (15, 17), (16, 17)])
([529], [11, 12, 13, 15, 16, 17], [(11, 16), (11, 16), (11, 15), (12, 17), (12, 13), (12, 13), (13, 15), (15, 17), (16, 17)])
([530], [11, 12, 13, 15, 16, 17], [(11, 16), (11, 16), (11, 15), (12, 17), (12, 13), (12, 13), (13, 15), (15, 17), (16, 17)])
([531], [11, 12, 13, 15, 16, 17], [(11, 16), (11, 16), (11, 15), (12, 17), (12, 13), (12, 13), (13, 15), (15, 17), (16, 17)])
([532], [11, 12, 13, 15, 16, 17], [(11, 16), (11, 16), (11, 15), (12, 13), (12, 13), (12, 17), (13, 15), (15, 17), (16, 17)])
([533], [10, 11, 12, 14, 16, 17], [(10, 16), (10, 16), (10, 14), (11, 17), (11, 12), (11, 12), (12, 14), (14, 17), (16, 17)])
([534], [11, 12, 14, 15, 16, 17], [(11, 17), (11, 12), (11, 12), (12, 15), (14, 16), (14, 16), (14, 15), (15, 17), (16, 17)])
([538], [12, 13, 14, 15, 16, 17], [(12, 16), (12, 16), (12, 15), (13, 14), (13, 14), (13, 15), (14, 17), (15, 17), (16, 17)])
([541], [2, 4, 11, 12, 13, 14], [(2, 12), (2, 4), (2, 13), (4, 11), (4, 14), (11, 12), (11, 12), (13, 14), (13, 14)])
([547], [10, 11, 12, 13, 16, 17], [(10, 16), (10, 16), (10, 13), (11, 12), (11, 12), (11, 13), (12, 17), (13, 17), (16, 17)])
([572], [1, 4, 13, 14, 15, 16], [(1, 4), (1, 14), (1, 15), (4, 16), (4, 13), (13, 14), (13, 14), (15, 16), (15, 16)])
([576], [11, 12, 13, 14, 16, 17], [(11, 16), (11, 16), (11, 14), (12, 13), (12, 13), (12, 14), (13, 17), (14, 17), (16, 17)])
([585], [1, 4, 12, 13, 14, 15], [(1, 4), (1, 13), (1, 14), (4, 12), (4, 15), (12, 13), (12, 13), (14, 15), (14, 15)])
([608], [1, 4, 12, 13, 14, 15], [(1, 4), (1, 13), (1, 14), (4, 12), (4, 15), (12, 13), (12, 13), (14, 15), (14, 15)])
([617], [12, 13, 14, 15, 16, 17], [(12, 17), (12, 13), (12, 13), (13, 15), (14, 16), (14, 16), (14, 15), (15, 17), (16, 17)])
([625], [2, 5, 14, 15, 16, 17], [(2, 16), (2, 17), (2, 5), (5, 14), (5, 15), (14, 17), (14, 17), (15, 16), (15, 16)])
([660], [12, 13, 14, 15, 16, 17], [(12, 16), (12, 16), (12, 15), (13, 14), (13, 14), (13, 15), (14, 17), (15, 17), (16, 17)])
([661], [12, 13, 14, 15, 16, 17], [(12, 13), (12, 13), (12, 15), (13, 17), (14, 16), (14, 16), (14, 15), (15, 17), (16, 17)])
([662], [12, 13, 14, 15, 16, 17], [(12, 16), (12, 16), (12, 15), (13, 17), (13, 14), (13, 14), (14, 15), (15, 17), (16, 17)])
([663], [12, 13, 14, 15, 16, 17], [(12, 16), (12, 16), (12, 15), (13, 14), (13, 14), (13, 15), (14, 17), (15, 17), (16, 17)])
([664], [12, 13, 14, 15, 16, 17], [(12, 16), (12, 16), (12, 15), (13, 14), (13, 14), (13, 15), (14, 17), (15, 17), (16, 17)])
([665], [10, 11, 12, 13, 16, 17], [(10, 16), (10, 16), (10, 13), (11, 12), (11, 12), (11, 13), (12, 17), (13, 17), (16, 17)])
([666], [12, 13, 14, 15, 16, 17], [(12, 16), (12, 16), (12, 15), (13, 14), (13, 14), (13, 15), (14, 17), (15, 17), (16, 17)])
([667], [11, 12, 13, 14, 16, 17], [(11, 16), (11, 16), (11, 14), (12, 13), (12, 13), (12, 14), (13, 17), (14, 17), (16, 17)])
([672], [12, 13, 14, 15, 16, 17], [(12, 16), (12, 16), (12, 15), (13, 14), (13, 14), (13, 15), (14, 17), (15, 17), (16, 17)])
([716], [11, 12, 13, 14, 16, 17], [(11, 16), (11, 16), (11, 14), (12, 13), (12, 13), (12, 14), (13, 17), (14, 17), (16, 17)])
([719], [12, 13, 14, 15, 16, 17], [(12, 16), (12, 16), (12, 15), (13, 14), (13, 14), (13, 17), (14, 15), (15, 17), (16, 17)])
([740], [3, 5, 12, 13, 14, 15], [(3, 5), (3, 14), (3, 13), (5, 12), (5, 15), (12, 13), (12, 13), (14, 15), (14, 15)])
([741], [12, 13, 14, 15, 16, 17], [(12, 16), (12, 16), (12, 15), (13, 14), (13, 14), (13, 15), (14, 17), (15, 17), (16, 17)])
([742], [12, 13, 14, 15, 16, 17], [(12, 16), (12, 16), (12, 15), (13, 14), (13, 14), (13, 15), (14, 17), (15, 17), (16, 17)])
([743], [12, 13, 14, 15, 16, 17], [(12, 16), (12, 16), (12, 14), (13, 17), (13, 15), (13, 15), (14, 17), (14, 15), (16, 17)])
([744], [12, 13, 14, 15, 16, 17], [(12, 13), (12, 13), (12, 14), (13, 17), (14, 17), (14, 15), (15, 16), (15, 16), (16, 17)])
([756], [2, 5, 14, 15, 16, 17], [(2, 16), (2, 5), (2, 15), (5, 17), (5, 14), (14, 15), (14, 15), (16, 17), (16, 17)])
([758], [3, 6, 12, 13, 14, 15], [(3, 14), (3, 6), (3, 15), (6, 12), (6, 13), (12, 15), (12, 15), (13, 14), (13, 14)])
([762], [3, 5, 13, 14, 15, 17], [(3, 17), (3, 5), (3, 14), (5, 13), (5, 15), (13, 17), (13, 17), (14, 15), (14, 15)])
([763], [3, 5, 12, 13, 14, 15], [(3, 15), (3, 5), (3, 13), (5, 12), (5, 14), (12, 15), (12, 15), (13, 14), (13, 14)])
([765], [12, 13, 14, 15, 16, 17], [(12, 13), (12, 13), (12, 15), (13, 17), (14, 16), (14, 16), (14, 15), (15, 17), (16, 17)])
([779], [3, 6, 14, 15, 16, 17], [(3, 16), (3, 17), (3, 6), (6, 14), (6, 15), (14, 17), (14, 17), (15, 16), (15, 16)])
([780], [3, 5, 13, 14, 15, 16], [(3, 5), (3, 14), (3, 15), (5, 16), (5, 13), (13, 14), (13, 14), (15, 16), (15, 16)])
([805], [12, 13, 14, 15, 16, 17], [(12, 16), (12, 16), (12, 15), (13, 14), (13, 14), (13, 15), (14, 17), (15, 17), (16, 17)])
([806], [12, 13, 14, 15, 16, 17], [(12, 16), (12, 16), (12, 15), (13, 14), (13, 14), (13, 15), (14, 17), (15, 17), (16, 17)])
([807], [12, 13, 14, 15, 16, 17], [(12, 16), (12, 16), (12, 15), (13, 17), (13, 14), (13, 14), (14, 15), (15, 17), (16, 17)])
([821], [3, 6, 13, 14, 15, 17], [(3, 17), (3, 6), (3, 15), (6, 14), (6, 13), (13, 17), (13, 17), (14, 15), (14, 15)])
([823], [3, 6, 13, 14, 15, 17], [(3, 17), (3, 6), (3, 15), (6, 14), (6, 13), (13, 17), (13, 17), (14, 15), (14, 15)])
([824], [5, 8, 11, 12, 13, 17], [(5, 8), (5, 17), (5, 13), (8, 11), (8, 12), (11, 17), (11, 17), (12, 13), (12, 13)])
([825], [4, 7, 13, 14, 15, 17], [(4, 17), (4, 7), (4, 14), (7, 13), (7, 15), (13, 17), (13, 17), (14, 15), (14, 15)])
([826], [5, 7, 12, 13, 14, 17], [(5, 17), (5, 7), (5, 13), (7, 12), (7, 14), (12, 17), (12, 17), (13, 14), (13, 14)])
([827], [5, 8, 13, 14, 15, 17], [(5, 8), (5, 17), (5, 15), (8, 13), (8, 14), (13, 17), (13, 17), (14, 15), (14, 15)])
([833], [3, 5, 13, 14, 15, 16], [(3, 5), (3, 14), (3, 15), (5, 16), (5, 13), (13, 14), (13, 14), (15, 16), (15, 16)])
([844], [2, 4, 11, 12, 13, 14], [(2, 12), (2, 4), (2, 13), (4, 11), (4, 14), (11, 12), (11, 12), (13, 14), (13, 14)])
([855], [4, 7, 14, 15, 16, 17], [(4, 17), (4, 15), (4, 7), (7, 16), (7, 14), (14, 17), (14, 17), (15, 16), (15, 16)])
([868], [2, 5, 12, 13, 14, 15], [(2, 5), (2, 14), (2, 15), (5, 12), (5, 13), (12, 15), (12, 15), (13, 14), (13, 14)])
([869], [2, 5, 12, 13, 14, 15], [(2, 13), (2, 5), (2, 15), (5, 12), (5, 14), (12, 13), (12, 13), (14, 15), (14, 15)])
([871], [2, 5, 10, 11, 12, 13], [(2, 11), (2, 5), (2, 13), (5, 12), (5, 10), (10, 11), (10, 11), (12, 13), (12, 13)])
([876], [2, 5, 12, 13, 14, 15], [(2, 13), (2, 5), (2, 15), (5, 12), (5, 14), (12, 13), (12, 13), (14, 15), (14, 15)])
([891], [2, 5, 14, 15, 16, 17], [(2, 17), (2, 5), (2, 15), (5, 16), (5, 14), (14, 17), (14, 17), (15, 16), (15, 16)])
([892], [1, 4, 14, 15, 16, 17], [(1, 17), (1, 4), (1, 15), (4, 16), (4, 14), (14, 17), (14, 17), (15, 16), (15, 16)])
([893], [1, 4, 12, 13, 14, 15], [(1, 4), (1, 13), (1, 15), (4, 12), (4, 14), (12, 15), (12, 15), (13, 14), (13, 14)])
([894], [2, 5, 13, 14, 15, 16], [(2, 5), (2, 14), (2, 15), (5, 16), (5, 13), (13, 15), (13, 15), (14, 16), (14, 16)])
([898], [3, 6, 14, 15, 16, 17], [(3, 16), (3, 17), (3, 6), (6, 14), (6, 15), (14, 17), (14, 17), (15, 16), (15, 16)])
([899], [5, 7, 13, 14, 15, 17], [(5, 17), (5, 14), (5, 7), (7, 15), (7, 13), (13, 17), (13, 17), (14, 15), (14, 15)])
([910], [2, 5, 14, 15, 16, 17], [(2, 17), (2, 5), (2, 15), (5, 16), (5, 14), (14, 15), (14, 15), (16, 17), (16, 17)])
([921], [3, 5, 13, 14, 15, 17], [(3, 17), (3, 5), (3, 14), (5, 13), (5, 15), (13, 17), (13, 17), (14, 15), (14, 15)])
([922], [2, 4, 13, 14, 15, 17], [(2, 17), (2, 4), (2, 14), (4, 13), (4, 15), (13, 17), (13, 17), (14, 15), (14, 15)])
([923], [2, 4, 11, 12, 13, 15], [(2, 12), (2, 4), (2, 15), (4, 11), (4, 13), (11, 15), (11, 15), (12, 13), (12, 13)])
([925], [2, 5, 13, 14, 15, 16], [(2, 5), (2, 14), (2, 15), (5, 16), (5, 13), (13, 14), (13, 14), (15, 16), (15, 16)])
([926], [2, 5, 13, 14, 15, 16], [(2, 5), (2, 14), (2, 15), (5, 16), (5, 13), (13, 14), (13, 14), (15, 16), (15, 16)])
([928], [1, 4, 11, 12, 13, 16], [(1, 12), (1, 4), (1, 13), (4, 16), (4, 11), (11, 12), (11, 12), (13, 16), (13, 16)])
([935], [3, 5, 12, 13, 14, 15], [(3, 5), (3, 14), (3, 13), (5, 12), (5, 15), (12, 13), (12, 13), (14, 15), (14, 15)])
([945], [1, 4, 14, 15, 16, 17], [(1, 16), (1, 4), (1, 15), (4, 14), (4, 17), (14, 15), (14, 15), (16, 17), (16, 17)])
([946], [1, 4, 14, 15, 16, 17], [(1, 16), (1, 4), (1, 15), (4, 14), (4, 17), (14, 15), (14, 15), (16, 17), (16, 17)])
([952], [3, 6, 12, 13, 14, 15], [(3, 14), (3, 6), (3, 15), (6, 12), (6, 13), (12, 15), (12, 15), (13, 14), (13, 14)])
([956], [3, 5, 11, 12, 13, 14], [(3, 12), (3, 5), (3, 13), (5, 11), (5, 14), (11, 12), (11, 12), (13, 14), (13, 14)])
([962], [2, 4, 13, 14, 15, 16], [(2, 4), (2, 14), (2, 15), (4, 16), (4, 13), (13, 14), (13, 14), (15, 16), (15, 16)])
([963], [2, 5, 12, 13, 14, 15], [(2, 5), (2, 14), (2, 13), (5, 12), (5, 15), (12, 13), (12, 13), (14, 15), (14, 15)])
([964], [3, 5, 11, 12, 13, 14], [(3, 12), (3, 5), (3, 13), (5, 11), (5, 14), (11, 12), (11, 12), (13, 14), (13, 14)])
([965], [11, 12, 13, 14, 16, 17], [(11, 16), (11, 16), (11, 14), (12, 17), (12, 13), (12, 13), (13, 14), (14, 17), (16, 17)])
([976], [4, 7, 12, 13, 14, 15], [(4, 15), (4, 13), (4, 7), (7, 12), (7, 14), (12, 15), (12, 15), (13, 14), (13, 14)])
([977], [5, 7, 11, 12, 13, 15], [(5, 15), (5, 12), (5, 7), (7, 11), (7, 13), (11, 15), (11, 15), (12, 13), (12, 13)])
([985], [11, 12, 13, 14, 16, 17], [(11, 16), (11, 16), (11, 14), (12, 13), (12, 13), (12, 14), (13, 17), (14, 17), (16, 17)])
([992], [11, 12, 13, 14, 16, 17], [(11, 12), (11, 12), (11, 14), (12, 17), (13, 16), (13, 16), (13, 14), (14, 17), (16, 17)])
([996], [2, 4, 13, 14, 15, 16], [(2, 4), (2, 14), (2, 15), (4, 16), (4, 13), (13, 14), (13, 14), (15, 16), (15, 16)])
([999], [12, 13, 14, 15, 16, 17], [(12, 13), (12, 13), (12, 15), (13, 17), (14, 16), (14, 16), (14, 15), (15, 17), (16, 17)])
([1020], [2, 4, 9, 10, 11, 12], [(2, 11), (2, 10), (2, 4), (4, 9), (4, 12), (9, 10), (9, 10), (11, 12), (11, 12)])
([1021], [2, 4, 11, 12, 13, 15], [(2, 12), (2, 4), (2, 15), (4, 11), (4, 13), (11, 15), (11, 15), (12, 13), (12, 13)])
([1022], [2, 4, 11, 12, 13, 14], [(2, 12), (2, 4), (2, 13), (4, 11), (4, 14), (11, 12), (11, 12), (13, 14), (13, 14)])
([1025], [3, 6, 11, 12, 13, 17], [(3, 17), (3, 13), (3, 6), (6, 11), (6, 12), (11, 17), (11, 17), (12, 13), (12, 13)])
([1026], [3, 5, 11, 12, 13, 15], [(3, 12), (3, 5), (3, 15), (5, 11), (5, 13), (11, 15), (11, 15), (12, 13), (12, 13)])
([1031], [1, 4, 13, 14, 15, 16], [(1, 4), (1, 14), (1, 15), (4, 16), (4, 13), (13, 14), (13, 14), (15, 16), (15, 16)])
([1032], [1, 4, 13, 14, 15, 16], [(1, 4), (1, 14), (1, 15), (4, 16), (4, 13), (13, 14), (13, 14), (15, 16), (15, 16)])
([1034], [1, 4, 13, 14, 15, 16], [(1, 4), (1, 14), (1, 15), (4, 16), (4, 13), (13, 15), (13, 15), (14, 16), (14, 16)])
([1037], [11, 12, 13, 14, 16, 17], [(11, 16), (11, 16), (11, 14), (12, 13), (12, 13), (12, 14), (13, 17), (14, 17), (16, 17)])
([1038], [11, 12, 13, 14, 16, 17], [(11, 16), (11, 16), (11, 14), (12, 13), (12, 13), (12, 14), (13, 17), (14, 17), (16, 17)])
([1039], [11, 12, 13, 14, 16, 17], [(11, 16), (11, 16), (11, 14), (12, 17), (12, 13), (12, 13), (13, 14), (14, 17), (16, 17)])
([1040], [10, 11, 12, 14, 16, 17], [(10, 16), (10, 16), (10, 14), (11, 17), (11, 12), (11, 12), (12, 14), (14, 17), (16, 17)])
([1045], [12, 13, 14, 15, 16, 17], [(12, 16), (12, 16), (12, 14), (13, 17), (13, 15), (13, 15), (14, 15), (14, 17), (16, 17)])
([1051], [12, 13, 14, 15, 16, 17], [(12, 16), (12, 16), (12, 15), (13, 14), (13, 14), (13, 15), (14, 17), (15, 17), (16, 17)])
([1060], [1, 4, 11, 12, 13, 16], [(1, 12), (1, 4), (1, 13), (4, 11), (4, 16), (11, 12), (11, 12), (13, 16), (13, 16)])
([1076], [12, 13, 14, 15, 16, 17], [(12, 16), (12, 16), (12, 14), (13, 17), (13, 15), (13, 15), (14, 17), (14, 15), (16, 17)])
([1077], [12, 13, 14, 15, 16, 17], [(12, 16), (12, 16), (12, 14), (13, 17), (13, 15), (13, 15), (14, 15), (14, 17), (16, 17)])
([1078], [12, 13, 14, 15, 16, 17], [(12, 17), (12, 14), (12, 14), (13, 15), (13, 14), (13, 17), (15, 16), (15, 16), (16, 17)])
([1079], [11, 12, 13, 14, 16, 17], [(11, 16), (11, 16), (11, 14), (12, 17), (12, 13), (12, 13), (13, 14), (14, 17), (16, 17)])
([1080], [12, 13, 14, 15, 16, 17], [(12, 16), (12, 16), (12, 15), (13, 14), (13, 14), (13, 15), (14, 17), (15, 17), (16, 17)])
([1081], [12, 13, 14, 15, 16, 17], [(12, 16), (12, 16), (12, 15), (13, 14), (13, 14), (13, 15), (14, 17), (15, 17), (16, 17)])
([1082], [12, 13, 14, 15, 16, 17], [(12, 16), (12, 16), (12, 15), (13, 14), (13, 14), (13, 15), (14, 17), (15, 17), (16, 17)])
([1083], [10, 11, 12, 13, 16, 17], [(10, 16), (10, 16), (10, 13), (11, 12), (11, 12), (11, 13), (12, 17), (13, 17), (16, 17)])
([1084], [12, 13, 14, 15, 16, 17], [(12, 13), (12, 13), (12, 14), (13, 17), (14, 15), (14, 17), (15, 16), (15, 16), (16, 17)])
([1085], [12, 13, 14, 15, 16, 17], [(12, 16), (12, 16), (12, 15), (13, 14), (13, 14), (13, 15), (14, 17), (15, 17), (16, 17)])
([1120], [12, 13, 14, 15, 16, 17], [(12, 17), (12, 14), (12, 15), (13, 17), (13, 15), (13, 15), (14, 16), (14, 16), (16, 17)])
([1138], [1, 4, 10, 11, 12, 13], [(1, 12), (1, 11), (1, 4), (4, 10), (4, 13), (10, 11), (10, 11), (12, 13), (12, 13)])
([1139], [2, 5, 10, 11, 12, 13], [(2, 12), (2, 5), (2, 13), (5, 11), (5, 10), (10, 13), (10, 13), (11, 12), (11, 12)])
([1173], [2, 4, 11, 12, 13, 14], [(2, 12), (2, 4), (2, 13), (4, 11), (4, 14), (11, 12), (11, 12), (13, 14), (13, 14)])
([1175], [3, 5, 11, 12, 13, 15], [(3, 12), (3, 5), (3, 15), (5, 11), (5, 13), (11, 15), (11, 15), (12, 13), (12, 13)])
([1177], [2, 5, 13, 14, 15, 16], [(2, 5), (2, 14), (2, 15), (5, 16), (5, 13), (13, 15), (13, 15), (14, 16), (14, 16)])
([1179], [1, 4, 11, 12, 13, 16], [(1, 12), (1, 4), (1, 13), (4, 16), (4, 11), (11, 13), (11, 13), (12, 16), (12, 16)])
([1207], [11, 12, 14, 15, 16, 17], [(11, 17), (11, 12), (11, 12), (12, 15), (14, 16), (14, 16), (14, 15), (15, 17), (16, 17)])
([1223], [3, 5, 13, 14, 15, 17], [(3, 17), (3, 5), (3, 14), (5, 13), (5, 15), (13, 17), (13, 17), (14, 15), (14, 15)])
([1225], [3, 5, 13, 14, 15, 17], [(3, 17), (3, 5), (3, 14), (5, 13), (5, 15), (13, 17), (13, 17), (14, 15), (14, 15)])
([1226], [5, 7, 12, 13, 14, 17], [(5, 17), (5, 7), (5, 13), (7, 12), (7, 14), (12, 17), (12, 17), (13, 14), (13, 14)])
([1270], [3, 6, 13, 14, 15, 17], [(3, 17), (3, 6), (3, 15), (6, 14), (6, 13), (13, 17), (13, 17), (14, 15), (14, 15)])
([1276], [12, 13, 14, 15, 16, 17], [(12, 16), (12, 16), (12, 15), (13, 14), (13, 14), (13, 15), (14, 17), (15, 17), (16, 17)])
