15
32
39
47
53
70
76
83
90
93
94
96
97
98
115
128
134
145
154
159
164
166
167
168
169
170
182
191
219
229
232
234
245
247
249
250
251
252
264
282
285
290
304
314
318
323
328
347
353
371
381
383
386
398
400
402
403
406
410
412
414
415
416
417
419
421
423
425
456
467
472
477
488
491
529
530
531
532
533
534
538
541
547
572
576
585
608
617
625
660
661
662
663
664
665
666
667
672
716
719
740
741
742
743
744
756
758
762
763
765
779
780
805
806
807
821
823
824
825
826
827
833
844
855
868
869
871
876
891
892
893
894
898
899
910
921
922
923
925
926
928
935
945
946
952
956
962
963
964
965
976
977
985
992
996
999
1020
1021
1022
1025
1026
1031
1032
1034
1037
1038
1039
1040
1045
1051
1060
1076
1077
1078
1079
1080
1081
1082
1083
1084
1085
1120
1138
1139
1173
1175
1177
1179
1207
1223
1225
1226
1270
1276
