[[0,1,3],[1,2,3],[2,3,4],[0,3,5],[3,4,5],[4,5,6],[2,4,7],[4,6,7],[5,6,8],[6,7,8],[7,8,9],[5,8,10],[8,9,10],[9,10,11],[7,9,12],[9,11,12]]
[[0,1,3],[1,2,3],[2,3,4],[0,3,5],[2,4,7],[4,6,7],[5,6,8],[6,7,8],[7,8,9],[5,8,10],[8,9,10],[9,10,11],[7,9,12],[9,11,12],[3,5,6],[3,4,6]]
[[0,1,3],[0,3,5],[3,4,5],[4,5,6],[2,4,7],[4,6,7],[5,6,8],[6,7,8],[7,8,9],[5,8,10],[8,9,10],[9,10,11],[7,9,12],[9,11,12],[1,2,4],[1,3,4]]
[[0,1,3],[1,2,3],[0,3,5],[4,5,6],[2,4,7],[4,6,7],[5,6,8],[6,7,8],[7,8,9],[5,8,10],[8,9,10],[9,10,11],[7,9,12],[9,11,12],[2,4,5],[2,3,5]]
[[0,3,5],[3,4,5],[4,5,6],[2,4,7],[4,6,7],[5,6,8],[6,7,8],[7,8,9],[5,8,10],[8,9,10],[9,10,11],[7,9,12],[9,11,12],[0,3,4],[0,1,4],[1,2,4]]
[[0,1,3],[0,3,5],[2,4,7],[4,6,7],[5,6,8],[6,7,8],[7,8,9],[5,8,10],[8,9,10],[9,10,11],[7,9,12],[9,11,12],[3,5,6],[1,2,4],[3,4,6],[1,3,4]]
[[0,1,3],[0,3,5],[3,4,5],[4,5,6],[2,4,7],[4,6,7],[5,6,8],[6,7,8],[7,8,9],[5,8,10],[7,9,12],[9,11,12],[8,10,11],[1,2,4],[1,3,4],[8,9,11]]
[[0,1,3],[0,3,5],[3,4,5],[4,5,6],[2,4,7],[4,6,7],[5,6,8],[6,7,8],[5,8,10],[9,10,11],[7,9,12],[9,11,12],[1,2,4],[1,3,4],[7,9,10],[7,8,10]]
[[0,1,3],[0,3,5],[3,4,5],[4,5,6],[2,4,7],[4,6,7],[5,6,8],[5,8,10],[8,9,10],[9,10,11],[7,9,12],[9,11,12],[6,7,9],[1,2,4],[6,8,9],[1,3,4]]
[[0,1,3],[1,2,3],[0,3,5],[4,5,6],[2,4,7],[4,6,7],[5,6,8],[5,8,10],[8,9,10],[9,10,11],[7,9,12],[9,11,12],[6,7,9],[6,8,9],[2,4,5],[2,3,5]]
[[0,1,3],[1,2,3],[0,3,5],[4,5,6],[2,4,7],[4,6,7],[5,6,8],[6,7,8],[5,8,10],[9,10,11],[7,9,12],[9,11,12],[2,4,5],[2,3,5],[7,9,10],[7,8,10]]
[[0,1,3],[1,2,3],[2,3,4],[0,3,5],[2,4,7],[5,6,8],[6,7,8],[7,8,9],[5,8,10],[8,9,10],[9,10,11],[7,9,12],[9,11,12],[3,5,6],[3,6,7],[3,4,7]]
[[0,1,3],[1,2,3],[2,3,4],[0,3,5],[2,4,7],[4,6,7],[6,7,8],[7,8,9],[5,8,10],[8,9,10],[9,10,11],[7,9,12],[9,11,12],[3,4,6],[3,6,8],[3,5,8]]
[[0,1,3],[1,2,3],[2,3,4],[0,3,5],[2,4,7],[4,6,7],[5,6,8],[5,8,10],[8,9,10],[9,10,11],[7,9,12],[9,11,12],[6,7,9],[3,5,6],[3,4,6],[6,8,9]]
[[0,1,3],[0,3,5],[2,4,7],[4,6,7],[6,7,8],[7,8,9],[5,8,10],[8,9,10],[9,10,11],[7,9,12],[9,11,12],[1,2,4],[3,4,6],[3,6,8],[1,3,4],[3,5,8]]
[[0,1,3],[1,2,3],[2,3,4],[0,3,5],[2,4,7],[4,6,7],[6,7,8],[7,8,9],[5,8,10],[7,9,12],[9,11,12],[8,10,11],[3,4,6],[3,6,8],[8,9,11],[3,5,8]]
[[0,1,3],[1,2,3],[2,3,4],[0,3,5],[2,4,7],[4,6,7],[6,7,8],[7,8,9],[8,9,10],[9,10,11],[7,9,12],[9,11,12],[3,8,10],[3,5,10],[3,4,6],[3,6,8]]
[[0,1,3],[1,2,3],[2,3,4],[0,3,5],[2,4,7],[6,7,8],[7,8,9],[5,8,10],[8,9,10],[9,10,11],[7,9,12],[9,11,12],[3,6,7],[3,4,7],[3,6,8],[3,5,8]]
[[0,1,3],[1,2,3],[2,3,4],[0,3,5],[2,4,7],[4,6,7],[6,7,8],[5,8,10],[9,10,11],[7,9,12],[9,11,12],[3,4,6],[3,6,8],[7,9,10],[7,8,10],[3,5,8]]
[[0,1,3],[1,2,3],[2,3,4],[2,4,7],[4,6,7],[6,7,8],[7,8,9],[5,8,10],[8,9,10],[9,10,11],[7,9,12],[9,11,12],[0,3,8],[0,5,8],[3,4,6],[3,6,8]]
[[0,1,3],[1,2,3],[2,3,4],[0,3,5],[2,4,7],[4,6,7],[5,8,10],[8,9,10],[9,10,11],[7,9,12],[9,11,12],[6,7,9],[3,4,6],[6,8,9],[3,6,8],[3,5,8]]
[[0,1,3],[0,3,5],[2,4,7],[5,6,8],[6,7,8],[7,8,9],[5,8,10],[8,9,10],[9,10,11],[7,9,12],[9,11,12],[3,5,6],[3,6,7],[3,4,7],[1,2,4],[1,3,4]]
[[0,1,3],[1,2,3],[2,3,4],[0,3,5],[2,4,7],[5,6,8],[6,7,8],[7,8,9],[5,8,10],[7,9,12],[9,11,12],[8,10,11],[3,5,6],[3,6,7],[3,4,7],[8,9,11]]
[[0,1,3],[1,2,3],[2,3,4],[0,3,5],[2,4,7],[5,6,8],[6,7,8],[5,8,10],[9,10,11],[7,9,12],[9,11,12],[3,5,6],[3,6,7],[3,4,7],[7,9,10],[7,8,10]]
[[0,1,3],[1,2,3],[2,3,4],[0,3,5],[2,4,7],[5,6,8],[5,8,10],[8,9,10],[9,10,11],[7,9,12],[9,11,12],[6,7,9],[3,5,6],[3,6,7],[3,4,7],[6,8,9]]
[[0,3,5],[3,4,5],[4,5,6],[2,4,7],[4,6,7],[5,6,8],[6,7,8],[7,8,9],[5,8,10],[7,9,12],[9,11,12],[8,10,11],[0,3,4],[0,1,4],[1,2,4],[8,9,11]]
[[0,1,3],[0,3,5],[2,4,7],[4,6,7],[5,6,8],[6,7,8],[7,8,9],[5,8,10],[7,9,12],[9,11,12],[8,10,11],[3,5,6],[1,2,4],[3,4,6],[1,3,4],[8,9,11]]
[[0,1,3],[0,3,5],[2,4,7],[4,6,7],[5,6,8],[5,8,10],[8,9,10],[9,10,11],[7,9,12],[9,11,12],[6,7,9],[3,5,6],[1,2,4],[3,4,6],[6,8,9],[1,3,4]]
[[0,3,5],[2,4,7],[4,6,7],[5,6,8],[6,7,8],[7,8,9],[5,8,10],[8,9,10],[9,10,11],[7,9,12],[9,11,12],[3,5,6],[0,3,4],[0,1,4],[1,2,4],[3,4,6]]
[[0,1,3],[0,3,5],[2,4,7],[4,6,7],[5,6,8],[6,7,8],[5,8,10],[9,10,11],[7,9,12],[9,11,12],[3,5,6],[1,2,4],[3,4,6],[1,3,4],[7,9,10],[7,8,10]]
[[0,1,3],[0,3,5],[2,4,7],[4,6,7],[5,6,8],[6,7,8],[7,8,9],[5,8,10],[8,9,10],[9,10,11],[7,9,12],[9,11,12],[3,5,6],[1,2,4],[1,4,6],[1,3,6]]
[[0,3,5],[3,4,5],[4,5,6],[2,4,7],[4,6,7],[5,6,8],[6,7,8],[5,8,10],[9,10,11],[7,9,12],[9,11,12],[0,3,4],[0,1,4],[1,2,4],[7,9,10],[7,8,10]]
[[0,3,5],[3,4,5],[4,5,6],[2,4,7],[4,6,7],[5,6,8],[5,8,10],[8,9,10],[9,10,11],[7,9,12],[9,11,12],[6,7,9],[0,3,4],[0,1,4],[1,2,4],[6,8,9]]
[[0,1,3],[0,3,5],[2,4,7],[4,6,7],[6,7,8],[7,8,9],[5,8,10],[7,9,12],[9,11,12],[8,10,11],[1,2,4],[3,4,6],[3,6,8],[1,3,4],[8,9,11],[3,5,8]]
[[0,1,3],[1,2,3],[2,3,4],[0,3,5],[2,4,7],[4,6,7],[6,7,8],[7,8,9],[7,9,12],[9,11,12],[8,10,11],[3,8,10],[3,5,10],[3,4,6],[3,6,8],[8,9,11]]
[[0,1,3],[1,2,3],[2,3,4],[0,3,5],[2,4,7],[6,7,8],[7,8,9],[5,8,10],[7,9,12],[9,11,12],[8,10,11],[3,6,7],[3,4,7],[3,6,8],[8,9,11],[3,5,8]]
[[0,1,3],[1,2,3],[2,3,4],[0,3,5],[2,4,7],[4,6,7],[6,7,8],[7,8,9],[5,8,10],[7,9,12],[8,10,11],[8,11,12],[8,9,12],[3,4,6],[3,6,8],[3,5,8]]
[[0,1,3],[1,2,3],[2,3,4],[0,3,5],[2,4,7],[4,6,7],[5,8,10],[7,9,12],[9,11,12],[8,10,11],[6,7,9],[3,4,6],[6,8,9],[3,6,8],[8,9,11],[3,5,8]]
[[0,1,3],[1,2,3],[2,3,4],[2,4,7],[4,6,7],[6,7,8],[7,8,9],[5,8,10],[7,9,12],[9,11,12],[8,10,11],[0,3,8],[0,5,8],[3,4,6],[3,6,8],[8,9,11]]
[[0,1,3],[0,3,5],[2,4,7],[4,6,7],[5,8,10],[8,9,10],[9,10,11],[7,9,12],[9,11,12],[6,7,9],[1,2,4],[3,4,6],[6,8,9],[3,6,8],[1,3,4],[3,5,8]]
[[0,1,3],[1,2,3],[2,3,4],[0,3,5],[2,4,7],[5,8,10],[8,9,10],[9,10,11],[7,9,12],[9,11,12],[3,4,6],[6,8,9],[4,6,9],[3,6,8],[4,7,9],[3,5,8]]
[[0,1,3],[1,2,3],[2,3,4],[0,3,5],[2,4,7],[4,6,7],[8,9,10],[9,10,11],[7,9,12],[9,11,12],[6,7,9],[3,8,10],[3,5,10],[3,4,6],[6,8,9],[3,6,8]]
[[0,1,3],[1,2,3],[2,3,4],[0,3,5],[2,4,7],[5,8,10],[8,9,10],[9,10,11],[7,9,12],[9,11,12],[6,7,9],[3,6,7],[3,4,7],[6,8,9],[3,6,8],[3,5,8]]
[[0,1,3],[1,2,3],[2,3,4],[2,4,7],[4,6,7],[5,8,10],[8,9,10],[9,10,11],[7,9,12],[9,11,12],[6,7,9],[0,3,8],[0,5,8],[3,4,6],[6,8,9],[3,6,8]]
[[0,1,3],[0,3,5],[2,4,7],[4,6,7],[6,7,8],[5,8,10],[9,10,11],[7,9,12],[9,11,12],[1,2,4],[3,4,6],[3,6,8],[1,3,4],[7,9,10],[7,8,10],[3,5,8]]
[[0,1,3],[1,2,3],[2,3,4],[0,3,5],[2,4,7],[4,6,7],[6,7,8],[9,10,11],[7,9,12],[9,11,12],[3,8,10],[3,5,10],[3,4,6],[3,6,8],[7,9,10],[7,8,10]]
[[0,1,3],[1,2,3],[2,3,4],[0,3,5],[2,4,7],[6,7,8],[5,8,10],[9,10,11],[7,9,12],[9,11,12],[3,6,7],[3,4,7],[3,6,8],[7,9,10],[7,8,10],[3,5,8]]
[[0,1,3],[1,2,3],[2,3,4],[2,4,7],[4,6,7],[6,7,8],[5,8,10],[9,10,11],[7,9,12],[9,11,12],[0,3,8],[0,5,8],[3,4,6],[3,6,8],[7,9,10],[7,8,10]]
[[0,1,3],[0,3,5],[2,4,7],[4,6,7],[5,6,8],[5,8,10],[8,9,10],[9,10,11],[7,9,12],[9,11,12],[6,7,9],[3,5,6],[1,2,4],[1,4,6],[1,3,6],[6,8,9]]
[[0,1,3],[0,3,5],[2,4,7],[4,6,7],[5,6,8],[6,7,8],[5,8,10],[9,10,11],[7,9,12],[9,11,12],[3,5,6],[1,2,4],[1,4,6],[1,3,6],[7,9,10],[7,8,10]]
[[0,1,3],[0,3,5],[2,4,7],[4,6,7],[6,7,8],[7,8,9],[5,8,10],[8,9,10],[9,10,11],[7,9,12],[9,11,12],[1,2,4],[1,4,6],[1,3,6],[3,6,8],[3,5,8]]
[[0,1,3],[0,3,5],[2,4,7],[4,6,7],[5,6,8],[6,7,8],[7,8,9],[5,8,10],[7,9,12],[9,11,12],[8,10,11],[3,5,6],[1,2,4],[1,4,6],[1,3,6],[8,9,11]]
[[0,3,5],[2,4,7],[4,6,7],[5,6,8],[6,7,8],[7,8,9],[5,8,10],[7,9,12],[9,11,12],[8,10,11],[3,5,6],[0,3,4],[0,1,4],[1,2,4],[3,4,6],[8,9,11]]
[[0,1,3],[0,3,5],[2,4,7],[5,6,8],[6,7,8],[7,8,9],[5,8,10],[7,9,12],[9,11,12],[8,10,11],[3,5,6],[3,6,7],[3,4,7],[1,2,4],[1,3,4],[8,9,11]]
[[0,1,3],[0,3,5],[2,4,7],[4,6,7],[5,6,8],[6,7,8],[7,8,9],[5,8,10],[7,9,12],[8,10,11],[8,11,12],[8,9,12],[3,5,6],[1,2,4],[3,4,6],[1,3,4]]
[[0,1,3],[0,3,5],[2,4,7],[4,6,7],[5,6,8],[5,8,10],[7,9,12],[9,11,12],[8,10,11],[6,7,9],[3,5,6],[1,2,4],[3,4,6],[6,8,9],[1,3,4],[8,9,11]]
[[0,3,5],[2,4,7],[4,6,7],[6,7,8],[7,8,9],[5,8,10],[8,9,10],[9,10,11],[7,9,12],[9,11,12],[0,3,4],[0,1,4],[1,2,4],[3,4,6],[3,6,8],[3,5,8]]
[[0,1,3],[0,3,5],[2,4,7],[4,6,7],[6,7,8],[7,8,9],[8,9,10],[9,10,11],[7,9,12],[9,11,12],[1,2,4],[3,8,10],[3,5,10],[3,4,6],[3,6,8],[1,3,4]]
[[0,1,3],[0,3,5],[2,4,7],[6,7,8],[7,8,9],[5,8,10],[8,9,10],[9,10,11],[7,9,12],[9,11,12],[3,6,7],[3,4,7],[1,2,4],[3,6,8],[1,3,4],[3,5,8]]
[[0,1,3],[2,4,7],[4,6,7],[6,7,8],[7,8,9],[5,8,10],[8,9,10],[9,10,11],[7,9,12],[9,11,12],[1,2,4],[0,3,8],[0,5,8],[3,4,6],[3,6,8],[1,3,4]]
[[0,1,3],[1,2,3],[2,3,4],[0,3,5],[2,4,7],[5,6,8],[6,7,8],[7,8,9],[5,8,10],[7,9,12],[8,10,11],[8,11,12],[8,9,12],[3,5,6],[3,6,7],[3,4,7]]
[[0,3,5],[2,4,7],[4,6,7],[5,6,8],[6,7,8],[5,8,10],[9,10,11],[7,9,12],[9,11,12],[3,5,6],[0,3,4],[0,1,4],[1,2,4],[3,4,6],[7,9,10],[7,8,10]]
[[0,1,3],[0,3,5],[2,4,7],[5,6,8],[6,7,8],[5,8,10],[9,10,11],[7,9,12],[9,11,12],[3,5,6],[3,6,7],[3,4,7],[1,2,4],[1,3,4],[7,9,10],[7,8,10]]
[[0,3,5],[2,4,7],[4,6,7],[5,6,8],[5,8,10],[8,9,10],[9,10,11],[7,9,12],[9,11,12],[6,7,9],[3,5,6],[0,3,4],[0,1,4],[1,2,4],[3,4,6],[6,8,9]]
[[0,1,3],[1,2,3],[2,3,4],[0,3,5],[2,4,7],[6,7,8],[7,8,9],[8,9,10],[9,10,11],[7,9,12],[9,11,12],[3,6,7],[3,4,7],[3,8,10],[3,5,10],[3,6,8]]
[[0,3,5],[3,4,5],[4,5,6],[2,4,7],[4,6,7],[5,6,8],[6,7,8],[7,8,9],[5,8,10],[7,9,12],[8,10,11],[8,11,12],[8,9,12],[0,3,4],[0,1,4],[1,2,4]]
[[0,1,3],[1,2,3],[2,3,4],[2,4,7],[6,7,8],[7,8,9],[5,8,10],[8,9,10],[9,10,11],[7,9,12],[9,11,12],[3,6,7],[3,4,7],[0,3,8],[0,5,8],[3,6,8]]
[[0,3,5],[2,4,7],[5,6,8],[6,7,8],[7,8,9],[5,8,10],[8,9,10],[9,10,11],[7,9,12],[9,11,12],[3,5,6],[3,6,7],[3,4,7],[0,3,4],[0,1,4],[1,2,4]]
[[0,3,5],[2,4,7],[6,7,8],[7,8,9],[5,8,10],[8,9,10],[9,10,11],[7,9,12],[9,11,12],[3,6,7],[3,4,7],[0,3,4],[0,1,4],[1,2,4],[3,6,8],[3,5,8]]
[[0,1,3],[0,3,5],[2,4,7],[6,7,8],[7,8,9],[5,8,10],[7,9,12],[9,11,12],[8,10,11],[3,6,7],[3,4,7],[1,2,4],[3,6,8],[1,3,4],[8,9,11],[3,5,8]]
[[0,1,3],[0,3,5],[2,4,7],[6,7,8],[7,8,9],[8,9,10],[9,10,11],[7,9,12],[9,11,12],[3,6,7],[3,4,7],[1,2,4],[3,8,10],[3,5,10],[3,6,8],[1,3,4]]
[[0,1,3],[0,3,5],[2,4,7],[6,7,8],[5,8,10],[9,10,11],[7,9,12],[9,11,12],[3,6,7],[3,4,7],[1,2,4],[3,6,8],[1,3,4],[7,9,10],[7,8,10],[3,5,8]]
[[0,1,3],[2,4,7],[6,7,8],[7,8,9],[5,8,10],[8,9,10],[9,10,11],[7,9,12],[9,11,12],[3,6,7],[3,4,7],[1,2,4],[0,3,8],[0,5,8],[3,6,8],[1,3,4]]
[[0,1,3],[0,3,5],[2,4,7],[5,8,10],[8,9,10],[9,10,11],[7,9,12],[9,11,12],[6,7,9],[3,6,7],[3,4,7],[1,2,4],[6,8,9],[3,6,8],[1,3,4],[3,5,8]]
[[0,3,5],[2,4,7],[5,6,8],[6,7,8],[5,8,10],[9,10,11],[7,9,12],[9,11,12],[3,5,6],[3,6,7],[3,4,7],[0,3,4],[0,1,4],[1,2,4],[7,9,10],[7,8,10]]
[[0,1,3],[0,3,5],[2,4,7],[4,6,7],[6,7,8],[7,8,9],[5,8,10],[7,9,12],[8,10,11],[8,11,12],[8,9,12],[1,2,4],[3,4,6],[3,6,8],[1,3,4],[3,5,8]]
[[0,1,3],[0,3,5],[2,4,7],[4,6,7],[5,6,8],[6,7,8],[7,8,9],[5,8,10],[7,9,12],[8,10,11],[8,11,12],[8,9,12],[3,5,6],[1,2,4],[1,4,6],[1,3,6]]
[[0,3,5],[2,4,7],[4,6,7],[5,8,10],[8,9,10],[9,10,11],[7,9,12],[9,11,12],[6,7,9],[0,3,4],[0,1,4],[1,2,4],[3,4,6],[6,8,9],[3,6,8],[3,5,8]]
[[0,1,3],[0,3,5],[2,4,7],[4,6,7],[5,8,10],[7,9,12],[9,11,12],[8,10,11],[6,7,9],[1,2,4],[3,4,6],[6,8,9],[3,6,8],[1,3,4],[8,9,11],[3,5,8]]
[[0,1,3],[0,3,5],[2,4,7],[5,8,10],[8,9,10],[9,10,11],[7,9,12],[9,11,12],[1,2,4],[3,4,6],[6,8,9],[4,6,9],[3,6,8],[1,3,4],[4,7,9],[3,5,8]]
[[0,1,3],[0,3,5],[2,4,7],[4,6,7],[8,9,10],[9,10,11],[7,9,12],[9,11,12],[6,7,9],[1,2,4],[3,8,10],[3,5,10],[3,4,6],[6,8,9],[3,6,8],[1,3,4]]
[[0,1,3],[2,4,7],[4,6,7],[5,8,10],[8,9,10],[9,10,11],[7,9,12],[9,11,12],[6,7,9],[1,2,4],[0,3,8],[0,5,8],[3,4,6],[6,8,9],[3,6,8],[1,3,4]]
[[0,1,3],[0,3,5],[2,4,7],[4,6,7],[5,8,10],[8,9,10],[9,10,11],[7,9,12],[9,11,12],[6,7,9],[1,2,4],[1,4,6],[1,3,6],[6,8,9],[3,6,8],[3,5,8]]
[[0,3,5],[2,4,7],[4,6,7],[6,7,8],[5,8,10],[9,10,11],[7,9,12],[9,11,12],[0,3,4],[0,1,4],[1,2,4],[3,4,6],[3,6,8],[7,9,10],[7,8,10],[3,5,8]]
[[0,1,3],[0,3,5],[2,4,7],[4,6,7],[6,7,8],[9,10,11],[7,9,12],[9,11,12],[1,2,4],[3,8,10],[3,5,10],[3,4,6],[3,6,8],[1,3,4],[7,9,10],[7,8,10]]
[[0,1,3],[2,4,7],[4,6,7],[6,7,8],[5,8,10],[9,10,11],[7,9,12],[9,11,12],[1,2,4],[0,3,8],[0,5,8],[3,4,6],[3,6,8],[1,3,4],[7,9,10],[7,8,10]]
[[0,1,3],[0,3,5],[2,4,7],[4,6,7],[6,7,8],[5,8,10],[9,10,11],[7,9,12],[9,11,12],[1,2,4],[1,4,6],[1,3,6],[3,6,8],[7,9,10],[7,8,10],[3,5,8]]
[[0,1,3],[1,2,3],[2,3,4],[0,3,5],[2,4,7],[6,7,8],[7,8,9],[7,9,12],[9,11,12],[8,10,11],[3,6,7],[3,4,7],[3,8,10],[3,5,10],[3,6,8],[8,9,11]]
[[0,1,3],[1,2,3],[2,3,4],[0,3,5],[2,4,7],[6,7,8],[9,10,11],[7,9,12],[9,11,12],[3,6,7],[3,4,7],[3,8,10],[3,5,10],[3,6,8],[7,9,10],[7,8,10]]
[[0,1,3],[1,2,3],[2,3,4],[0,3,5],[2,4,7],[8,9,10],[9,10,11],[7,9,12],[9,11,12],[6,7,9],[3,6,7],[3,4,7],[3,8,10],[3,5,10],[6,8,9],[3,6,8]]
[[0,1,3],[1,2,3],[2,3,4],[0,3,5],[2,4,7],[4,6,7],[7,9,12],[9,11,12],[8,10,11],[6,7,9],[3,8,10],[3,5,10],[3,4,6],[6,8,9],[3,6,8],[8,9,11]]
[[0,1,3],[1,2,3],[2,3,4],[0,3,5],[2,4,7],[8,9,10],[9,10,11],[7,9,12],[9,11,12],[3,8,10],[3,5,10],[3,4,6],[6,8,9],[4,6,9],[3,6,8],[4,7,9]]
[[0,3,5],[2,4,7],[4,6,7],[6,7,8],[7,8,9],[8,9,10],[9,10,11],[7,9,12],[9,11,12],[0,3,4],[0,1,4],[1,2,4],[3,8,10],[3,5,10],[3,4,6],[3,6,8]]
[[2,4,7],[4,6,7],[6,7,8],[7,8,9],[5,8,10],[8,9,10],[9,10,11],[7,9,12],[9,11,12],[0,3,4],[0,1,4],[1,2,4],[0,3,8],[0,5,8],[3,4,6],[3,6,8]]
[[0,3,5],[2,4,7],[5,6,8],[5,8,10],[8,9,10],[9,10,11],[7,9,12],[9,11,12],[3,5,6],[0,3,4],[0,1,4],[1,2,4],[3,4,6],[6,8,9],[4,6,9],[4,7,9]]
[[0,1,3],[1,2,3],[2,3,4],[2,4,7],[6,7,8],[7,8,9],[5,8,10],[7,9,12],[9,11,12],[8,10,11],[3,6,7],[3,4,7],[0,3,8],[0,5,8],[3,6,8],[8,9,11]]
[[0,1,3],[1,2,3],[2,3,4],[2,4,7],[6,7,8],[5,8,10],[9,10,11],[7,9,12],[9,11,12],[3,6,7],[3,4,7],[0,3,8],[0,5,8],[3,6,8],[7,9,10],[7,8,10]]
[[0,1,3],[1,2,3],[2,3,4],[2,4,7],[5,8,10],[8,9,10],[9,10,11],[7,9,12],[9,11,12],[6,7,9],[3,6,7],[3,4,7],[0,3,8],[0,5,8],[6,8,9],[3,6,8]]
[[0,1,3],[1,2,3],[2,3,4],[2,4,7],[4,6,7],[5,8,10],[7,9,12],[9,11,12],[8,10,11],[6,7,9],[0,3,8],[0,5,8],[3,4,6],[6,8,9],[3,6,8],[8,9,11]]
[[0,1,3],[1,2,3],[2,3,4],[2,4,7],[5,8,10],[8,9,10],[9,10,11],[7,9,12],[9,11,12],[0,3,8],[0,5,8],[3,4,6],[6,8,9],[4,6,9],[3,6,8],[4,7,9]]
[[0,1,3],[0,3,5],[2,4,7],[4,6,7],[6,7,8],[7,8,9],[5,8,10],[7,9,12],[9,11,12],[8,10,11],[1,2,4],[1,4,6],[1,3,6],[3,6,8],[8,9,11],[3,5,8]]
[[0,1,3],[0,3,5],[2,4,7],[4,6,7],[6,7,8],[7,8,9],[5,8,10],[8,9,10],[9,10,11],[7,9,12],[9,11,12],[1,2,4],[1,4,6],[1,6,8],[1,3,8],[3,5,8]]
[[0,1,3],[0,3,5],[2,4,7],[4,6,7],[6,7,8],[7,8,9],[8,9,10],[9,10,11],[7,9,12],[9,11,12],[1,2,4],[1,4,6],[3,8,10],[3,5,10],[1,3,6],[3,6,8]]
[[0,1,3],[2,4,7],[4,6,7],[6,7,8],[7,8,9],[5,8,10],[8,9,10],[9,10,11],[7,9,12],[9,11,12],[1,2,4],[1,4,6],[1,3,6],[0,3,8],[0,5,8],[3,6,8]]
[[0,1,3],[0,3,5],[2,4,7],[5,6,8],[5,8,10],[8,9,10],[9,10,11],[7,9,12],[9,11,12],[3,5,6],[1,2,4],[1,4,6],[1,3,6],[6,8,9],[4,6,9],[4,7,9]]
[[0,1,3],[0,3,5],[2,4,7],[4,6,7],[5,6,8],[5,8,10],[7,9,12],[9,11,12],[8,10,11],[6,7,9],[3,5,6],[1,2,4],[1,4,6],[1,3,6],[6,8,9],[8,9,11]]
[[0,1,3],[0,3,5],[2,4,7],[4,6,7],[6,7,8],[7,8,9],[7,9,12],[9,11,12],[8,10,11],[1,2,4],[3,8,10],[3,5,10],[3,4,6],[3,6,8],[1,3,4],[8,9,11]]
[[0,1,3],[2,4,7],[4,6,7],[6,7,8],[7,8,9],[5,8,10],[7,9,12],[9,11,12],[8,10,11],[1,2,4],[0,3,8],[0,5,8],[3,4,6],[3,6,8],[1,3,4],[8,9,11]]
[[0,1,3],[1,2,3],[2,3,4],[0,3,5],[2,4,7],[4,6,7],[6,7,8],[7,8,9],[7,9,12],[8,10,11],[8,11,12],[8,9,12],[3,8,10],[3,5,10],[3,4,6],[3,6,8]]
[[0,1,3],[1,2,3],[2,3,4],[0,3,5],[2,4,7],[6,7,8],[7,8,9],[5,8,10],[7,9,12],[8,10,11],[8,11,12],[8,9,12],[3,6,7],[3,4,7],[3,6,8],[3,5,8]]
[[0,1,3],[1,2,3],[2,3,4],[2,4,7],[4,6,7],[6,7,8],[7,8,9],[5,8,10],[7,9,12],[8,10,11],[8,11,12],[8,9,12],[0,3,8],[0,5,8],[3,4,6],[3,6,8]]
[[0,1,3],[0,3,5],[2,4,7],[4,6,7],[6,7,8],[5,8,10],[9,10,11],[7,9,12],[9,11,12],[1,2,4],[1,4,6],[1,6,8],[1,3,8],[7,9,10],[7,8,10],[3,5,8]]
[[0,1,3],[0,3,5],[2,4,7],[4,6,7],[6,7,8],[9,10,11],[7,9,12],[9,11,12],[1,2,4],[1,4,6],[3,8,10],[3,5,10],[1,3,6],[3,6,8],[7,9,10],[7,8,10]]
[[0,1,3],[2,4,7],[4,6,7],[6,7,8],[5,8,10],[9,10,11],[7,9,12],[9,11,12],[1,2,4],[1,4,6],[1,3,6],[0,3,8],[0,5,8],[3,6,8],[7,9,10],[7,8,10]]
[[0,3,5],[2,4,7],[6,7,8],[5,8,10],[9,10,11],[7,9,12],[9,11,12],[3,6,7],[3,4,7],[0,3,4],[0,1,4],[1,2,4],[3,6,8],[7,9,10],[7,8,10],[3,5,8]]
[[0,1,3],[0,3,5],[2,4,7],[6,7,8],[9,10,11],[7,9,12],[9,11,12],[3,6,7],[3,4,7],[1,2,4],[3,8,10],[3,5,10],[3,6,8],[1,3,4],[7,9,10],[7,8,10]]
[[0,1,3],[2,4,7],[6,7,8],[5,8,10],[9,10,11],[7,9,12],[9,11,12],[3,6,7],[3,4,7],[1,2,4],[0,3,8],[0,5,8],[3,6,8],[1,3,4],[7,9,10],[7,8,10]]
[[0,1,3],[0,3,5],[2,4,7],[5,6,8],[5,8,10],[7,9,12],[9,11,12],[8,10,11],[3,5,6],[1,2,4],[1,4,6],[1,3,6],[6,8,9],[4,6,9],[8,9,11],[4,7,9]]
[[0,1,3],[0,3,5],[2,4,7],[5,8,10],[8,9,10],[9,10,11],[7,9,12],[9,11,12],[5,8,9],[5,6,9],[3,5,6],[1,2,4],[1,4,6],[1,3,6],[4,6,9],[4,7,9]]
[[0,1,3],[0,3,5],[2,4,7],[5,6,8],[5,8,10],[8,9,10],[9,10,11],[9,11,12],[3,5,6],[1,2,4],[1,4,6],[4,7,12],[4,9,12],[1,3,6],[6,8,9],[4,6,9]]
[[0,1,3],[0,3,5],[2,4,7],[5,6,8],[5,8,10],[8,9,10],[9,10,11],[7,9,12],[9,11,12],[3,5,6],[1,2,4],[1,4,9],[1,6,9],[1,3,6],[6,8,9],[4,7,9]]
[[0,1,3],[0,3,5],[2,4,7],[5,8,10],[8,9,10],[9,10,11],[7,9,12],[9,11,12],[1,2,4],[1,4,6],[1,3,6],[6,8,9],[4,6,9],[3,6,8],[4,7,9],[3,5,8]]
[[0,1,3],[0,3,5],[5,6,8],[5,8,10],[8,9,10],[9,10,11],[7,9,12],[9,11,12],[3,5,6],[1,2,4],[2,7,9],[2,4,9],[1,4,6],[1,3,6],[6,8,9],[4,6,9]]
[[2,4,7],[4,6,7],[6,7,8],[7,8,9],[5,8,10],[7,9,12],[9,11,12],[8,10,11],[0,3,4],[0,1,4],[1,2,4],[0,3,8],[0,5,8],[3,4,6],[3,6,8],[8,9,11]]
[[0,1,3],[2,4,7],[6,7,8],[7,8,9],[5,8,10],[7,9,12],[9,11,12],[8,10,11],[3,6,7],[3,4,7],[1,2,4],[0,3,8],[0,5,8],[3,6,8],[1,3,4],[8,9,11]]
[[0,1,3],[2,4,7],[4,6,7],[6,7,8],[7,8,9],[5,8,10],[7,9,12],[8,10,11],[8,11,12],[8,9,12],[1,2,4],[0,3,8],[0,5,8],[3,4,6],[3,6,8],[1,3,4]]
[[0,3,5],[2,4,7],[4,6,7],[6,7,8],[7,8,9],[7,9,12],[9,11,12],[8,10,11],[0,3,4],[0,1,4],[1,2,4],[3,8,10],[3,5,10],[3,4,6],[3,6,8],[8,9,11]]
[[0,1,3],[0,3,5],[2,4,7],[4,6,7],[6,7,8],[7,8,9],[7,9,12],[8,10,11],[8,11,12],[8,9,12],[1,2,4],[3,8,10],[3,5,10],[3,4,6],[3,6,8],[1,3,4]]
[[0,1,3],[0,3,5],[2,4,7],[4,6,7],[6,7,8],[7,8,9],[7,9,12],[9,11,12],[8,10,11],[1,2,4],[1,4,6],[3,8,10],[3,5,10],[1,3,6],[3,6,8],[8,9,11]]
[[2,4,7],[4,6,7],[5,8,10],[8,9,10],[9,10,11],[7,9,12],[9,11,12],[6,7,9],[0,3,4],[0,1,4],[1,2,4],[0,3,8],[0,5,8],[3,4,6],[6,8,9],[3,6,8]]
[[0,1,3],[2,4,7],[5,8,10],[8,9,10],[9,10,11],[7,9,12],[9,11,12],[1,2,4],[0,3,8],[0,5,8],[3,4,6],[6,8,9],[4,6,9],[3,6,8],[1,3,4],[4,7,9]]
[[0,1,3],[0,3,5],[2,4,7],[8,9,10],[9,10,11],[7,9,12],[9,11,12],[1,2,4],[3,8,10],[3,5,10],[3,4,6],[6,8,9],[4,6,9],[3,6,8],[1,3,4],[4,7,9]]
[[0,1,3],[0,3,5],[2,4,7],[4,6,7],[8,9,10],[9,10,11],[7,9,12],[9,11,12],[6,7,9],[1,2,4],[1,4,6],[3,8,10],[3,5,10],[1,3,6],[6,8,9],[3,6,8]]
[[0,3,5],[2,4,7],[6,7,8],[7,8,9],[8,9,10],[9,10,11],[7,9,12],[9,11,12],[3,6,7],[3,4,7],[0,3,4],[0,1,4],[1,2,4],[3,8,10],[3,5,10],[3,6,8]]
[[0,1,3],[0,3,5],[2,4,7],[4,6,7],[6,7,8],[7,8,9],[5,8,10],[7,9,12],[9,11,12],[8,10,11],[1,2,4],[1,4,6],[1,6,8],[1,3,8],[8,9,11],[3,5,8]]
[[0,1,3],[0,3,5],[2,4,7],[4,6,7],[5,6,8],[5,8,10],[7,9,12],[9,11,12],[8,10,11],[6,7,9],[3,5,6],[1,2,4],[1,4,6],[6,8,11],[6,9,11],[1,3,6]]
[[0,3,5],[2,4,7],[4,6,7],[6,7,8],[9,10,11],[7,9,12],[9,11,12],[0,3,4],[0,1,4],[1,2,4],[3,8,10],[3,5,10],[3,4,6],[3,6,8],[7,9,10],[7,8,10]]
[[2,4,7],[4,6,7],[6,7,8],[5,8,10],[9,10,11],[7,9,12],[9,11,12],[0,3,4],[0,1,4],[1,2,4],[0,3,8],[0,5,8],[3,4,6],[3,6,8],[7,9,10],[7,8,10]]
[[0,1,3],[0,3,5],[2,4,7],[4,6,7],[6,7,8],[7,8,9],[8,9,10],[9,10,11],[7,9,12],[9,11,12],[1,2,4],[1,4,6],[1,6,8],[1,3,8],[3,8,10],[3,5,10]]
[[0,1,3],[2,4,7],[4,6,7],[6,7,8],[7,8,9],[5,8,10],[8,9,10],[9,10,11],[7,9,12],[9,11,12],[1,2,4],[1,4,6],[1,6,8],[1,3,8],[0,3,8],[0,5,8]]
[[0,1,3],[1,2,3],[2,3,4],[0,3,5],[2,4,7],[4,6,7],[7,9,12],[8,10,11],[8,11,12],[8,9,12],[6,7,9],[3,8,10],[3,5,10],[3,4,6],[6,8,9],[3,6,8]]
[[0,1,3],[1,2,3],[2,3,4],[0,3,5],[2,4,7],[6,7,8],[7,8,9],[7,9,12],[8,10,11],[8,11,12],[8,9,12],[3,6,7],[3,4,7],[3,8,10],[3,5,10],[3,6,8]]
[[0,1,3],[1,2,3],[2,3,4],[0,3,5],[2,4,7],[7,9,12],[9,11,12],[8,10,11],[3,8,10],[3,5,10],[3,4,6],[6,8,9],[4,6,9],[3,6,8],[8,9,11],[4,7,9]]
[[0,3,5],[2,4,7],[5,8,10],[8,9,10],[9,10,11],[7,9,12],[9,11,12],[0,3,4],[0,1,4],[1,2,4],[3,4,6],[6,8,9],[4,6,9],[3,6,8],[4,7,9],[3,5,8]]
[[0,3,5],[2,4,7],[5,6,8],[6,7,8],[5,8,10],[9,10,11],[7,9,12],[9,11,12],[3,5,6],[3,6,7],[0,1,4],[1,2,4],[7,9,10],[7,8,10],[0,3,7],[0,4,7]]
[[0,1,3],[0,3,5],[2,4,7],[5,8,10],[7,9,12],[9,11,12],[8,10,11],[1,2,4],[3,4,6],[6,8,9],[4,6,9],[3,6,8],[1,3,4],[8,9,11],[4,7,9],[3,5,8]]
[[0,1,3],[1,2,3],[2,3,4],[5,8,10],[8,9,10],[9,10,11],[7,9,12],[9,11,12],[2,7,9],[2,4,9],[0,3,8],[0,5,8],[3,4,6],[6,8,9],[4,6,9],[3,6,8]]
[[0,1,3],[1,2,3],[2,3,4],[0,3,5],[8,9,10],[9,10,11],[7,9,12],[9,11,12],[2,7,9],[2,4,9],[3,8,10],[3,5,10],[3,4,6],[6,8,9],[4,6,9],[3,6,8]]
[[0,1,3],[0,3,5],[2,4,7],[5,8,10],[8,9,10],[9,10,11],[7,9,12],[9,11,12],[5,8,9],[5,6,9],[3,5,6],[1,2,4],[1,4,9],[1,6,9],[1,3,6],[4,7,9]]
[[0,1,3],[0,3,5],[5,6,8],[5,8,10],[8,9,10],[9,10,11],[7,9,12],[9,11,12],[3,5,6],[1,2,4],[2,7,9],[2,4,9],[1,4,9],[1,6,9],[1,3,6],[6,8,9]]
[[0,3,5],[2,4,7],[5,8,10],[8,9,10],[9,10,11],[9,11,12],[0,3,4],[0,1,4],[1,2,4],[4,7,12],[4,9,12],[3,4,6],[6,8,9],[4,6,9],[3,6,8],[3,5,8]]
[[0,3,5],[2,4,7],[8,9,10],[9,10,11],[7,9,12],[9,11,12],[0,3,4],[0,1,4],[1,2,4],[3,8,10],[3,5,10],[3,4,6],[6,8,9],[4,6,9],[3,6,8],[4,7,9]]
[[0,3,5],[2,4,7],[6,7,8],[9,10,11],[7,9,12],[9,11,12],[3,6,7],[3,4,7],[0,3,4],[0,1,4],[1,2,4],[3,8,10],[3,5,10],[3,6,8],[7,9,10],[7,8,10]]
[[0,1,3],[0,3,5],[2,4,7],[4,6,7],[6,7,8],[7,8,9],[8,9,10],[9,10,11],[7,9,12],[9,11,12],[1,2,4],[1,4,6],[1,6,8],[3,5,10],[1,8,10],[1,3,10]]
[[0,1,3],[0,3,5],[2,4,7],[4,6,7],[6,7,8],[7,8,9],[7,9,12],[8,10,11],[8,11,12],[8,9,12],[1,2,4],[1,4,6],[3,8,10],[3,5,10],[1,3,6],[3,6,8]]
[[2,4,7],[6,7,8],[5,8,10],[9,10,11],[7,9,12],[9,11,12],[3,6,7],[3,4,7],[0,3,4],[0,1,4],[1,2,4],[0,3,8],[0,5,8],[3,6,8],[7,9,10],[7,8,10]]
[[0,1,3],[2,4,7],[4,6,7],[6,7,8],[5,8,10],[9,10,11],[7,9,12],[9,11,12],[1,2,4],[1,4,6],[1,6,8],[1,3,8],[0,3,8],[0,5,8],[7,9,10],[7,8,10]]
[[0,3,5],[2,4,7],[6,7,8],[5,8,10],[9,10,11],[7,9,12],[9,11,12],[3,6,7],[0,1,4],[1,2,4],[3,6,8],[7,9,10],[7,8,10],[3,5,8],[0,3,7],[0,4,7]]
[[0,1,3],[0,3,5],[2,4,7],[4,6,7],[6,7,8],[9,10,11],[7,9,12],[9,11,12],[1,2,4],[1,4,6],[1,6,8],[3,5,10],[7,9,10],[7,8,10],[1,8,10],[1,3,10]]
[[0,1,3],[0,3,5],[5,8,10],[8,9,10],[9,10,11],[7,9,12],[9,11,12],[5,8,9],[5,6,9],[3,5,6],[1,2,4],[2,7,9],[2,4,9],[1,4,9],[1,6,9],[1,3,6]]
[[2,4,7],[6,7,8],[5,8,10],[9,10,11],[7,9,12],[9,11,12],[3,6,7],[0,1,4],[1,2,4],[0,3,8],[0,5,8],[3,6,8],[7,9,10],[7,8,10],[0,3,7],[0,4,7]]
[[0,3,5],[2,4,7],[8,9,10],[9,10,11],[9,11,12],[0,3,4],[0,1,4],[1,2,4],[3,8,10],[3,5,10],[4,7,12],[4,9,12],[3,4,6],[6,8,9],[4,6,9],[3,6,8]]
